97  97  97  98  98  98  89  89  82  68  68  68  63  63  63  60  60  60  73  73  77  97  99  99  99  99  99 100 100  94
158 158 158 171 171 170 153 149 126 116 102 102 102 102  96  88  88  88 105 105 105 148 155 155 155 155 163 166 166 166
312 314 326 351 351 320 315 268 207 204 174 174 174 174 151 139 139 139 171 189 192 271 309 309 309 309 346 346 321 321
245 245 245 245 245 239 215 215 176 158 152 152 152 152 140 129 129 129 158 158 173 234 245 245 245 245 245 241 241 241
85  83  77  77  77  82  82  82  87  87  87 104 104 107 112 112 108  97  97  91  79  79  78  72  72  72  70  70  70  81
136 129 119 119 119 116 116 116 134 134 134 167 173 173 173 173 173 166 166 141 134 123 110 104 104 104 104 104 104 118
245 219 199 199 199 201 201 202 228 236 238 309 350 350 350 350 356 356 318 257 248 213 190 175 175 175 175 175 175 213
200 186 173 173 173 182 182 184 205 205 205 255 267 267 267 267 267 241 241 208 189 184 173 161 161 161 161 161 161 185
81 101 101 102 101 101 101  87  87  83  68  68  68  64  64  64  67  67  67  67  67  71  86  86  92 115 115 113 101 108
133 164 173 173 173 173 170 156 148 117 104 100 100 100 100  94  94  94  94  94  94 102 133 149 152 193 193 193 193 193
242 321 345 345 345 345 313 312 260 195 188 166 166 166 166 160 160 160 160 160 172 173 249 298 320 392 392 392 392 392
196 245 256 256 256 256 236 212 203 171 147 147 147 147 147 139 139 139 139 139 139 156 209 217 234 287 287 287 287 287
91  82  77  76  62  62  62  68  66  66  66  79  79  79  97 100 100 110 110 110  99  97  96  92  84  73  70  69  69  69
150 127 125 105  92  92  92  92  92  93  97 104 105 118 152 158 158 158 158 158 158 158 158 156 133 111 106  95  95  95
286 227 199 169 147 147 147 147 147 147 151 164 184 205 268 311 311 311 311 311 311 311 311 269 225 184 171 157 157 157
215 184 173 157 130 130 130 130 130 131 137 160 166 183 231 245 245 245 245 245 245 245 233 210 185 152 150 138 138 138
69 74 74 75 91 98 98 98 98 98 98 90 73 71 70 57 57 57 57 69 69 69 91 91 90 88 88 79 79 78
95 101 106 115 147 155 169 169 169 169 169 150 123 118 103  93  93  93  93  96 101 109 129 135 135 135 130 125 121 114
157 174 191 203 256 303 342 342 342 342 325 268 213 186 162 147 147 147 147 155 171 181 214 242 246 246 240 215 204 190
138 156 167 178 221 241 249 249 249 249 240 206 165 155 140 122 122 122 122 142 149 161 192 208 210 208 198 178 177 163
72 73 80 85 85 82 80 70 63 62 61 62 67 69 72 81 81 73 71 70 70 72 72 72 73 73 69 69 74 74
109 114 115 127 127 123 122 103  90  88  87  87  91 104 111 115 115 114 113 101 101 106 106 107 110 110 101 101 101 102
178 188 194 223 223 220 209 177 149 142 135 135 151 171 187 204 204 186 183 171 171 171 175 179 179 171 169 169 171 184
158 165 166 193 193 187 178 154 131 127 124 124 136 153 159 176 176 163 158 151 151 156 156 157 157 153 149 149 157 164
84 81 81 76 76 79 79 83 77 77 75 71 68 68 77 83 87 88 88 78 77 72 72 80 80 81 78 78 71 70
124 126 120 111 111 113 114 115 118 118 107 104  97  97 108 117 127 132 132 117 114 109 109 114 120 122 122 115 108 105
217 217 216 193 189 189 192 199 199 198 181 170 161 161 187 206 234 236 236 209 193 176 176 191 207 211 211 202 176 175
187 187 186 169 169 170 170 170 174 174 156 154 150 150 169 185 197 200 200 173 170 155 155 171 181 186 186 180 158 154
70 83 94 99 99 99 99 99 89 83 78 78 78 86 88 88 88 84 84 86 86 86 86 86 85 82 75 75 86 87
105 127 143 155 155 155 155 155 140 122 122 116 116 132 134 134 137 137 134 134 136 138 138 135 122 120 112 112 129 137
177 217 263 311 311 311 311 299 251 206 201 201 204 230 252 254 254 238 234 234 248 256 256 250 217 207 190 190 220 253
154 191 223 246 246 246 246 238 208 175 175 173 175 201 211 211 208 197 197 200 205 214 214 207 184 181 164 164 191 214
106 106  98  94  94  79  77  68  64  64  64  64  85  88  94  94  94  94  94  89  72  71  68  68  68  68  68  82  82  83
168 168 168 168 150 128 122 108  99  99  99  99 123 137 155 155 155 155 155 144 121 115 108 108 108 108 108 122 130 130
342 342 342 342 275 234 205 176 161 161 161 161 213 255 296 296 296 296 296 265 208 195 169 169 169 169 178 224 236 237
269 269 269 269 218 189 175 149 141 141 141 141 191 219 249 249 249 249 249 217 174 162 144 144 144 144 157 185 197 200
77  75  71  71  71  84  85  87  85  83  78  76  76  76  85  91  95 106 106 102  94  92  87  81  71  70  70  70  70  70
121 106 105 105 105 122 136 137 136 124 117 115 115 115 129 144 155 162 162 162 162 162 131 120 105  99  99  99  99  99
205 178 177 175 175 219 246 255 255 229 204 199 201 201 251 279 303 316 316 316 316 316 235 223 182 174 174 174 174 174
175 159 155 157 157 186 208 215 215 192 177 170 176 176 212 229 242 260 260 260 260 260 196 190 160 145 145 145 145 145
66 81 81 81 80 80 78 69 69 69 73 73 73 73 73 73 72 72 69 62 62 57 56 56 56 64 64 64 75 75
105 129 129 129 123 122 109 106 104 104 116 116 116 121 121 115 108 108  99  98  88  78  78  77  77  95 109 111 127 127
189 232 237 243 237 219 190 189 179 179 202 206 208 212 212 212 199 190 171 169 150 143 132 132 132 169 191 217 238 238
162 197 197 200 196 187 171 160 154 154 177 177 177 178 178 178 167 167 151 146 136 126 118 118 118 143 154 161 184 184
61 57 54 48 48 48 55 55 56 56 56 56 52 52 52 49 49 49 62 62 62 68 68 68 70 70 70 69 69 69
102  87  77  71  67  67  77  77  77  94  94  85  81  74  70  70  70  76  87  89 100 115 115 115 111 105 105 109 109 101
182 147 130 114 114 114 136 136 139 160 160 156 148 130 127 113 113 113 153 168 176 222 222 217 202 193 193 187 186 183
143 120 114 105 105 105 115 115 121 131 131 129 115 112 112 100 100 100 137 138 149 169 169 169 167 167 167 159 159 157
59 59 63 63 63 78 78 78 78 78 71 61 61 61 63 64 64 84 84 84 71 70 64 61 61 61 71 71 76 95
89  89  93 102 104 134 141 143 141 124 106 106  91  91 104 105 110 140 140 143 140 120 100  91  91  91 104 115 116 162
159 159 176 176 200 259 271 271 271 221 190 190 160 160 182 186 201 267 279 279 269 216 183 178 152 152 187 204 251 324
141 141 147 149 153 205 205 209 200 178 161 151 145 145 154 157 163 212 212 209 189 175 152 133 133 133 166 179 195 257
95 95 95 83 71 68 47 47 47 47 75 75 75 98 98 98 98 98 95 79 77 77 73 73 73 79 79 79 79 79
172 172 172 129 129 107  94  94  94  94 120 123 127 153 163 163 163 163 149 142 128 128 118 118 118 121 121 121 130 130
342 342 342 260 239 194 173 173 173 173 219 237 261 318 332 332 332 332 293 285 251 234 223 219 219 222 222 222 239 248
257 257 257 190 188 149 123 123 123 123 186 188 196 253 254 254 254 254 226 203 192 192 179 179 179 185 185 185 200 200
90  90  87  80  77  77  81  81  81  91  91  91  83  83  75  71  71  71  98  99 102 114 114 114  96  96  81  74  74  74
152 152 144 135 122 122 122 131 131 156 156 152 148 116 116 115 115 115 157 166 177 214 214 214 214 153 120 120 120 120
304 304 276 275 231 230 229 230 250 309 309 304 286 239 214 204 208 208 288 364 462 507 507 507 507 312 234 228 222 222
227 227 216 209 181 181 180 190 190 240 240 228 222 189 177 163 163 163 238 268 308 366 366 366 366 264 198 182 182 182
81  81 103 103 101  90  82  77  72  72  72  79  79  79  83  83  83  82  82  82  95 111 114 141 141 102 101  80  67  63
120 128 170 170 154 150 132 122 122 122 122 122 122 122 128 128 128 124 124 124 150 177 204 254 254 187 165 130 103 103
222 263 338 338 338 316 256 234 225 224 224 224 224 226 237 237 237 225 230 230 299 384 575 837 837 465 323 235 170 170
182 201 281 281 259 251 205 190 176 176 176 176 176 176 196 196 196 192 192 192 243 281 348 428 428 292 247 192 147 147
63 59 59 50 50 50 56 73 73 73 68 68 68 68 68 67 59 59 53 46 46 46 43 43 43 40 40 40 45 45
103 103  90  83  83  83  94 113 113 113 103 103 103 103 103 103  90  90  84  71  71  67  65  65  65  60  60  60  71  71
170 170 159 148 148 148 169 205 205 205 187 186 186 186 186 172 155 155 132 113 113 110  99  99  99 100 100 100 113 113
147 147 134 120 120 120 139 175 175 170 149 149 149 149 149 148 125 125 118  95  95  95  80  80  80  86  86  86  92  92
50 50 50 52 52 46 37 37 37 50 50 51 59 59 59 57 64 57 54 54 50 52 52 62 62 62 77 77 77 74
74  74  73  63  63  63  55  55  55  67  67  68  88  88  88  83  84  83  70  70  67  72  72  85  89  89 117 117 118 116
121 121 118  99  99  96  88  88  88 111 111 111 153 153 153 134 134 134 117 117 114 114 114 144 145 155 196 199 206 199
100 100 100  88  88  86  77  77  77  93  93  93 128 128 128 113 126 113 106 106 101 101 101 128 131 133 170 170 172 159
68 57 52 52 49 49 49 66 66 67 92 92 92 92 92 83 69 66 46 46 46 46 63 63 63 75 75 75 90 90
96  93  79  78  70  70  70  91  94  97 140 140 140 140 140 123 122  96  81  81  81  81  89  89  89 103 104 110 137 137
149 146 121 116 112 110 110 148 159 176 241 256 256 256 256 205 194 161 136 136 136 136 141 141 141 174 182 189 238 238
138 125 105 105  98  98  98 127 143 147 210 210 210 210 210 162 155 133 105 105 105 105 124 124 124 156 159 166 202 202
90 90 85 70 65 65 66 66 66 80 80 81 69 69 69 56 56 56 68 68 68 76 76 68 53 53 53 50 50 50
137 137 113 113  96  96  90  93  93 118 118 119 106 100  95  84  84  84 104 104 104 104 104  95  79  73  73  72  73  73
238 238 231 196 161 160 158 158 158 198 198 198 187 170 151 140 140 140 153 172 173 180 180 144 143 124 123 122 122 122
202 202 176 159 139 139 137 137 137 173 173 176 155 147 139 123 123 113 113 131 152 155 155 138 115 108 108 109 109 109
75 76 71 71 68 54 54 54 59 59 59 79 79 79 75 75 71 63 63 63 58 58 58 57 57 57 63 63 63 72
108 117 113 113  92  78  75  75  84  84  84 114 114 115 117 117 109  91  91  91  77  77  77  71  71  71  85  85  85 108
192 195 193 193 152 135 132 132 136 136 140 194 194 202 204 204 179 163 161 146 130 130 130 123 123 123 137 137 137 184
160 170 165 165 136 113 113 113 121 121 121 174 174 176 175 175 156 139 139 130 114 114 114 110 110 110 128 128 128 164
72 71 71 68 58 58 58 55 55 55 68 68 68 85 85 85 85 85 76 62 62 62 52 52 52 56 56 56 69 70
108 118 118 109  88  87  87  78  78  78 101 101 105 132 132 132 132 132 119  98  93  86  76  76  76  76  76  76  94  97
197 206 206 171 158 153 142 131 131 131 165 165 178 240 240 240 240 240 191 180 161 139 122 122 122 123 123 123 161 165
169 167 167 152 126 126 126 120 120 120 152 152 156 200 200 200 200 200 155 138 138 128 107 107 107 110 110 110 144 147
94  94  94  94  94  94  76  63  63  63  63  63  59  59  68  73  76 106 106 109 120 120 110 108  92  81  79  71  71  65
141 145 145 145 145 145 125  98  95  95  95  95  78  78  95 101 115 140 159 159 159 159 177 177 151 131 129 110  97  97
243 265 265 265 265 240 193 153 153 153 153 153 131 131 146 163 185 242 300 300 300 300 320 320 274 224 208 179 156 156
205 214 214 214 214 198 162 133 133 133 133 133 115 115 135 149 166 218 251 251 251 251 257 257 216 180 171 151 134 134
63 63 63 67 63 63 63 79 79 80 88 88 88 88 79 68 60 60 55 54 54 54 62 62 62 84 84 89 95 95
97  97  82  82  86  86  86 100 115 115 141 143 143 143 119 106  94  82  77  71  66  66  81  84  87 119 126 128 148 148
156 154 137 137 138 138 140 167 193 201 243 246 246 237 205 164 156 139 122 109 109 109 121 129 141 190 220 236 252 252
134 134 127 127 128 128 128 152 166 169 204 204 204 204 174 142 138 123 112 100 100 100 110 119 124 174 195 197 211 211
75 67 67 68 68 68 85 85 88 94 94 94 94 94 93 91 91 91 90 90 89 76 76 76 73 73 73 79 81 82
123 106  99  93  93  93 110 116 120 131 131 131 131 131 131 155 155 155 152 152 133 132 114 109 104 104 104 112 115 117
198 180 152 152 152 157 182 193 194 222 222 222 222 222 229 261 267 271 267 254 221 220 192 173 168 167 167 180 188 190
174 150 140 140 140 141 167 170 179 197 197 197 197 197 197 212 212 212 207 207 181 180 163 152 147 147 147 160 166 171
95  97  98  98  93  85  85  77  71  71  71  73  73  73  73  73  73  92  95  97 117 117 124 111 110 102  95  79  73  62
141 145 154 154 150 148 130 114 113 101 101 100 100 100 100 100 100 125 131 150 185 201 201 201 201 167 143 112  95  95
242 244 281 281 259 252 223 191 189 167 162 162 165 165 165 165 165 207 240 270 353 390 390 390 390 292 245 197 152 152
209 215 233 233 208 206 185 162 158 151 145 142 142 142 142 142 145 190 206 231 289 309 309 309 309 232 213 166 137 137
62  63  63  63  75  80  82 100 101 106 101 101  95  92  78  65  65  65  62  58  58  58  72  79  84 113 113 113 110 110
95  95  83  83  99 110 111 145 155 155 155 155 140 135 114  95  95  95  95  95  80  80 101 112 120 155 164 164 164 164
152 152 141 141 163 188 192 250 289 289 289 289 263 236 195 152 152 152 152 152 142 142 162 187 204 288 317 317 317 317
137 137 126 126 148 162 172 230 251 251 251 251 215 202 167 129 129 129 129 129 118 118 152 171 186 252 272 272 272 272
87  72  64  61  61  61  68  68  68  95 100 100 109 109 109  96  95  85  84  73  52  52  52  52  72  72  72  97  99  99
132 106  88  88  88  88  91  91  91 128 147 147 147 147 147 147 147 127 126 109  83  83  83  83 100 108 110 145 148 148
223 188 141 141 141 141 155 160 164 226 263 263 263 263 263 263 263 235 220 187 145 145 145 145 174 192 196 263 274 274
184 158 109 109 109 109 142 142 144 199 233 233 233 233 233 233 233 189 186 156 121 121 121 121 154 157 160 217 235 235
99  80  73  73  66  66  66  70  88  93  95 106 106 101  95  95  80  74  74  74  71  71  71  93  94 100 101 101  94  84
148 117 117 105  98  98  99 109 134 147 160 162 162 162 162 162 117 116 109 109 113 115 116 155 166 169 179 179 179 179
274 206 200 173 165 165 165 167 235 274 302 308 308 308 308 308 210 196 174 174 186 205 211 276 322 323 326 326 326 326
235 176 167 150 143 143 143 144 200 233 236 250 250 250 250 250 167 162 155 155 157 163 165 224 249 255 255 255 255 255
69  69  69  69  69  69  69  73  73  73  98 105 105 115 115 115 104 104  83  75  73  66  64  64  62  62  62  62  62  62
106 100  96  96  96  96  96  99 105 111 151 177 177 177 177 177 184 184 133 132 113 113 113 113  89  89  89  89  89  88
171 169 154 154 154 154 154 167 191 201 280 341 341 341 341 341 344 344 254 229 185 185 185 185 143 143 143 143 143 142
145 133 132 132 132 132 132 150 160 170 236 275 275 275 275 275 275 263 189 183 155 155 155 155 126 126 126 126 126 126
83  83  84 103 103 100 100 100  89  85  85  76  68  68  68  68  68  68  86  86  86  99  99  92  84  84  76  68  68  68
106 119 124 162 166 166 166 166 166 145 136 110 104 104 104 104 104 104 119 124 132 159 159 153 141 141 116 103 103 103
183 209 226 304 317 317 317 317 317 259 214 180 175 170 170 170 170 170 208 229 232 291 291 273 268 239 199 185 179 179
162 187 188 255 260 260 260 260 260 208 184 155 147 147 147 147 147 147 176 180 196 234 234 222 203 194 162 147 147 147
68  68  68  68  72  86  86  91 105 105 103 103 103  86  80  80  75  75  75  73  73  73  82  91  91  86  82  82  82  82
103  98  98  98 100 118 127 133 158 158 158 158 158 139 133 127 114 114 114 114 114 114 122 138 138 126 124 124 124 126
179 174 174 174 175 215 244 251 306 306 306 306 306 256 242 227 204 204 204 204 204 204 212 242 242 220 207 207 207 218
147 147 147 147 156 186 198 205 256 256 256 256 256 208 190 190 171 171 171 171 171 171 180 206 206 189 181 181 181 186
82 93 93 93 86 86 85 81 81 81 77 77 77 73 73 73 86 86 86 91 91 88 75 75 75 72 72 72 72 72
133 152 152 138 129 129 128 125 125 125 119 119 114 114 114 117 138 138 149 160 160 139 132 120 109 105 105 105 109 109
231 270 270 239 226 226 213 208 208 208 203 203 203 202 202 202 245 250 264 286 286 240 227 207 184 171 171 171 182 182
191 215 215 199 182 182 182 178 178 178 174 174 170 170 170 171 198 198 208 221 221 194 173 173 161 146 146 146 156 156
91 91 92 88 88 79 70 70 70 69 69 69 90 93 98 98 94 89 82 82 84 84 84 83 83 83 80 80 80 85
130 130 147 152 152 119 106 105 105 104 104 104 135 147 147 147 141 141 137 137 129 129 129 124 121 121 114 114 114 125
234 244 256 262 262 212 197 180 178 178 178 182 235 254 268 268 248 247 238 235 227 227 218 217 208 202 194 194 194 206
197 197 211 209 209 175 149 149 149 149 149 149 200 213 225 225 206 204 190 190 186 186 186 179 177 172 165 165 165 177
86 95 95 97 94 92 84 78 72 72 66 66 66 66 66 68 81 83 84 93 93 93 93 93 91 88 75 72 69 67
132 154 157 160 160 150 136 127 110 109  97  93  93  93  93  98 117 117 124 146 149 149 149 149 149 148 123 112 111  99
218 264 286 287 286 255 234 211 188 174 165 162 162 162 162 169 195 208 223 255 267 267 267 267 266 253 218 191 179 167
188 222 222 224 222 215 185 179 162 147 141 141 141 141 141 150 177 182 188 221 223 223 223 223 211 207 179 158 156 147
67  67  67  83  83  93 106 106 106 101 100  86  80  70  70  72  72  60  60  78  80 100 105 109 113 113 104 102  89  83
97  97  97 119 127 142 170 175 175 175 175 140 127 107 102 102 102 102 102 114 125 158 175 175 175 175 156 154 136 125
165 165 165 199 220 260 311 317 317 317 317 248 217 189 164 164 164 164 164 196 215 281 311 311 311 311 305 271 239 215
141 141 141 174 187 217 262 265 265 265 265 198 182 156 142 142 142 142 142 168 186 238 256 256 256 256 236 231 199 184
79  79  91  95  99 108 108  93  90  74  70  65  65  60  60  60  62  66  66  66  82  86  90  90  88  88  88  80  76  75
124 124 144 158 171 179 179 151 140 114  97  97  97  97  97  87  87  93  95 108 126 135 140 147 147 147 147 132 121 119
215 220 252 281 309 328 328 272 236 194 160 160 160 160 160 143 143 165 167 180 218 236 260 260 260 260 260 233 208 198
176 176 206 229 247 265 265 227 198 166 137 137 137 137 137 131 131 147 149 150 193 194 212 214 214 214 214 187 174 167
70 68 71 71 80 80 81 85 85 85 85 85 79 76 68 60 58 56 56 45 45 45 49 49 49 52 52 52 54 54
104 104 104 104 120 121 124 138 138 138 138 138 132 129 110 100  99  85  83  79  76  76  80  82  82  87  89  91  95  98
175 172 175 175 207 213 222 247 247 247 247 247 224 218 190 161 160 145 138 130 130 130 124 126 126 139 139 139 149 149
149 150 151 151 176 180 188 203 203 203 203 203 183 178 156 137 131 120 118 104 104 104 102 103 103 109 112 112 123 123
56  56  56  63  63  63  67  67  68  83  84  85  85  85  85  97  97  96  88  88  88  95  99  99 108 108 108 109 109 109
98  95  95  93  93  93 103 103 106 130 130 139 139 139 139 151 151 138 131 128 128 134 136 142 150 150 150 150 150 153
149 150 161 150 149 149 171 172 182 226 237 250 250 250 250 268 268 241 234 213 213 225 229 243 264 264 264 264 264 276
136 136 136 126 126 126 145 152 159 186 199 202 202 202 202 216 216 198 193 184 184 197 200 202 229 229 229 229 229 229
104 104  93  93  93  99  99  99 106 109 110 137 147 156 156 154 130 118 102 100  97 100 107 121 121 119 115 104 103 102
164 161 155 148 147 140 140 140 142 148 153 186 208 228 228 225 191 171 149 149 151 151 151 170 170 160 157 145 145 146
293 278 275 261 247 237 231 231 236 243 261 324 382 441 441 429 347 299 261 259 259 264 274 303 303 277 266 241 241 244
240 234 220 217 207 198 198 198 214 214 223 290 329 372 372 353 283 252 217 217 217 222 231 263 263 239 238 212 208 208
102 124 124 115 108 100  94  87  88  88 112 121 130 130 124 105 103  92  92  97 103 105 130 130 119 114 102  97  90  90
154 181 181 166 164 148 130 129 129 129 164 176 182 182 176 147 145 135 135 149 159 163 193 193 169 167 138 129 125 125
272 324 324 296 292 248 219 217 219 226 283 311 324 324 298 251 247 227 227 250 269 295 343 343 301 279 237 213 207 208
229 272 272 248 246 208 192 183 186 186 240 268 276 276 258 216 209 190 190 210 225 237 284 284 249 243 207 182 179 179
110 120 122 138 138 133 122 111 111 100 100 100 132 135 139 139 132 111 110  91  91 101 105 120 168 168 163 153 118 104
151 167 179 205 205 184 183 166 150 140 140 140 165 174 184 184 184 152 150 139 134 134 144 166 221 221 221 197 159 135
254 296 319 362 362 332 315 274 245 239 227 227 273 308 315 315 313 269 252 219 219 236 256 287 381 381 379 342 273 223
222 251 267 303 303 271 270 233 220 204 204 204 245 257 275 278 278 227 218 191 191 205 220 248 339 339 332 301 229 191
92  92 121 154 193 210 210 148 124  96  95  84  87  87 105 107 107 107 100  98  90  80  80  78  78  78 101 101 101  91
130 130 166 198 267 280 280 204 170 136 125 121 124 124 144 150 154 154 149 138 130 123 119 114 119 120 151 151 143 140
217 217 288 369 475 492 492 349 293 232 217 199 208 208 257 263 271 271 265 238 233 206 206 206 212 212 271 271 256 252
183 183 247 307 422 436 436 297 246 198 180 176 180 180 220 226 227 227 224 205 196 177 177 179 179 182 232 232 214 210
67 55 53 53 49 49 49 57 57 57 83 83 85 76 76 75 60 56 56 50 50 50 60 60 60 84 84 84 79 79
88  88  88  88  88  73  73  83  83  85 112 112 119 111 111 103  91  89  85  79  79  79  89  89  95 121 121 133 115 115
157 157 157 157 157 118 118 138 138 138 201 201 206 207 207 182 161 149 148 129 129 129 155 155 156 212 219 227 219 213
128 128 128 128 128 101 101 121 121 122 174 174 178 178 178 156 130 126 126 110 110 110 131 131 132 189 189 197 177 177
55 55 55 62 62 62 87 87 81 68 58 58 55 55 55 67 67 67 77 77 70 59 59 59 55 55 55 79 79 80
84  81  81  87  93  93 123 123 113 108  80  80  80  80  80 106 106 109 115 115 100  84  84  84  76  76  76 116 120 129
169 146 146 162 165 165 223 223 208 196 160 158 137 137 137 190 190 194 211 211 178 153 146 146 146 146 146 222 240 244
127 124 124 132 139 139 189 189 175 161 139 132 119 119 119 160 160 164 182 182 147 121 120 120 121 121 121 186 186 196
76 65 52 49 49 50 50 50 70 70 71 95 95 95 95 95 73 58 67 59 59 59 67 67 67 85 85 85 92 92
122  92  81  72  72  68  68  68  97 104 119 155 155 155 155 155 109  97 102  89  87  87  94  99 100 119 123 125 140 140
220 160 153 126 126 119 119 119 176 197 215 306 309 309 309 309 199 196 167 154 152 152 161 167 167 194 212 219 255 263
185 137 119 108 108  98  98  98 156 164 170 244 244 244 244 244 161 148 143 130 130 130 143 143 143 176 182 184 221 221
92  92  88  82  82  81  75  75  75  92  92  95 105 105 104  94  94  93  74  74  74  64  64  64  64  64  64  79  79  79
140 140 135 134 120 120 112 112 112 128 132 133 146 146 146 146 146 131 129 114 109 102 102 102 102 102 102 110 110 110
263 263 235 234 205 199 199 199 204 217 237 240 265 275 275 275 275 236 233 200 182 174 174 174 174 174 174 192 192 200
221 221 204 200 175 166 166 166 177 187 199 202 235 235 235 235 235 195 179 169 154 146 146 146 146 146 146 167 167 167
90  90  90  90  83  72  72  72  72  72  72  90  90  90  95  95  95 102 102 102 107 107 108 104 104 101  92  92  92  85
133 133 133 133 128 110 110 110 106 106 106 128 128 128 135 135 135 137 137 137 137 137 140 166 166 146 127 127 127 122
249 249 249 249 225 212 199 193 192 192 192 217 217 217 226 226 226 256 268 268 268 268 284 306 306 260 247 224 215 194
211 211 211 211 187 163 163 163 159 159 159 190 190 190 200 200 200 221 228 228 228 228 228 250 250 217 193 193 183 174
85 104 104 112 118 118 105  95  95  95  94  94  94  90  90  90  87  87  87  90  90  90 105 105 102  89  89  87  60  60
122 147 149 157 171 171 161 142 142 142 141 141 137 129 129 129 122 122 122 139 142 145 168 168 158 145 131 114 103 103
194 254 271 278 314 314 292 279 279 272 257 257 256 239 239 227 215 215 215 255 273 275 330 330 281 276 235 205 186 186
174 226 237 259 276 276 244 221 221 221 212 212 212 197 197 193 193 193 196 210 210 229 265 265 230 207 195 175 155 155
76  76  76  93  93  93 119 119 119 102 102  90  77  77  77  79  79  79 104 104 112 123 123  99  88  88  82  74  74  74
103 103 103 133 136 141 177 177 186 167 162 140 127 120 120 122 122 122 155 155 164 184 184 159 142 136 124 112 112 112
186 186 186 232 254 258 349 374 380 374 326 248 243 218 216 212 212 212 270 305 319 386 386 300 299 270 209 197 197 197
155 155 155 206 209 221 293 293 297 271 253 205 188 181 181 185 185 187 236 264 269 308 308 247 222 201 181 165 165 165
81  82  94  94  94 108 108  97  94  94  91  90  90  90  98  98  98 101 101 101 118 118 114  99  99  96  85  85  85  97
112 112 134 134 139 155 155 147 142 142 140 134 134 134 144 144 145 150 150 150 182 182 172 160 151 136 128 128 128 144
197 197 237 238 255 301 301 272 246 243 243 249 249 252 261 261 261 281 281 290 353 353 335 324 290 245 226 226 226 254
165 165 207 207 215 267 267 228 206 206 206 209 209 209 228 228 228 238 238 243 292 292 272 239 237 207 190 190 190 218
104 112 112 103  93  93  93  94  94  98 115 115 108  95 100  95  92  92 101 102 102 102  98  97  94  95  95 112 114 117
147 166 166 146 134 134 134 144 144 144 169 169 154 138 143 142 142 142 153 153 157 149 146 143 139 140 140 161 170 173
277 325 325 272 263 251 247 247 247 262 316 316 283 264 256 253 249 249 279 281 281 277 263 258 250 252 252 293 333 353
231 265 265 230 210 205 205 207 207 217 267 267 241 216 216 209 206 206 234 234 238 234 205 205 213 217 217 262 279 292
102 101  92  87  87  86  88  88 102 102 103 125 125 122 121 105  94  92  83  83  79  79  79  84  91  96 104 104 106 102
174 148 146 130 130 125 125 125 140 143 151 180 188 188 186 167 143 140 123 122 111 110 110 124 127 133 157 157 160 155
329 277 253 236 226 221 224 224 245 261 286 339 372 372 372 323 273 247 218 206 196 192 192 212 225 249 285 306 306 299
269 228 222 196 196 189 191 191 216 225 243 289 301 301 295 263 216 204 189 176 166 165 165 187 194 211 247 252 252 252
88  83  82  80  80  83  86  99  99 100  89  89  89  88  90  90  90  90  90  86  86  86  91  94  96 114 114 105 102  93
125 124 116 116 116 120 125 139 139 139 138 127 127 128 129 136 136 129 126 122 119 119 127 129 135 158 158 152 151 130
234 216 204 201 201 210 220 254 254 255 247 242 242 242 244 245 244 243 225 217 215 215 225 242 258 305 305 289 277 243
189 188 173 173 176 183 191 219 219 220 212 209 209 210 210 210 202 202 194 183 182 182 199 202 222 264 264 251 239 201
78  75  75  79  79  79  92 105 112 121 121 100  96  84  77  77  81  86  99  99  94  89  86  83  83  83  84  96  97 100
110 108 107 107 107 116 133 150 155 172 172 154 141 118 118 121 123 124 145 145 138 129 119 119 119 120 129 147 149 149
198 189 182 182 182 200 235 268 302 326 326 271 258 242 212 212 222 227 269 269 245 242 229 212 212 225 227 281 288 288
165 157 145 145 145 166 204 234 262 281 281 238 218 186 178 178 187 198 231 231 211 210 189 184 184 185 197 231 233 233
88  77  76  74  74  79  80  80  91  91  91  84  81  74  72  72  72  74  74  74  86  95 101 101  96  88  82  82  69  69
127 116 114 108 103 103 103 117 133 137 137 132 117 105 105 105 105 105 106 109 131 145 147 152 152 152 134 124 105 103
244 210 204 192 185 185 185 217 242 242 233 232 201 183 183 183 183 183 184 195 247 276 279 279 279 279 240 206 183 181
200 172 167 166 156 156 156 173 208 208 204 197 171 158 158 158 158 158 158 165 205 225 234 237 237 237 197 177 160 152
71  82  90  91 100 100  97  92  81  77  68  68  68  87  92  93  97  97  78  78  65  65  66  66  66  66  74  76  90  93
102 119 135 144 145 145 145 145 126 111 107 111 114 128 139 150 150 137 122 113 101  95  95  95  95  95 110 117 134 135
181 218 236 264 287 287 287 268 227 197 188 192 192 232 252 283 283 266 220 199 177 169 169 169 169 169 192 209 250 250
152 183 204 220 242 242 242 218 187 165 165 158 158 192 215 236 236 224 176 175 145 138 138 138 138 138 162 180 212 216
93 93 71 67 63 47 47 47 47 60 64 65 82 84 87 84 74 64 60 56 56 70 70 75 94 94 94 94 94 78
135 135 108 103  95  80  80  80  80  90  93  95 121 122 127 122 113  92  86  83  83  98 103 115 139 139 139 139 139 115
250 250 190 179 156 136 136 136 136 160 161 173 222 227 228 227 196 165 161 158 158 178 194 214 261 261 261 261 261 208
216 216 155 152 128 106 106 106 106 129 139 145 192 193 193 189 170 139 128 125 125 151 165 173 227 235 235 235 235 167
63 52 52 52 52 67 69 70 90 94 94 94 94 94 93 82 75 72 58 56 56 56 56 71 71 71 93 93 93 93
95  79  79  79  79  97  97  97 131 139 139 139 139 148 148 127 114 108  94  91  91  91  91 101 105 107 134 134 134 134
168 149 149 149 149 167 174 185 249 280 280 280 280 299 299 247 206 193 167 156 156 156 156 179 179 188 238 242 242 242
135 118 118 118 118 141 146 152 208 236 236 236 236 242 242 201 166 165 144 121 121 121 121 150 154 163 212 214 214 214
89  86  74  74  69  70  70  87  87  91  98  98  98  94  88  83  80  70  70  71  71  71  94  99 103 119 119 117 108 103
125 120 110 107 103 103 103 126 127 128 137 137 137 136 134 121 116 108 108 103 103 103 135 145 152 175 175 175 175 161
227 223 202 191 187 187 187 224 226 232 249 252 252 252 251 214 212 192 183 183 183 185 232 252 280 329 329 329 329 288
185 184 164 158 152 156 156 190 194 198 216 216 216 212 203 180 175 157 154 153 153 153 199 220 236 286 286 286 286 245
83  80  80  90  90  94 125 125 129 117 114 100  93  93  93 100 104 107 121 121 121 112 112 112 106 106 106 105 105 105
127 122 122 128 129 130 173 173 177 173 165 142 138 131 131 148 149 153 175 175 167 160 160 159 151 151 151 147 144 144
239 221 221 234 241 247 316 327 337 327 304 262 256 248 248 264 269 276 320 320 319 301 293 293 288 288 288 269 269 269
191 181 181 201 210 210 283 283 302 277 267 225 210 209 209 237 237 246 288 288 284 260 259 259 249 249 249 247 247 247
104 104 102 102 102  94  94  94  95  95  95  93  93  93  92  92  92  79  79  79  87  87  87  94  94  94  79  79  78  67
155 155 152 152 152 144 144 141 141 141 143 135 135 135 126 126 126 121 121 121 134 134 134 136 136 130 114 114 114 103
289 289 277 277 277 265 265 265 254 254 254 252 252 249 233 229 229 220 220 220 244 244 246 255 255 232 225 196 196 178
246 246 249 249 245 226 226 226 222 222 222 217 217 217 205 205 201 191 191 191 208 208 208 218 218 201 182 169 169 156
67  75  75  75  91  97  99 110 110 106  98  95  92  78  73  73  70  70  70  94  94  94 120 120 122 127 127 118 113 100
103 103 103 106 135 151 151 171 171 171 171 171 126 126 116 108 108 108 108 124 135 142 164 181 181 181 181 172 168 144
178 178 178 200 254 285 307 335 335 335 335 335 241 240 200 200 183 183 183 230 232 253 321 347 347 347 347 341 329 279
156 156 156 162 221 242 251 281 281 281 281 281 204 199 169 165 157 157 157 198 211 219 288 308 308 308 308 284 280 242
86  86  86  90  91  91 115 115 115 126 126 116 109 102  98  81  81  81  89  89  89 121 123 129 130 130 109  97  92  92
122 122 122 132 133 137 162 165 166 197 197 173 172 148 135 121 121 121 128 128 133 170 184 191 191 189 158 154 141 141
238 213 213 228 229 238 291 317 348 414 414 359 334 277 238 224 218 218 226 230 232 310 356 397 397 387 318 308 269 260
191 184 184 203 203 205 270 293 305 358 358 298 287 240 211 186 186 186 196 196 204 282 318 334 334 321 256 255 229 229
97  97 115 115 115 136 136 136 129 129 114 106 101 101  97  97  97 108 108 111 130 130 124 108 108 104  92  92  92  98
139 139 157 157 157 180 187 190 191 191 162 153 140 140 137 137 137 151 151 160 192 192 190 168 166 154 140 140 140 141
260 261 289 289 289 348 375 395 396 396 328 316 269 256 252 252 252 276 294 296 370 371 377 371 332 286 266 259 259 255
220 220 262 262 262 320 335 335 335 331 270 260 227 227 216 216 216 248 248 253 339 339 308 285 262 239 218 218 218 222
98 105 105 109 117 117 100  90  90  73  58  58  58  49  63  64  64  64  64  45  45  47  47  47  56  56  56  59  59  59
141 153 153 154 170 170 164 149 149 118 118 118 118 118  94  94  94  94  94  74  74  79  79  79  95  95  95  97  97  97
255 278 278 281 335 335 332 317 290 215 215 215 215 215 168 168 168 168 168 150 150 157 157 157 188 188 188 189 189 189
222 246 246 246 287 287 272 244 222 170 170 170 170 170 133 133 133 133 133 116 116 117 117 117 147 147 147 147 147 147
63  63  71  71  71  78  81  81  91  91  91  91  91  91  85  82  82  81  81  81  87  87  87  86  86  86  93  97  97 106
95  95 104 104 104 119 120 123 148 148 148 148 148 148 148 140 140 126 125 125 127 127 127 132 132 132 145 146 153 177
172 172 187 189 189 221 229 233 284 291 291 291 291 292 292 272 260 251 239 239 245 245 245 237 237 237 278 283 309 371
141 141 163 163 165 191 191 191 231 231 231 231 231 231 213 207 207 193 193 193 200 200 200 197 197 197 231 234 241 280
106 106 106 106  97  97  95  83  75  75  73  73  73  75  76  76  98 100 101 117 117 117 114 113  96  93  80  80  76  76
177 177 177 177 172 155 136 125 114  99  99  99  99 119 119 119 148 150 163 163 163 163 188 188 155 151 132 127 120 120
378 378 378 361 353 299 244 244 206 185 185 185 185 213 215 215 277 312 351 351 351 351 398 398 315 291 244 231 222 222
280 280 280 275 256 236 206 191 172 149 149 149 149 177 177 177 234 254 272 272 272 272 293 293 236 231 196 190 185 185
94  98 101 113 113 113 104 104 101  96  84  84  79  79  79  87  87  87 105 105 105  96  96  96  81  80  80  80  80  80
144 149 152 173 179 179 182 182 174 166 142 135 129 120 120 130 134 134 164 165 165 165 157 143 136 122 122 120 122 122
273 297 307 371 386 393 393 378 349 335 282 259 249 243 243 255 256 272 339 363 363 363 323 272 271 240 240 237 242 242
236 249 249 295 295 295 290 290 263 256 222 213 194 186 186 215 215 216 276 276 283 263 252 225 201 187 187 194 194 194
101 101 106 106  98  87  83  83  76  76  76  91  91  91 122 122 120 108 105  94  82  81  81  76  76  76  96  96  96 112
172 175 192 192 158 157 135 135 125 125 125 146 148 148 191 199 204 204 181 150 145 131 130 125 125 125 154 156 161 199
347 395 395 393 325 311 271 255 239 239 239 284 290 315 395 448 463 463 394 309 298 256 252 240 240 240 296 306 356 442
283 283 288 288 246 231 201 201 194 194 194 236 237 239 311 315 325 315 278 234 223 197 197 192 192 192 241 246 256 326
110 102  91  88  73  73  73  69  69  69  83  83  83  90  90  90  75  75  75  69  69  69  65  65  65  86  86  86 105 105
188 182 156 133 130 120 120 120 120 120 130 130 130 159 159 159 148 148 134 118 114 114 113 113 113 143 143 146 175 175
429 395 323 277 271 227 227 227 227 227 257 260 262 331 331 331 314 296 256 239 219 219 210 210 210 274 291 313 386 386
294 290 246 208 193 186 186 186 186 186 204 204 204 256 256 256 218 218 203 172 172 172 165 165 165 224 227 232 284 284
92 92 92 81 81 81 73 73 73 75 75 75 87 87 87 80 80 80 72 72 72 75 75 75 83 83 83 73 90 80
175 175 154 138 138 133 124 124 124 120 120 120 149 149 149 154 154 148 126 126 126 128 128 128 141 141 141 131 141 135
386 386 316 295 274 260 238 238 238 238 238 238 287 287 299 299 299 276 248 248 248 243 243 243 286 286 286 255 265 259
284 284 246 208 208 208 184 184 184 195 195 195 221 221 221 223 223 212 195 195 195 187 187 187 218 218 218 199 199 198
80  75  75  75  76  76  76  89  89  89  98  98  86  79  75  75  70  70  70  93 102 108 120 120 119 114 105  93  88  88
134 126 126 122 121 121 121 138 146 147 161 161 143 140 125 120 117 117 117 147 166 177 177 177 177 178 178 159 146 146
255 236 236 236 231 231 231 267 289 299 322 322 276 265 232 218 218 220 222 284 334 377 377 377 377 377 364 299 295 278
194 186 186 185 184 184 184 210 230 230 245 245 209 208 179 173 173 173 176 229 261 283 283 283 283 283 270 230 220 220
101 101 101  99  99  91  91  91  92 111 113 121 113 101  87  81  79  79  82  88  95 108 108  83  82  68  56  52  52  52
161 161 165 155 155 143 143 143 146 180 188 188 188 173 132 132 124 124 127 135 146 165 165 137 129 109  88  88  88  88
318 318 333 313 313 287 287 287 292 372 415 415 409 340 260 234 216 234 244 271 287 328 328 270 244 205 162 162 162 162
250 250 260 246 245 231 229 229 229 281 307 307 306 259 200 198 186 186 197 225 226 260 260 206 185 150 114 114 114 114
56  56  72  77  89 117 117 106 105 105  84  81  67  56  50  50  37  37  37  46  48  49  55  74  92  96  96  96  96  96
82  82 106 124 143 180 180 180 180 180 140 136 110  83  83  83  83  83  75  75  78  80  83 116 137 150 150 150 150 150
161 161 209 250 296 376 376 376 376 376 292 255 210 157 157 157 157 157 146 146 156 157 163 223 266 311 311 311 311 311
127 129 169 198 230 299 299 299 299 299 216 202 162 114 114 114 114 114 112 112 118 125 127 177 212 241 241 241 241 241
71  71  71  71  71  57  57  73  83  84 106 106 106  98  98  98  85  82  82  77  77  77  89  89  96  96  96  92  86  86
106 106 106 106 106  93  93 109 124 125 158 158 158 158 158 152 148 133 129 121 121 121 141 141 142 151 151 151 136 136
202 202 202 202 202 181 181 207 241 253 327 327 327 327 327 303 300 270 246 244 244 244 267 267 271 290 290 291 276 276
154 154 154 154 154 142 142 170 190 200 270 270 270 270 270 239 231 204 195 191 191 191 213 213 225 234 234 229 208 208
80  80  85  96  96 100  89  89  89  77  77  77  80  80  84  99  99  82  77  74  61  61  61  61  61  61  72  94 105 105
133 133 134 148 148 148 155 155 134 127 120 120 124 124 132 155 155 129 127 122  97  97  97  97  97 102 104 143 156 156
254 254 254 293 293 294 308 308 281 253 236 236 239 255 256 309 309 248 247 209 190 190 190 190 190 211 214 288 326 326
201 201 202 228 228 241 251 251 212 190 187 187 196 196 198 236 236 190 185 168 145 145 145 145 145 155 170 233 260 260
106  91  85  82  67  55  55  55  59  59  44  44  44  60  91  91  88  83  83  79  79  79  81  85  85  77  69  69  69  75
156 156 153 128  99  99  99  99  99  99  82  82  82 100 141 141 130 119 119 119 122 122 125 128 128 118 106 106 106 113
326 326 280 255 194 194 194 194 194 193 169 169 169 202 268 268 249 237 236 235 235 235 243 255 255 221 214 214 214 221
260 260 225 186 151 151 151 151 151 151 120 120 120 157 219 219 206 182 182 178 178 178 192 202 202 176 164 164 164 174
83  92  92  85  80  80  80  82  82  84  94  94  86  83  83  83  92  92 100 101 101  93  83  83  74  71  71  71  94  94
128 142 142 127 121 121 121 126 126 126 139 139 132 126 126 126 144 144 159 162 162 162 162 131 115 113 113 113 136 143
241 284 284 246 236 236 236 242 242 251 278 278 250 239 239 239 270 299 319 319 319 319 319 252 216 211 211 211 258 281
199 224 224 193 187 187 187 193 193 203 223 223 201 188 188 188 221 231 252 258 258 258 258 198 174 172 172 172 210 220
105 105  94  92  92  84  83  83  83 107 107 117 121 121 103  96  96  89  86  86  86 122 122 119 114  95  65  61  61  61
159 159 159 159 137 124 124 124 126 154 167 167 167 167 148 145 135 127 127 127 131 183 183 177 169 136  97  97  97  97
314 314 314 314 266 241 238 238 238 305 338 338 338 338 295 293 255 247 247 255 257 378 388 388 345 268 190 190 190 190
257 257 257 257 213 193 193 193 195 253 286 286 286 286 241 232 212 200 200 200 208 313 313 311 279 211 146 146 146 146
61  62  77  92  92  92  92  92 140 140 135 117 106 101  78  68  67  58  58  68  68  68  74  79  82  82  82  82  82  82
91  91 110 134 141 141 141 141 217 217 217 217 217 153 119 107  99  99  99  99  99  99 112 112 120 127 127 127 127 127
175 175 224 263 294 294 294 294 469 469 469 469 469 288 228 188 188 188 188 188 188 188 208 219 231 247 247 247 247 247
133 133 176 217 233 233 233 233 376 376 376 376 376 224 182 149 148 148 148 148 148 150 167 178 192 207 207 207 207 207
77 68 68 64 68 68 77 81 86 86 76 69 69 52 51 51 51 51 62 62 68 83 85 88 88 88 88 85 71 71
118 107 107 101 107 107 122 122 123 121 119 109 106  81  81  81  81  81  92 100 104 121 128 133 133 133 133 133 115 107
228 201 201 200 203 205 232 237 249 249 235 211 209 160 159 159 159 159 184 185 202 236 252 265 265 265 265 265 224 204
180 155 155 150 160 164 185 186 200 200 183 161 159 131 116 116 116 116 144 145 154 196 197 212 212 212 212 202 169 156
64 62 62 62 63 71 74 74 86 86 86 85 82 78 77 62 62 59 59 59 59 59 66 79 81 87 92 92 92 92
98  92  92  92  93 108 111 114 132 134 139 139 133 121 115  97  97  97  97  97  97  97  97 116 126 128 139 139 139 139
185 178 178 178 186 207 211 214 248 260 270 270 256 228 219 191 183 178 178 178 178 178 190 225 236 257 277 277 277 277
141 141 141 141 142 161 166 172 204 213 213 213 201 180 174 144 144 133 129 129 129 129 147 183 193 206 216 216 216 216
67 67 67 67 67 67 67 78 80 80 80 75 69 68 62 62 67 75 78 85 85 80 79 67 56 56 56 56 60 62
112 102 101 101 101 101 108 122 122 122 122 115 106 103  97  97 112 118 126 133 133 129 124  97  94  94  94  94  94  94
207 205 192 192 192 192 207 231 235 237 237 227 204 203 189 189 213 222 249 266 266 248 231 190 180 180 180 180 185 189
158 154 149 149 149 149 159 187 190 192 190 173 156 152 145 145 165 166 193 207 207 192 176 145 135 135 135 135 138 144
88  97  97  97  97  97  92  71  64  64  51  51  51  51  62  75  80  90 101 101  92  89  75  66  66  66  66  66  52  52
135 141 141 141 141 141 140 117  98  96  82  82  82  82  93 117 121 142 151 151 151 151 117 105 105 105 105 105  84  84
278 294 294 294 294 294 272 217 192 183 163 163 163 163 192 227 241 281 296 296 296 296 224 193 193 193 193 193 165 165
204 233 233 233 233 233 214 171 145 141 129 129 129 129 149 177 196 226 244 244 244 244 177 152 148 148 148 148 127 127
66 70 88 93 93 93 93 79 79 64 64 60 60 60 60 60 65 77 81 81 92 92 92 91 70 70 65 64 56 56
103 118 143 143 143 143 143 136 128 106 101  92  91  91  91  91 101 120 124 142 164 164 158 153 130 111 109  96  93  93
200 239 302 302 302 302 302 262 249 206 191 186 183 183 183 183 194 233 245 278 335 335 323 297 254 217 212 193 175 175
159 184 227 237 237 237 237 200 190 153 153 146 129 129 129 129 141 182 193 218 261 261 228 214 188 166 161 139 130 130
56 75 77 79 94 94 94 94 91 91 91 76 76 71 65 65 65 65 65 75 78 83 99 99 99 99 91 90 85 75
93 113 120 120 139 139 139 139 139 145 138 126 117 112  97  97  97  97  97 112 119 126 159 162 164 164 151 139 137 122
175 211 217 228 276 276 276 276 282 288 282 253 221 219 186 185 185 185 185 213 222 244 306 323 336 336 299 267 264 231
130 169 174 183 226 226 226 226 226 220 215 189 174 166 148 135 135 135 135 170 174 191 247 256 259 256 232 207 207 179
75  76  76  78  82  82  91  91  91  91  81  80  75  65  65  69  72  72  96  97 106 106 101 101  96  79  77  73  68  68
113 113 113 123 123 123 143 145 145 145 135 115 112 105 105 110 115 115 143 161 169 183 183 183 183 128 114 112  97  97
215 209 209 227 235 242 290 292 294 292 254 228 221 197 197 211 213 222 283 311 354 359 359 359 359 244 227 213 187 187
166 165 165 187 188 188 231 231 231 231 195 177 168 154 154 164 170 201 229 249 281 285 285 285 285 191 170 169 142 142
75  76  91  96 106 116 118 118 118 102 101  95  75  75  75  72  71  71  71  73  85  89 103 117 119 119 119  98  98  92
97 115 135 150 167 190 190 190 190 177 165 148 122 114 114 114 114 113 111 111 132 139 171 195 195 195 195 177 165 148
187 215 272 294 351 427 427 427 427 374 329 296 235 221 221 221 221 212 210 210 256 271 339 418 418 418 418 380 329 283
142 170 217 228 276 338 338 338 338 278 258 228 184 175 175 175 175 167 164 164 208 208 261 330 330 330 330 280 248 227
71  69  71  71  71  81  85  97 113 113 113 110 110 110  82  80  79  70  70  70  72  72  79  85  96 124 130 141 141 124
111 111 111 111 118 125 136 167 167 191 191 191 191 175 135 130 123 111 111 111 111 111 131 132 161 204 239 239 239 239
219 219 219 219 233 235 271 333 357 407 407 407 407 353 282 261 242 209 209 209 209 209 263 274 336 451 581 581 581 581
173 173 173 173 173 191 211 261 264 304 304 304 304 277 211 192 187 165 165 165 165 165 196 205 261 339 383 383 383 383
100  65  65  64  57  57  57  60  61  79  80 101 101 106 106 106  87  85  81  67  67  67  61  61  61  64  65  65  65  65
171 121 105 105 105 105  94  94  99 119 122 149 172 172 172 172 153 144 132 109 109 109 109 109 103 103 107 107 107 107
338 239 204 204 204 204 188 188 194 233 249 302 355 355 355 355 312 289 268 213 213 213 213 213 206 194 194 194 194 194
249 173 151 151 151 151 136 136 146 181 189 236 275 275 275 275 230 213 201 154 154 154 154 154 154 144 144 144 144 144
77  92  99 101 113 113 109 101 101  72  72  71  67  63  63  63  65  65  66  78  84  93 105 105 107 105 105  78  78  71
115 148 167 171 203 203 203 203 179 130 119 119 119 119 110 100 100 100 111 125 144 150 182 201 201 201 201 140 137 131
229 289 346 392 453 453 453 453 365 270 243 243 243 243 202 195 195 196 208 247 291 314 394 412 412 412 412 295 281 242
180 220 266 279 326 326 326 326 271 193 181 181 181 181 154 140 140 144 165 192 230 236 297 303 303 303 303 208 199 193
69  69  49  49  51  67  69  69  77  93  99 103 114 114 109 104 104  68  68  68  60  60  60  56  56  56  56  56  78 101
92  92  92  92  92 112 112 112 124 143 169 170 211 211 211 211 183 130 118 118 118 118 104  94  94  94  94  94 129 159
191 191 191 191 191 208 208 220 233 283 359 381 472 472 472 472 375 263 237 237 237 237 196 183 183 183 183 183 246 308
128 128 128 128 128 154 158 158 180 218 263 270 334 334 334 334 267 177 169 169 169 169 147 133 133 133 133 133 187 249
114 121 129 131 131 101  93  87  67  67  67  59  59  59  68  68  75  82  82  97 102 102 102  97  97  92  69  69  68  62
160 160 160 216 216 185 165 155 112 109 109 109 109 109 102 102 112 134 139 162 167 188 188 188 188 172 135 129 124 107
338 338 338 501 501 388 328 296 229 221 221 221 221 215 203 203 224 234 265 329 350 385 385 385 385 326 254 241 231 197
262 262 262 365 365 271 242 224 166 160 160 160 160 160 149 149 168 183 202 255 259 281 281 281 281 250 189 178 171 145
62  75  75  86  95 103 103 106 106 106  94  86  82  68  68  60  61  61  62  72  74  91  98 104 104 100 100  94  80  80
107 124 127 149 150 173 202 202 202 202 171 153 147 110 108 108 108 108 108 118 124 154 154 178 193 193 193 171 171 147
204 225 235 280 292 351 417 417 417 417 349 299 276 216 208 208 208 208 209 224 240 299 315 365 391 391 391 344 344 274
149 175 181 218 223 276 311 311 311 311 249 233 222 153 153 153 153 153 153 166 184 233 236 279 295 295 295 255 255 204
68  68  69  77  77  89  90  90  90  91  91  91  90  90  90  83  83  83  71  71  71  73  73  80  90 102 142 147 173 173
115 115 115 132 133 137 147 147 152 159 159 168 168 168 166 144 139 136 115 115 114 116 116 141 147 175 251 251 251 251
222 222 229 247 260 281 295 298 310 323 326 341 341 341 339 287 269 266 222 222 213 210 210 273 288 368 572 572 572 572
161 161 163 186 190 210 227 227 227 237 237 245 245 245 242 204 203 199 163 163 163 169 169 209 215 284 404 404 404 404
133 115  82  75  75  61  61  59  58  58  64  72  73  79  79  79  82  82  82  74  66  66  61  56  52  52  52  60  74  79
249 206 149 129 129 129 129 129 102 102 102 113 113 130 138 138 149 149 143 136 119 116 106  94  87  87  87  97 118 121
555 421 300 252 239 239 239 239 191 191 197 219 224 256 265 274 292 292 277 267 231 218 195 178 178 178 178 186 233 234
359 298 210 195 176 176 176 176 132 132 139 161 164 186 197 197 209 209 207 193 165 162 138 132 121 121 121 132 171 176
104 104 104 102  94  86  85  57  57  49  49  42  42  52  55  82  82  82  82  82 105 105 102  96  91  73  63  57  49  43
179 179 179 179 179 137 133 100  82  82  82  82  82  87  88 122 130 130 130 130 172 186 186 186 186 123 102 102  85  77
366 373 373 373 373 279 255 194 175 175 175 175 175 175 178 232 249 249 249 249 334 374 374 374 374 244 207 202 162 149
279 279 279 279 279 200 195 142 116 116 116 116 116 117 124 177 190 190 190 190 259 291 291 291 291 181 143 133 109 100
43 43 63 70 70 87 87 87 87 87 85 70 65 65 56 55 55 55 55 55 53 53 53 62 62 62 74 74 74 81
77  77 104 111 116 135 135 135 135 135 135 129 118 113 100  92  92  92  92  92  84  84  84  91  93  93 112 112 112 137
149 149 200 202 222 276 276 276 276 276 274 263 232 222 211 186 186 186 186 185 164 161 161 175 188 188 221 226 236 271
100 100 147 152 171 217 217 217 217 217 202 185 166 162 138 132 132 132 132 132 113 113 113 125 127 127 166 167 167 204
81 81 81 76 58 56 56 50 50 50 60 63 63 86 86 86 86 86 86 84 64 63 48 48 48 48 48 48 62 65
137 137 137 118 107  95  95  84  84  84  99  99 103 145 145 145 145 145 147 147 118 101  89  89  89  89  89  89 103 105
271 271 271 223 219 184 183 159 159 159 186 191 196 279 300 300 300 300 300 290 226 191 177 165 165 165 165 165 198 200
204 204 204 170 157 126 126 105 105 105 133 140 141 217 225 225 225 225 218 208 159 138 117 110 110 110 110 110 147 149
59 59 56 62 62 62 65 65 65 68 68 68 68 68 68 65 65 66 66 66 66 74 74 74 70 70 70 76 76 76
109 109 108 109 109 109 120 120 120 126 126 126 120 120 120 119 119 119 119 119 119 126 126 126 129 129 129 138 138 138
157 157 157 154 154 159 174 174 174 177 177 177 173 173 173 167 167 167 171 171 171 175 175 175 183 183 183 193 193 193
143 143 143 143 143 143 164 164 164 161 161 161 164 164 164 156 156 156 157 157 158 165 165 165 169 169 169 178 178 180
59 59 56 62 62 62 65 65 65 68 68 68 68 68 68 65 65 66 66 66 66 74 74 74 70 70 70 76 76 76
109 109 108 109 109 109 120 120 120 126 126 126 120 120 120 119 119 119 119 119 119 126 126 126 129 129 129 138 138 138
157 157 157 154 154 159 174 174 174 177 177 177 173 173 173 167 167 167 171 171 171 175 175 175 183 183 183 193 193 193
143 143 143 143 143 143 164 164 164 161 161 161 164 164 164 156 156 156 157 157 158 165 165 165 169 169 169 178 178 180
84 84 84 84 84 73 73 73 74 74 75 79 79 80 84 84 84 84 84 84 80 80 78 77 77 77 74 74 75 76
143 143 143 143 143 137 137 137 136 136 136 142 142 143 148 148 148 148 148 149 149 149 149 142 142 142 132 132 139 142
196 196 196 196 196 194 194 194 194 194 194 201 201 201 208 208 208 208 208 208 210 210 210 201 201 201 194 194 194 192
185 185 185 185 185 181 181 181 182 182 182 185 185 185 196 196 196 196 196 196 197 197 197 184 184 184 181 181 181 180
76  79  79  81  85  85  85  86  86  86  76  76  76  75  75  79  82  82  84  91  91  91 101 101 101  94  94  94  92  92
143 150 150 154 161 161 161 155 155 154 135 135 133 139 139 144 158 158 163 171 171 171 180 180 180 180 180 180 173 173
197 203 203 207 220 220 220 208 208 205 187 187 187 190 190 195 205 205 216 233 233 233 236 236 236 236 236 236 226 226
180 190 190 195 206 206 206 196 196 192 174 174 174 179 179 186 193 193 205 217 217 217 225 225 225 225 225 225 216 216
95  95  97  99  99 100 104 104 104 104 104 104 107 107 107 111 111 111 109 109 109 104 104 104 105 105 105 109 109 111
176 176 176 182 182 184 184 184 184 184 184 184 193 193 198 210 210 210 203 203 203 192 192 192 188 188 188 196 196 196
231 231 231 237 237 237 230 230 230 230 231 231 232 232 236 243 243 243 237 237 237 225 225 225 227 227 227 229 229 229
225 225 225 228 228 228 222 222 222 222 222 221 223 223 226 226 226 224 224 224 224 207 207 207 211 211 211 214 214 214
119 123 125 125 144 158 168 206 217 219 219 193 177 172 135 135 125 133 133 142 155 156 156 148 148 148 128 128 126 123
207 217 235 235 283 289 340 411 422 432 432 378 331 286 253 250 233 232 232 241 248 248 248 229 229 229 195 195 195 183
243 245 265 265 294 311 346 397 415 419 419 376 342 336 271 271 258 267 267 270 286 286 286 277 277 277 242 242 242 226
222 226 233 233 259 287 307 369 381 381 381 337 309 302 247 247 238 240 240 254 269 269 269 263 263 263 232 232 232 224
123 129 129 129 124 124 124 123 123 123 134 134 134 133 133 133 132 132 132 130 130 130 132 132 132 138 138 138 126 126
183 188 188 188 183 183 183 185 185 185 192 192 192 189 189 189 188 188 188 190 190 190 196 196 196 206 206 206 198 198
226 234 234 234 240 240 240 239 239 239 238 238 238 243 243 243 243 243 243 245 245 245 246 246 246 255 255 255 245 245
224 227 227 227 232 232 232 233 233 233 235 235 235 243 243 243 237 237 237 235 235 235 241 241 241 241 241 241 234 234
122 122 122 122 122 122 125 125 125 125 125 125 119 119 119 120 120 120 113 113 111 115 115 115 113 113 113 118 118 118
190 190 190 192 192 192 202 202 202 200 200 200 191 191 191 185 185 185 183 183 183 182 182 182 185 185 185 190 190 190
237 237 237 237 237 237 242 242 242 239 239 239 235 235 235 233 233 233 235 235 235 229 229 229 233 233 233 225 225 225
226 226 226 226 226 226 234 234 234 229 229 229 224 224 224 223 223 223 223 223 223 220 220 220 223 223 223 218 218 218
111 111 110 110 110 109 109 109 107 107 107 106 106 106 103 103 103 106 106 106 107 107 107 102 102 102 104 104 104 102
179 179 177 177 177 179 179 179 175 175 175 178 178 178 171 171 171 172 172 172 172 172 172 172 172 172 172 172 172 175
223 223 224 224 224 225 225 225 218 218 218 221 221 221 213 213 213 213 213 213 212 212 212 214 214 214 219 219 219 215
217 217 215 215 215 215 215 215 212 212 212 214 214 214 200 200 200 203 203 203 203 203 203 205 205 205 211 211 211 202
102 101 101 101  97  97  97 101 101 101 102 102 102 100 100 100 100 100 100 104 104 104 103 103 103 101 101 101 104 104
175 170 170 170 170 170 170 175 175 175 174 174 174 168 168 168 167 167 167 172 172 172 169 169 169 171 171 171 181 181
215 216 216 216 215 215 215 212 212 212 214 214 214 212 212 212 210 210 210 212 212 212 211 211 211 215 215 215 216 216
202 201 201 201 205 205 205 203 203 203 201 201 201 197 197 197 200 200 200 200 200 200 202 202 202 202 202 202 202 202
102 102 102 102 102 102  99  99  99  96  96  96  99  99  99  93  93  93  92  92  92  82  82  82  78  78  78  85  85  85
179 179 179 175 175 175 171 171 171 172 172 172 173 173 173 160 160 160 156 156 156 148 148 148 149 149 149 150 150 155
215 215 215 213 213 213 213 213 213 216 216 216 209 209 209 207 207 207 202 202 202 197 197 197 197 197 197 199 199 199
204 204 204 199 199 199 200 200 200 200 200 200 195 195 195 193 193 193 187 187 187 191 191 191 182 182 182 188 188 188
87  87  90  90  90  92  92  92  93  93  93  98  98 104 114 114 114 115 115 115 117 117 117 113 113 113 116 116 116 122
165 165 169 169 169 173 173 173 173 173 173 172 172 172 190 190 190 183 183 183 179 179 179 173 173 173 181 181 181 185
211 211 219 219 219 219 219 219 221 221 221 226 226 226 239 239 239 240 240 240 229 229 229 227 227 227 232 232 232 238
202 202 202 202 202 203 203 203 207 207 207 216 216 216 230 230 230 231 231 231 228 228 228 225 225 225 228 228 228 232
123 131 131 131 133 133 133 129 129 129 131 131 142 145 145 145 142 142 142 152 152 155 168 168 168 183 183 185 185 185
185 193 193 193 194 194 194 186 186 186 189 189 190 200 200 200 201 201 201 208 208 208 221 221 221 235 235 235 229 229
238 250 250 250 250 250 250 238 238 238 243 243 243 251 251 251 251 251 251 259 259 259 272 272 272 285 285 285 288 288
232 247 247 247 244 244 244 236 236 236 239 239 239 248 248 248 244 244 244 252 252 252 264 264 264 276 276 276 284 284
190 190 190 184 184 182 171 171 171 145 145 166 166 174 175 175 167 167 167 156 153 153 137 137 137 128 128 128 129 129
241 241 241 235 235 235 223 223 223 201 201 219 219 226 226 226 226 226 226 215 215 215 199 198 198 182 182 182 185 185
295 295 295 287 287 287 277 277 277 261 261 285 285 289 291 291 295 291 291 277 277 277 272 268 268 256 256 256 262 265
280 280 280 283 283 283 272 272 272 251 251 287 287 294 303 303 298 298 298 291 291 291 290 290 290 281 281 281 284 295
130 130 130 131 128 128 128 125 125 124 124 124 121 121 121 113 113 113 108 108 108 108 108 108 108 108 108 104 104 104
193 198 198 197 197 197 197 191 191 188 188 188 186 186 186 169 169 169 161 161 161 164 164 164 173 172 172 160 160 160
270 278 278 282 275 275 275 281 281 279 279 279 277 277 277 261 256 256 250 250 250 251 254 254 262 257 257 248 247 247
296 314 314 321 313 313 313 319 319 319 323 323 318 318 318 291 290 290 267 267 267 272 272 272 275 275 275 262 262 262
104 104  98  98  98 104 104 104 104 104 104 103 103 103 104 104 104 101 101 101  97  97  97 102 102 102 102 102 102  97
153 153 154 154 154 152 152 152 159 159 159 154 154 154 156 156 156 149 149 149 157 155 155 152 152 152 153 153 153 150
236 236 236 234 234 234 238 238 244 244 244 241 233 233 233 238 238 237 237 237 242 236 236 236 240 240 239 239 239 233
253 253 248 248 248 252 257 257 264 264 264 257 257 257 258 255 255 255 259 259 253 253 253 258 258 258 261 261 261 248
97 94 94 94 91 91 91 92 92 92 88 88 88 87 87 87 86 86 86 91 91 91 94 91 91 88 88 88 89 91
150 143 143 143 137 137 137 139 139 139 136 136 136 144 141 141 138 136 136 136 140 140 141 141 141 138 138 138 142 142
230 223 223 223 219 219 219 219 219 219 215 215 215 220 220 220 219 217 217 217 220 220 221 221 221 222 222 222 225 225
248 240 240 240 233 233 233 229 229 229 230 228 228 228 228 228 228 228 228 228 228 228 228 228 228 228 228 228 227 227
88  88  88  88  92  92  94  94  94 101 104 104 100 100 100 103 103 103 109 109 109 108 108 108 107 107 107 106 106 106
143 143 143 145 145 145 152 152 152 157 157 157 164 164 164 166 168 168 170 173 173 174 171 171 171 171 171 173 173 173
226 226 226 230 230 230 236 247 247 253 256 256 264 264 264 270 276 276 286 286 286 292 287 287 287 289 289 292 290 290
224 224 224 232 234 234 247 252 252 259 264 264 267 267 267 275 277 277 283 283 283 288 288 288 283 283 283 286 281 281
107 107 104 104 104 106 106 106 101 101 101 100 100 100  99  99  99 100 100 100  99  99  99 101 101 101  97  97  97  97
172 172 169 169 169 162 162 162 168 168 168 162 162 162 163 160 160 159 159 159 159 159 159 162 162 162 164 164 164 160
283 283 276 276 276 267 267 267 272 272 272 265 265 265 271 268 268 262 262 262 265 265 265 270 270 270 266 266 266 266
278 278 271 271 271 265 265 265 266 266 266 264 264 264 259 255 255 255 262 262 256 256 256 262 262 262 258 258 258 258
97 101 101 101  98  98  98  96  96  96  95  95  95  98  98  98 101 101 101 103 103 103 103 103 103 101 101 101 100 100
160 160 160 160 160 160 160 163 159 159 159 163 163 160 160 160 164 164 164 168 168 168 163 163 163 162 162 162 171 170
267 268 263 263 258 258 258 263 262 262 262 269 269 269 269 269 270 270 270 279 279 279 279 279 279 279 281 281 285 283
258 259 258 258 258 255 255 253 253 253 255 255 255 257 257 257 260 260 260 267 267 267 273 272 272 269 269 269 274 274
99  99  99 100 100 100  98  98  98 102 103 103  96  96  96 103  97  97  97 101 101 104 104 104 104 104 104 100 100 100
165 165 165 162 162 162 162 162 162 163 163 163 168 169 169 164 164 164 166 166 166 166 165 165 165 166 166 167 169 169
275 275 275 277 275 275 275 275 275 275 275 275 275 281 281 282 282 282 282 277 277 277 280 280 280 280 280 280 281 281
264 264 264 265 265 265 266 266 266 270 269 269 266 266 266 272 272 272 273 273 273 272 272 272 272 270 270 270 272 272
101 101 103 107 107 102 102 102  99  99  99 109 107 107 103 103 103 108 109 109 108 108 108 105 105 105 111 111 111 107
166 166 165 165 165 170 170 170 174 171 171 171 171 171 176 177 177 177 178 178 177 176 176 176 176 176 185 185 185 186
285 285 285 285 285 290 294 294 297 291 291 291 301 301 308 306 306 306 308 308 316 312 312 312 321 321 326 326 326 330
277 277 277 277 277 277 277 277 281 281 281 287 287 287 288 288 288 292 294 294 302 300 300 300 302 302 306 306 306 307
107 108 108 108 111 111 111 115 111 111 111 112 112 112 112 112 113 113 113 113 113 113 116 116 116 110 110 110 115 118
187 187 188 188 184 184 184 179 179 179 188 188 188 181 181 181 187 187 187 191 191 191 183 183 183 189 189 189 190 190
328 328 328 328 328 331 331 334 334 334 335 339 339 334 334 334 334 334 334 337 337 337 329 329 329 338 340 340 350 352
307 309 309 309 309 309 309 315 315 315 317 317 317 318 316 316 316 318 318 313 313 313 317 315 315 314 314 314 327 327
115 114 114 113 113 113 114 114 114 110 110 110 115 115 115 113 113 113 113 114 114 112 112 112 112 112 112 117 117 117
190 190 190 193 194 194 194 194 194 194 194 194 192 190 190 190 190 190 188 188 188 189 189 189 195 193 193 192 192 192
349 349 349 348 348 348 350 354 354 355 355 355 353 347 347 345 344 344 344 347 347 349 349 349 351 351 351 351 353 353
332 333 333 324 324 324 325 334 334 330 330 330 329 329 329 323 323 323 324 324 324 321 321 321 322 322 322 324 334 334
116 116 117 117 117 120 120 120 121 121 121 116 116 116 119 119 119 119 119 119 125 125 125 123 123 123 120 120 120 121
195 195 195 198 198 203 208 208 208 209 209 203 203 203 198 198 198 203 203 203 201 201 201 200 200 200 208 208 208 206
366 366 367 375 375 381 385 385 385 387 387 383 377 377 377 381 381 386 386 386 387 387 387 383 383 383 387 387 387 390
338 338 338 347 347 351 351 351 357 357 357 356 355 355 349 349 349 360 360 360 360 360 360 358 358 358 360 360 360 361
121 120 120 120 125 125 125 121 121 121 121 121 121 119 119 119 123 123 123 121 121 121 122 122 122 121 121 121 118 118
206 203 203 203 204 204 204 206 206 206 207 207 207 202 202 202 202 202 202 206 206 206 206 206 206 204 204 204 207 207
390 388 388 388 392 392 392 396 399 399 396 396 396 393 393 393 389 389 389 396 396 396 389 389 389 389 389 389 388 388
361 360 358 358 358 359 359 365 365 365 362 362 362 358 358 358 357 357 357 360 360 360 357 357 357 358 358 358 353 353
121 121 121 120 120 120 125 124 124 124 125 125 120 120 120 120 120 120 118 118 118 119 119 119 119 119 119 123 118 118
202 202 202 202 202 202 208 205 205 204 204 204 202 202 202 204 209 209 201 201 201 204 204 204 198 198 198 204 204 204
383 383 383 388 387 387 387 386 386 386 392 392 387 386 386 386 386 386 388 388 388 387 387 387 387 387 387 383 383 383
358 357 357 356 352 352 352 358 358 358 358 358 351 351 351 348 348 348 347 347 347 352 352 352 344 344 344 353 353 353
123 123 121 121 121 120 120 120 120 120 120 119 119 119 123 123 123 128 128 128 127 127 127 127 127 127 133 135 135 133
199 199 204 204 204 201 201 201 202 202 202 201 201 201 202 207 207 217 217 217 218 218 218 220 220 220 223 228 228 226
383 383 383 383 383 381 381 381 382 382 382 386 385 385 385 403 403 418 423 423 431 431 431 435 437 437 440 452 452 459
351 351 353 353 353 344 344 344 347 347 347 352 352 352 355 368 368 385 387 387 388 388 388 392 392 392 405 414 414 414
133 132 132 132 130 130 130 132 129 129 129 129 129 130 130 130 128 128 128 130 130 130 131 131 131 127 127 127 129 129
226 223 223 223 219 219 219 222 222 222 217 217 217 217 217 217 221 221 221 216 216 216 222 222 222 212 212 212 212 212
462 444 444 444 440 440 440 437 437 437 440 435 435 435 435 435 439 439 439 437 437 437 439 438 438 428 428 428 424 424
414 403 403 403 396 396 396 387 387 387 401 398 398 397 397 397 392 392 392 396 396 396 403 398 398 389 389 389 390 390
133 133 133 131 131 131 131 131 131 131 131 131 136 136 136 136 136 136 146 146 146 145 145 145 141 141 141 142 142 142
221 222 222 223 223 223 225 225 225 223 223 223 223 223 223 231 233 233 245 253 253 251 251 251 240 240 240 239 239 239
435 439 439 439 439 439 440 445 445 450 455 455 461 461 461 477 487 492 514 552 552 548 532 532 507 507 507 510 509 509
398 404 404 394 394 394 401 401 401 411 420 420 422 422 422 434 450 450 480 505 505 504 490 490 463 463 463 464 470 470
139 139 142 142 142 141 141 141 141 141 141 145 145 145 147 147 147 142 142 142 143 143 143 146 146 146 142 142 142 141
241 241 237 237 237 243 243 243 245 245 245 245 245 245 241 241 241 241 241 241 241 241 241 250 250 250 245 245 245 243
512 512 511 511 511 520 519 519 519 532 532 534 534 534 521 521 521 519 519 519 529 529 529 536 541 541 521 521 521 519
468 468 462 462 462 469 469 469 474 488 488 493 493 493 481 481 481 472 472 472 479 479 479 488 488 488 469 463 463 463
141 142 141 141 140 140 140 139 139 139 140 140 140 142 142 142 140 140 140 144 144 144 144 144 144 144 144 144 144 148
242 242 240 240 236 236 236 235 235 235 235 235 235 235 235 235 235 235 235 235 235 235 236 236 236 239 240 240 242 238
511 507 494 494 494 497 497 488 488 488 488 498 498 496 496 496 495 495 495 499 500 500 496 496 496 507 501 501 501 502
464 459 451 451 442 442 442 442 442 442 444 444 444 453 453 453 449 449 449 452 452 452 450 450 450 452 452 452 452 452
144 144 144 145 141 141 134 131 131 119 119 119 115 115 115 121 120 120 120 131 131 138 155 155 164 160 160 145 137 137
238 243 243 240 237 237 222 216 216 201 198 198 198 198 198 198 198 198 208 218 220 228 257 257 272 270 270 235 226 226
506 511 511 508 498 498 444 437 408 369 363 363 353 353 353 357 361 361 375 409 444 461 552 603 603 603 585 492 465 428
453 453 453 455 448 448 393 385 366 328 326 326 314 314 314 319 327 327 333 370 399 401 499 538 550 538 535 443 428 390
118 118 118 112 112 112 113 113 119 119 119 126 130 130 141 144 144 133 129 129 122 119 119 112 109 109 108 108 108 108
202 202 189 189 189 187 187 187 189 192 192 199 220 220 233 246 246 225 224 224 204 200 200 189 180 180 178 178 178 179
368 356 335 334 334 330 330 330 336 341 349 360 403 448 450 486 486 427 423 395 359 345 343 315 311 311 294 294 294 305
318 316 292 291 291 291 292 292 300 302 302 325 361 391 403 424 424 364 358 347 315 304 304 281 276 276 265 265 265 274
108 114 119 119 129 138 138 146 139 139 124 117 117 107 107 107 107 107 107 111 115 115 119 137 137 143 146 146 134 126
179 189 199 202 215 232 232 242 228 228 200 194 194 173 173 173 183 183 183 187 193 193 205 218 225 236 244 244 218 210
307 319 351 382 382 457 459 465 459 421 354 344 326 303 302 302 302 314 314 319 338 352 358 411 442 446 461 461 403 395
274 288 315 330 343 394 401 414 401 381 312 305 290 261 261 261 263 263 263 284 294 304 315 372 379 399 409 409 349 343
119 116 116 116 116 116 116 116 116 116 127 127 130 141 141 133 127 127 119 115 115 110 110 110 114 116 116 119 118 118
201 201 201 191 191 191 193 193 193 199 208 208 222 235 235 218 210 210 192 192 192 188 188 188 191 192 192 199 199 199
345 339 339 332 329 329 329 335 335 341 375 394 397 449 449 404 394 376 342 333 333 333 326 326 326 334 334 337 344 344
302 297 297 293 287 287 287 290 290 299 331 336 350 395 395 351 344 331 299 287 287 279 279 279 282 284 284 296 298 298
122 122 123 125 125 125 126 126 112 112 112 113 120 120 120 125 125 129 131 131 123 118 118 111 111 111 112 114 114 117
198 198 205 205 205 202 202 202 187 187 187 184 184 184 194 201 201 218 222 222 200 200 200 186 186 186 187 187 187 198
358 358 365 376 376 359 354 354 329 326 326 326 326 326 334 372 372 390 390 390 358 342 342 315 315 315 320 322 322 347
311 311 320 327 327 313 307 307 289 281 281 281 288 288 296 325 325 340 343 343 316 302 302 277 275 275 275 286 286 298
122 120 117 117 111 108 108 108 110 110 114 120 120 117 116 116 116 116 116 120 118 118 107 107 107 111 111 111 114 114
207 201 199 199 174 174 174 183 183 183 195 196 196 184 184 184 189 192 192 192 194 194 186 186 186 192 191 191 191 191
358 345 334 334 315 309 309 309 314 314 331 334 334 325 319 319 319 319 319 331 329 329 303 303 303 315 315 315 328 328
317 304 288 288 269 269 269 271 272 272 288 288 288 277 277 277 281 286 286 282 282 282 267 267 267 273 285 285 285 284
114 114 114 112 112 112 118 118 118 112 112 112 114 114 114 119 119 119 118 117 117 117 117 117 119 119 119 116 116 116
191 195 195 193 193 193 199 199 199 199 195 195 195 195 195 198 199 199 194 194 194 200 196 196 196 195 195 193 193 193
322 322 322 330 330 330 332 332 332 331 331 331 335 337 337 339 339 339 337 337 337 339 339 339 339 336 336 328 328 328
282 282 282 287 287 287 293 293 293 297 294 294 282 282 282 291 291 291 291 291 291 293 294 294 286 286 286 287 287 287
118 118 114 114 114 112 112 112 116 116 116 115 115 115 111 111 111 115 115 115 114 114 114 112 112 112 115 112 112 112
194 194 194 196 196 190 190 190 193 193 193 191 191 191 191 191 191 194 194 194 184 184 184 190 190 190 187 187 187 194
338 338 325 325 325 325 325 325 321 321 321 325 325 325 325 325 325 316 316 316 322 322 322 318 318 318 321 321 321 320
287 287 289 289 289 276 276 276 279 278 278 278 280 280 280 281 281 278 277 277 270 270 270 275 276 276 274 274 274 282
112 111 111 111 117 115 115 112 112 112 115 115 115 114 114 114 116 116 116 112 112 112 112 112 112 111 111 111 114 114
194 187 187 187 185 185 185 185 185 185 190 195 195 185 185 185 194 194 194 194 196 196 192 192 192 192 192 192 189 189
320 315 315 315 322 322 322 320 320 320 320 320 320 321 321 321 324 324 324 321 321 321 322 322 322 326 329 329 323 323
283 270 270 270 275 275 275 273 273 273 278 278 278 275 275 275 269 269 269 276 281 281 276 276 276 278 278 278 280 278
112 112 112 117 115 115 114 114 114 115 115 115 110 110 110 114 114 114 112 112 112 114 114 114 115 118 118 113 113 113
192 192 192 193 193 193 195 195 195 189 189 189 192 192 192 194 197 197 192 192 192 192 192 192 190 190 190 194 197 197
328 328 328 327 327 327 324 324 324 328 328 328 328 328 328 328 328 328 326 326 326 322 322 322 328 328 328 322 322 322
273 273 273 278 282 282 277 277 277 277 277 277 283 283 283 283 281 281 269 269 269 281 282 282 276 276 276 279 279 279
121 121 117 117 117 116 116 116 116 119 119 112 112 112 110 110 110 116 119 119 113 113 113 118 116 116 113 113 113 111
194 194 195 195 195 198 198 198 195 195 195 195 195 195 195 195 195 196 196 196 196 197 197 199 194 194 192 192 192 195
336 336 336 333 333 333 333 333 331 331 331 325 325 325 334 333 333 326 326 326 325 325 325 325 325 325 330 330 330 325
278 278 285 285 285 280 280 280 282 282 282 278 278 278 278 278 278 281 281 281 283 283 283 283 281 281 279 279 279 278
111 115 115 115 111 111 111 113 113 113 116 116 116 117 117 117 112 112 112 116 116 116 108 108 108 117 118 118 118 118
195 200 202 202 197 197 197 192 192 192 196 196 196 193 193 193 195 195 195 190 190 190 193 193 193 196 196 196 198 196
325 327 327 327 334 334 334 327 327 327 328 328 328 328 325 325 325 325 325 322 322 322 314 314 314 318 318 318 328 330
278 284 285 285 284 284 284 276 276 276 277 277 277 273 273 273 268 268 268 270 270 270 274 274 274 270 270 270 272 272
111 111 111 116 116 116 111 111 111 111 111 111 110 110 110 115 115 115 116 115 115 115 117 117 118 118 118 116 116 116
193 193 193 193 193 193 194 194 194 194 194 194 195 195 195 196 196 196 194 194 194 191 191 191 195 195 195 193 193 193
329 329 329 325 325 325 326 326 326 324 324 324 321 321 321 322 322 322 330 330 330 332 332 332 332 326 326 321 321 321
276 276 276 277 279 279 275 275 275 275 275 275 276 277 277 272 272 272 274 274 274 276 276 276 273 273 273 277 277 277
114 114 119 118 118 116 116 116 117 117 117 114 114 114 114 114 114 116 116 116 116 116 116 114 114 114 113 113 113 114
190 190 199 199 199 195 195 195 193 193 193 194 195 195 199 196 196 196 198 198 195 195 195 192 192 192 190 190 190 192
327 327 327 327 327 325 325 325 332 328 328 320 320 320 331 333 333 324 324 324 325 325 325 327 327 327 328 326 326 323
276 276 277 279 279 279 280 280 275 275 275 277 277 277 279 279 279 272 272 272 277 277 277 277 276 276 269 269 269 267
114 112 112 112 118 120 120 114 114 114 116 116 116 112 112 112 115 115 115 118 118 118 117 117 117 116 116 116 110 110
192 195 195 195 199 197 197 195 195 195 196 196 196 195 195 195 191 191 191 192 192 192 197 199 199 193 192 192 192 191
323 314 314 314 322 322 322 318 318 318 321 321 321 316 316 316 320 320 320 322 321 321 318 318 318 318 318 318 317 315
267 269 269 269 272 269 269 269 269 269 266 266 266 271 273 273 270 270 270 261 261 261 269 268 268 268 267 267 267 267
111 114 114 117 114 114 109 109 109 116 115 115 115 116 116 111 111 111 111 111 111 112 113 113 111 111 111 113 113 113
187 187 187 193 196 196 189 189 189 190 190 190 192 192 192 192 195 195 188 188 188 189 189 189 191 192 192 187 187 187
315 318 318 316 316 316 313 313 313 309 309 309 308 308 308 313 313 313 317 317 317 309 309 309 307 307 307 310 310 310
263 260 260 257 257 257 265 263 263 256 256 256 262 260 260 257 257 257 259 259 259 265 261 261 259 259 259 256 256 256
113 113 112 112 112 113 113 113 111 111 111 116 116 116 114 114 114 114 115 115 112 112 112 114 114 114 116 116 116 110
190 190 190 195 195 186 186 186 192 192 192 190 190 190 187 187 187 194 193 193 191 191 191 192 192 192 187 187 187 197
309 309 305 305 305 314 314 314 303 303 303 314 311 311 311 312 312 308 308 308 311 311 311 308 308 308 309 309 309 309
259 259 259 263 263 257 257 257 258 258 258 260 260 260 264 264 264 264 264 264 253 253 253 254 254 254 261 261 261 261
110 112 112 112 113 113 113 114 115 115 115 114 114 114 114 114 115 114 114 114 116 116 115 115 115 110 110 110 113 113
196 194 194 194 188 188 188 195 195 195 188 188 188 193 193 193 194 198 198 186 186 186 192 192 192 189 189 189 189 189
309 306 306 306 315 315 315 306 306 306 314 312 312 311 311 311 307 307 307 312 312 312 306 306 306 311 313 313 311 311
261 264 265 265 266 263 263 263 263 263 256 256 256 263 262 262 261 261 261 258 258 258 261 261 261 261 261 261 254 254
111 111 111 111 111 111 112 112 112 114 114 114 112 112 112 111 111 111 115 115 115 113 113 113 112 112 112 115 115 115
192 193 193 186 186 186 193 193 193 189 189 189 193 198 198 194 194 194 192 192 192 196 196 196 191 191 191 193 193 193
304 304 304 313 313 313 311 311 311 312 310 310 305 305 305 308 308 308 306 306 306 309 309 309 311 311 311 308 308 308
262 262 262 257 257 257 260 264 264 255 255 255 261 267 267 259 259 259 262 262 262 266 266 266 264 264 264 265 265 265
111 111 112 112 112 115 115 115 115 115 115 116 116 116 114 114 114 116 118 118 118 118 118 112 112 112 116 116 116 118
193 193 192 192 192 195 195 195 198 197 197 196 196 196 193 193 193 189 189 189 190 190 190 192 192 192 191 191 191 194
314 314 316 316 316 319 319 319 314 314 314 315 315 315 324 320 320 320 324 324 320 320 320 320 319 319 319 320 320 317
264 264 256 256 256 269 271 271 271 268 268 267 267 267 267 263 263 258 258 258 261 261 261 265 263 263 263 266 266 254
118 116 116 116 114 114 114 117 117 117 118 118 118 118 119 119 119 119 119 115 115 115 117 117 117 120 120 120 117 117
194 195 195 195 200 203 203 195 195 195 200 200 200 202 200 200 200 200 200 204 204 204 197 197 197 199 200 200 195 195
317 319 319 319 318 318 318 312 312 312 318 318 318 327 327 327 327 327 327 320 320 320 324 324 324 328 330 330 328 327
254 257 257 257 264 264 264 266 266 266 269 270 270 267 267 267 271 271 271 266 266 266 263 263 263 266 266 266 267 267
116 116 116 118 118 118 120 114 114 114 118 118 117 117 117 116 116 116 112 112 112 118 118 118 117 117 117 110 110 110
200 200 200 202 202 202 199 199 199 203 201 201 194 194 194 197 197 197 202 203 203 191 191 191 200 200 200 200 195 195
325 325 325 316 316 316 320 320 320 319 319 319 322 322 322 320 320 320 323 323 323 323 325 325 318 318 318 313 313 313
271 271 271 270 266 266 259 259 259 268 271 271 270 267 267 261 261 261 264 266 266 263 263 263 262 262 262 261 260 260
114 114 116 120 120 109 109 109 113 113 113 117 116 116 113 113 113 113 113 113 113 113 113 110 110 110 114 114 114 118
188 188 189 189 189 195 196 196 196 196 196 195 195 195 200 200 200 193 193 193 193 193 193 197 197 197 198 201 201 198
320 320 319 319 319 315 315 315 320 318 318 314 314 314 313 313 313 320 320 320 320 324 324 320 320 320 316 316 316 309
251 251 255 255 255 258 258 258 259 259 259 255 255 255 261 261 261 259 259 259 261 261 261 260 260 260 264 265 265 263
116 115 115 115 116 117 117 117 117 117 121 119 119 119 121 121 116 116 116 117 120 120 112 112 112 114 114 114 114 114
198 193 193 193 199 201 201 202 199 199 199 203 203 201 200 200 200 200 200 195 195 195 203 203 203 196 196 196 198 198
309 323 323 323 312 312 312 322 322 322 330 330 330 331 331 331 324 324 324 330 330 330 328 328 328 322 322 322 324 328
263 263 265 265 260 260 260 270 270 270 269 267 267 264 264 264 269 270 270 266 266 266 267 269 269 264 264 264 266 266
121 120 120 120 120 120 120 121 121 124 122 122 122 123 123 118 118 118 119 119 119 121 121 121 122 123 123 120 120 120
207 204 204 204 208 208 205 205 205 205 205 205 207 204 204 203 203 203 204 204 204 204 204 204 206 206 206 206 211 211
330 330 330 320 320 320 327 327 327 330 330 330 335 335 335 336 336 336 336 339 339 339 340 340 336 336 336 329 329 329
269 270 270 270 272 272 277 277 277 275 275 275 276 272 272 272 273 273 273 278 278 278 278 278 268 268 268 271 271 271
115 115 120 120 120 120 122 122 119 119 119 116 116 116 118 118 118 120 120 120 122 122 122 123 123 123 118 118 118 119
199 199 207 207 207 204 204 204 202 202 202 207 209 209 201 201 201 201 201 201 208 209 209 206 206 206 211 211 211 207
331 331 330 330 330 334 340 340 340 337 337 334 334 334 336 336 336 337 335 335 332 332 332 340 342 342 330 330 330 339
273 273 273 271 271 271 272 272 269 269 269 276 275 275 266 266 266 273 273 273 274 274 274 269 269 269 281 278 278 271
119 123 123 123 121 121 121 122 122 122 123 124 124 120 120 120 122 122 122 124 124 124 126 123 123 123 126 126 125 125
207 208 208 208 204 204 204 209 211 211 212 212 212 211 211 211 211 211 211 209 209 209 207 207 207 214 214 214 215 215
339 336 336 336 342 342 342 344 347 347 343 343 343 348 348 348 342 342 342 350 348 348 344 344 344 340 340 340 345 347
271 277 279 279 273 273 273 276 276 276 280 280 280 280 280 280 282 282 282 282 282 282 273 273 273 277 277 277 278 284
124 124 124 125 125 125 121 121 121 127 127 127 125 125 125 121 121 121 124 124 124 125 125 125 125 126 126 124 124 124
211 211 211 214 214 214 209 209 209 215 219 219 216 216 216 212 212 212 216 216 216 215 215 215 206 206 206 208 208 208
349 349 349 355 355 355 357 357 357 345 345 345 348 348 348 346 346 346 347 347 347 354 354 354 347 347 347 350 351 351
284 286 286 285 285 285 281 281 281 286 287 287 284 281 281 279 279 279 276 276 276 283 284 284 281 281 281 282 280 280
120 120 122 122 122 123 123 123 126 126 126 124 124 124 124 124 124 122 122 122 123 123 123 127 128 128 120 120 120 128
210 210 211 211 211 207 207 207 208 208 208 215 217 217 217 217 217 208 208 208 209 209 209 216 218 218 214 214 214 214
340 340 341 341 341 350 350 350 346 346 346 350 350 350 341 341 341 352 350 350 348 348 348 344 344 344 351 351 351 347
277 277 277 279 279 274 274 274 280 280 280 274 274 274 278 278 278 277 277 277 281 281 281 281 282 282 275 275 275 277
126 122 122 122 120 120 120 125 125 125 121 121 121 124 124 124 119 119 119 122 122 122 125 125 125 123 123 123 121 121
214 215 213 213 204 204 204 206 206 206 214 216 216 214 212 212 210 210 210 208 208 208 210 210 210 206 206 206 204 204
347 349 348 348 344 344 344 346 350 350 340 340 340 338 338 338 339 339 339 337 337 337 342 340 340 340 343 343 342 342
277 279 280 280 273 273 273 277 277 277 277 277 277 274 274 274 266 266 266 270 270 270 270 270 270 264 264 264 265 265
123 123 123 126 126 126 121 121 121 118 118 118 119 119 119 122 122 122 122 122 122 122 122 122 123 123 123 119 119 119
204 204 204 204 204 204 209 210 210 213 213 213 213 214 214 210 210 210 207 207 207 211 211 211 207 207 207 217 211 211
331 331 331 338 339 339 335 335 335 339 339 339 336 336 336 338 338 338 341 344 344 344 343 343 343 343 343 342 342 342
266 266 266 263 263 263 273 273 273 267 267 267 268 276 276 271 271 271 267 267 267 272 272 272 272 272 272 273 273 273
122 122 117 117 117 123 123 123 118 118 118 121 121 121 125 124 124 122 122 122 124 124 124 122 122 122 125 125 125 129
209 209 208 208 208 209 209 209 213 213 213 214 214 214 212 212 212 207 207 207 205 205 205 209 209 209 212 212 212 219
339 339 336 336 336 341 341 341 337 337 337 342 342 342 335 335 335 341 341 341 344 347 347 347 347 347 352 352 352 347
272 272 270 270 270 267 267 267 273 271 271 271 274 274 279 276 276 266 266 266 279 279 279 272 272 272 269 269 269 281
129 122 122 122 124 124 124 126 126 126 124 124 124 128 128 128 128 128 128 126 126 126 129 129 129 126 126 126 128 128
223 217 217 217 213 213 213 220 222 222 220 220 220 216 216 216 222 223 223 224 224 224 218 218 218 224 227 227 224 224
347 353 353 353 350 350 350 351 351 351 360 360 360 361 361 361 360 360 360 354 354 354 361 366 366 360 360 360 363 363
282 281 281 281 278 278 278 281 281 281 281 281 281 285 284 284 284 284 284 284 282 282 282 286 286 287 287 287 292 293
130 130 130 127 127 127 129 129 129 129 132 132 129 129 129 133 131 131 129 129 129 134 134 134 134 132 132 132 134 134
225 225 225 229 227 227 218 218 218 224 224 224 229 229 229 231 231 231 223 223 223 225 225 225 228 228 228 225 225 225
370 370 370 363 363 363 368 368 368 374 378 378 376 376 376 370 370 370 373 373 373 378 377 377 370 370 370 365 365 365
288 288 288 290 289 289 288 288 288 288 288 288 290 290 290 290 290 290 292 292 292 294 293 293 292 292 292 288 288 288
127 127 126 126 126 128 130 130 126 126 126 132 132 132 128 128 128 129 129 129 127 127 127 129 129 129 128 128 128 128
217 217 225 225 225 221 221 221 229 227 227 223 223 223 220 220 220 221 221 221 222 222 222 221 221 221 226 226 226 222
368 368 367 367 367 362 362 362 365 365 365 369 369 369 367 367 367 368 372 372 365 365 365 373 373 373 365 365 365 367
280 280 286 287 287 288 287 287 287 286 286 280 280 280 281 281 281 284 284 284 286 286 286 279 279 279 286 283 283 279
128 126 126 126 124 124 124 126 126 126 128 128 128 127 127 127 127 127 127 128 131 131 132 131 131 124 124 124 127 127
222 230 229 229 225 225 225 220 220 220 223 223 223 221 221 221 222 222 222 223 222 222 218 218 218 221 221 221 220 220
367 360 360 360 356 356 356 361 361 361 364 361 361 352 352 352 349 349 349 352 352 352 350 350 350 352 352 352 352 352
279 284 285 285 285 282 282 278 278 278 277 277 277 277 274 274 274 274 274 274 277 277 274 274 274 275 273 273 267 267
122 122 122 126 126 126 125 125 125 125 128 128 124 124 124 125 125 125 127 127 127 126 126 126 124 124 124 126 126 126
217 217 217 214 214 214 212 212 212 219 223 223 214 214 214 219 223 223 217 217 217 221 223 223 215 215 215 218 218 218
346 346 346 347 347 347 348 348 348 344 344 344 342 342 342 346 346 346 349 349 349 349 350 350 349 349 349 335 335 335
265 265 265 266 262 262 262 265 265 269 269 269 267 262 262 262 269 269 269 265 265 257 257 257 265 265 265 263 263 263
123 123 124 124 124 126 126 126 126 125 125 125 127 127 125 125 125 123 123 123 122 122 122 129 129 129 126 126 126 123
213 213 221 221 221 214 214 214 220 218 218 212 212 212 212 212 212 215 215 215 215 215 215 219 219 219 212 212 212 217
347 347 348 348 348 339 339 339 344 344 344 345 347 347 341 341 341 346 346 346 342 342 342 346 346 346 338 338 338 344
266 266 266 266 266 267 266 266 255 255 255 263 264 264 262 262 262 262 259 259 259 260 260 257 257 257 264 262 262 262
123 127 123 123 123 127 127 126 126 126 124 124 124 125 125 125 129 130 130 129 129 129 127 127 127 128 128 128 130 130
217 214 214 214 214 214 214 222 220 220 220 220 220 222 222 222 222 224 224 223 223 223 219 219 219 229 229 229 224 224
344 342 342 342 341 341 341 343 343 343 349 349 349 349 349 349 355 355 355 355 355 355 361 361 361 354 354 354 360 360
266 259 259 259 262 262 262 263 263 263 258 258 258 265 265 265 268 268 268 269 271 271 270 270 270 270 270 270 274 275
129 129 129 134 134 134 131 131 131 132 130 130 126 126 126 135 134 134 134 135 135 132 132 132 129 129 129 135 135 135
229 229 229 225 225 225 229 230 230 229 229 229 231 231 231 228 228 228 230 230 230 233 234 234 234 234 234 227 227 227
366 366 366 371 370 370 364 364 364 373 374 374 369 369 369 376 377 377 373 373 373 377 381 381 378 378 378 381 385 385
273 273 273 270 270 270 272 272 272 271 271 271 278 281 281 273 273 273 277 277 277 272 272 272 275 275 275 281 281 281
132 132 130 130 130 136 132 132 132 134 134 126 126 126 131 131 131 130 130 130 136 134 134 131 131 131 130 130 130 132
231 231 229 229 229 227 227 227 231 231 231 233 231 231 230 230 230 227 227 227 236 236 236 230 230 230 231 231 231 234
377 377 369 369 369 374 374 374 375 375 375 378 381 381 368 368 368 378 376 376 367 367 367 381 379 379 367 367 367 372
281 281 279 279 279 264 264 264 276 276 276 279 279 279 278 278 278 280 280 280 282 280 280 273 273 273 280 279 279 279
132 134 134 134 133 133 133 131 131 131 131 131 131 130 130 130 129 129 129 131 128 128 128 129 129 129 129 129 129 129
233 231 231 231 227 227 227 228 228 228 222 222 222 224 224 224 222 222 222 236 233 233 225 225 225 224 224 224 223 223
372 374 374 374 381 378 378 369 369 369 368 368 368 367 367 367 369 369 369 360 360 360 367 367 367 362 362 362 358 358
278 278 278 278 278 278 278 277 275 275 275 273 273 271 271 271 272 278 278 278 274 274 273 273 273 265 265 265 272 269
129 130 130 129 129 129 126 126 126 127 127 127 130 130 130 126 126 126 125 125 125 126 126 126 125 125 125 129 129 129
218 218 218 223 223 223 228 228 228 222 222 222 226 227 227 225 225 225 226 226 226 225 225 225 224 224 224 228 228 228
362 364 364 365 366 366 361 361 361 366 358 358 354 354 354 355 355 355 352 352 352 354 354 354 353 353 353 359 359 359
265 265 265 265 265 265 273 274 274 274 269 269 267 267 267 271 269 269 269 271 271 267 267 267 267 271 271 270 268 268
129 129 128 128 128 130 130 130 128 128 128 130 130 130 129 128 128 128 128 128 126 126 126 128 128 128 128 128 128 128
220 220 229 227 227 218 218 218 220 220 220 222 222 222 230 226 226 225 225 225 217 217 217 219 219 219 225 223 223 213
364 364 358 358 358 366 367 367 367 362 362 360 360 360 356 356 356 354 354 354 350 350 350 354 355 355 345 345 345 352
264 264 270 271 271 263 263 263 262 262 262 265 265 265 268 267 267 260 257 257 257 264 264 264 260 260 260 261 261 257
128 126 126 126 127 127 127 125 125 125 127 127 127 127 127 127 130 130 130 130 129 129 128 128 128 130 130 130 130 132
213 224 224 224 225 229 229 221 221 221 217 217 217 223 223 223 231 231 231 227 227 227 227 227 227 230 230 230 221 221
355 350 350 350 344 344 344 349 349 349 356 354 354 354 354 354 354 354 354 359 359 359 356 356 356 365 365 365 358 358
257 263 260 260 260 261 261 266 261 261 259 259 259 257 257 257 265 266 266 264 264 264 270 273 273 272 272 272 264 264
125 125 125 128 128 128 127 127 127 130 130 130 127 127 127 126 126 126 129 129 129 130 134 134 132 132 132 132 133 133
227 227 227 228 228 228 231 229 229 224 224 224 229 229 229 229 228 228 228 229 229 232 232 232 230 230 230 226 226 226
360 363 363 359 359 359 359 359 359 363 362 362 362 363 363 357 357 357 363 363 363 368 368 368 370 374 374 372 372 372
268 269 269 270 268 268 268 266 266 266 267 267 263 263 263 266 269 269 269 270 270 267 267 267 264 264 264 267 267 267
134 134 133 133 133 131 131 131 134 134 134 135 135 135 135 133 133 133 133 133 133 134 134 126 126 126 135 133 133 133
234 234 230 230 230 234 237 237 230 230 230 235 235 235 232 232 232 234 234 234 235 235 235 235 235 235 236 236 236 231
365 365 377 377 377 371 371 371 375 375 375 378 374 374 374 373 373 369 369 369 364 364 364 362 362 362 367 367 367 365
273 273 266 266 266 275 275 275 272 271 271 271 272 272 262 262 262 261 261 261 270 273 273 267 267 267 269 269 269 264
131 131 132 132 132 132 132 126 126 126 128 128 128 126 126 126 125 125 125 130 130 130 130 131 131 132 131 131 129 129
231 228 228 228 228 228 228 232 232 232 230 230 230 227 227 227 228 228 228 223 223 223 228 228 228 224 224 224 227 227
365 368 374 374 367 366 366 356 356 356 364 364 364 353 353 353 356 356 356 360 360 360 358 358 358 350 350 350 355 356
264 266 266 266 265 265 265 264 264 264 267 266 266 258 258 258 262 262 262 252 252 252 257 257 257 248 248 248 256 256
131 130 130 128 128 128 125 125 125 128 128 128 128 128 128 124 124 124 128 130 130 130 131 131 128 128 128 129 129 129
228 228 228 229 229 229 230 230 230 226 226 226 219 219 219 224 224 224 229 229 229 231 231 231 223 223 223 225 225 225
357 357 357 346 346 346 347 347 347 350 350 350 353 353 353 346 346 346 353 353 353 351 351 351 356 354 354 354 355 355
261 257 257 255 255 255 260 260 260 261 260 260 247 247 247 253 253 253 260 257 257 255 255 255 260 258 258 257 257 257
133 133 125 125 125 128 128 128 129 129 129 128 125 125 125 130 130 125 125 125 131 130 130 127 127 127 125 125 125 121
223 223 229 229 229 225 225 225 225 223 223 220 220 220 222 222 222 227 228 228 223 223 223 219 219 219 220 220 220 221
353 353 347 347 347 345 345 345 350 343 343 343 345 345 338 338 338 342 342 342 347 349 349 345 345 345 343 343 343 342
256 256 254 254 254 255 248 248 247 247 247 247 247 247 242 242 242 250 250 250 251 251 251 247 242 242 242 247 247 241
121 125 125 125 126 126 126 125 125 125 127 127 127 124 124 124 127 127 127 128 128 128 132 132 132 127 127 127 128 128
221 226 226 226 227 227 227 225 225 225 224 224 224 227 227 227 223 223 223 219 219 219 226 225 225 225 230 230 230 228
342 336 336 336 337 337 337 337 337 337 342 342 342 337 337 337 345 343 343 342 342 342 343 343 343 348 348 348 340 340
241 249 247 247 247 248 248 248 247 247 247 252 252 247 247 247 238 238 238 249 249 249 242 242 242 250 253 253 253 251
131 131 131 128 128 128 122 122 122 123 123 123 130 129 129 128 128 128 133 130 130 130 131 131 134 135 135 126 126 126
228 228 228 228 230 230 228 228 228 230 232 232 226 226 226 232 233 233 228 228 228 233 234 234 230 230 230 237 236 236
345 345 345 347 347 347 343 343 343 345 345 345 346 346 346 351 351 351 354 354 354 352 349 349 349 355 355 349 349 349
251 251 251 247 247 247 253 253 253 253 253 253 253 252 252 252 252 252 249 249 249 251 247 247 247 251 251 258 260 260
133 133 130 130 130 129 129 129 129 129 129 129 129 129 128 128 128 134 134 134 134 134 134 135 137 137 136 132 132 132
236 236 234 234 234 242 240 240 239 239 239 243 244 244 234 234 234 239 239 239 238 238 238 235 235 235 233 233 233 231
362 362 364 364 364 367 367 367 364 364 364 363 363 363 366 366 366 368 366 366 363 363 363 367 365 365 363 363 363 367
251 251 251 251 251 263 265 265 263 263 263 269 268 268 268 267 267 267 259 259 257 257 257 264 261 261 257 257 257 260
134 134 135 135 128 128 128 134 134 134 128 128 128 135 135 135 134 133 133 133 135 135 135 134 134 129 129 129 130 130
231 235 235 235 237 237 237 239 240 240 236 236 236 237 237 237 233 233 233 232 232 232 235 235 235 232 232 232 239 239
368 358 358 358 360 360 360 365 365 365 360 360 360 365 368 368 368 370 370 369 369 369 366 366 366 357 357 357 349 349
260 258 258 258 264 262 262 256 256 256 256 256 256 255 255 255 260 260 260 260 260 260 257 257 257 258 258 258 257 256
131 131 131 131 131 131 132 132 132 128 128 128 130 130 130 132 132 132 131 131 131 132 132 132 132 132 132 129 129 129
233 233 233 232 232 232 232 232 232 234 234 234 235 237 237 233 233 233 232 232 232 230 230 230 228 228 228 228 228 228
352 352 352 359 360 360 361 361 361 357 357 357 357 355 355 355 361 361 361 357 357 357 356 356 353 353 353 349 349 349
256 260 260 250 250 250 253 253 253 256 254 254 254 258 258 253 253 253 254 254 254 254 252 252 250 250 250 250 250 250
130 130 134 131 131 124 124 124 130 130 130 128 128 128 124 124 124 130 131 131 128 128 128 129 129 129 134 133 133 133
230 230 229 229 229 233 235 235 235 233 233 230 230 230 233 234 234 231 231 231 227 227 227 223 223 223 229 229 229 231
350 350 346 346 346 344 344 344 346 346 346 343 343 343 349 349 349 343 343 343 344 344 344 345 342 342 339 339 339 348
250 250 255 255 255 253 248 248 248 248 248 250 249 249 249 248 248 248 246 246 244 244 244 246 246 246 243 243 243 248
129 128 128 128 130 126 126 126 131 131 125 125 125 129 129 129 129 134 134 126 126 126 125 125 125 127 127 127 133 130
231 228 228 228 222 222 222 230 230 230 231 231 231 232 232 232 229 229 229 231 231 231 234 234 234 231 231 231 224 224
349 349 349 349 349 347 347 347 351 351 337 337 337 341 341 341 346 346 346 342 342 342 342 342 342 347 347 347 347 350
248 248 248 248 240 240 240 238 238 238 247 247 247 247 247 247 244 244 244 246 251 251 245 245 245 242 242 242 245 247
127 127 127 128 128 128 131 129 129 129 129 129 131 132 132 127 127 127 127 127 127 130 130 130 132 132 132 133 133 133
233 233 233 231 231 231 230 230 230 226 226 226 229 229 229 236 236 236 233 233 233 239 239 239 229 229 229 232 232 232
340 340 340 341 341 341 349 349 349 351 355 355 354 354 354 345 345 345 349 349 349 348 348 348 355 355 355 358 363 363
244 244 244 252 251 251 240 240 240 244 244 244 243 243 243 254 254 254 250 250 250 254 251 251 251 252 252 252 258 258
131 131 134 134 134 134 134 134 132 132 132 136 135 135 134 134 134 134 134 134 136 136 136 133 133 133 136 136 136 132
238 238 229 229 229 239 239 239 236 236 236 236 236 236 238 238 238 240 240 240 243 243 243 245 245 245 246 247 247 242
365 365 369 369 369 363 363 363 372 372 372 373 373 373 374 373 373 367 367 367 370 370 370 362 362 362 374 376 376 372
252 252 255 255 255 261 262 262 261 261 261 262 262 262 261 261 261 261 267 267 266 264 264 264 261 261 261 265 265 269
132 133 133 133 136 136 136 139 137 137 132 132 132 137 136 136 136 138 138 133 133 133 139 139 139 133 133 133 136 137
242 246 247 247 240 240 240 231 231 231 237 237 237 238 238 238 243 243 243 239 239 239 243 243 243 235 235 235 242 246
372 373 373 373 379 378 378 375 375 375 379 381 381 376 376 376 369 369 369 376 376 376 367 367 367 373 372 372 367 367
268 268 271 271 264 264 264 264 264 264 263 263 263 265 265 265 265 265 265 263 263 263 263 263 263 258 258 258 263 267
137 137 137 137 137 137 137 138 138 138 137 137 133 133 133 137 139 139 136 136 136 134 134 134 130 130 130 136 136 136
246 246 246 246 246 246 242 242 242 244 244 244 249 250 250 246 246 246 240 240 240 241 241 241 243 248 248 246 246 246
369 369 369 368 368 368 380 379 379 373 373 373 369 369 369 376 376 376 376 375 375 365 365 365 366 366 366 372 370 370
265 265 265 265 266 266 266 267 267 268 270 270 267 265 265 264 264 264 267 266 266 264 264 264 260 260 260 256 256 256
137 137 134 134 134 133 133 133 132 132 132 128 128 128 130 130 130 130 130 130 132 132 132 136 133 133 129 129 129 137
238 238 243 241 241 241 241 241 241 241 241 240 240 240 243 243 243 238 238 238 236 236 236 238 238 238 241 241 241 238
369 369 368 368 368 370 368 368 365 365 365 362 362 362 359 359 359 365 360 360 360 358 358 356 356 356 360 360 360 362
262 262 262 263 263 259 259 259 257 257 257 258 257 257 255 255 255 249 249 249 256 253 253 247 247 247 251 251 251 251
137 132 132 132 132 132 132 133 133 133 131 131 131 132 132 132 136 136 136 129 129 129 138 138 138 138 138 138 133 133
238 242 242 242 237 237 237 239 239 239 241 239 239 239 244 244 241 241 241 241 244 244 239 239 239 240 240 240 235 235
364 361 361 361 362 362 362 364 361 361 351 351 351 362 363 363 360 360 360 356 356 356 358 358 358 359 359 359 362 362
251 255 257 257 254 254 254 249 249 249 257 256 256 253 253 253 253 252 252 252 255 255 255 257 257 258 258 258 254 254
135 135 135 130 130 130 133 133 133 133 133 133 136 135 135 135 138 138 136 136 136 132 132 132 133 133 133 141 137 137
242 242 242 242 242 242 237 237 237 242 242 242 241 241 241 243 243 243 237 237 237 246 247 247 243 243 243 245 245 245
359 359 359 361 361 361 355 355 355 355 355 355 367 367 367 367 368 368 370 371 371 363 363 363 363 363 363 372 373 373
255 256 256 256 255 255 255 255 255 255 254 254 254 255 255 253 253 253 257 259 259 260 262 262 257 257 257 261 263 263
142 142 142 142 142 142 142 142 140 140 140 138 138 138 136 136 136 141 141 141 136 136 136 143 142 142 138 138 138 143
249 249 250 252 252 246 246 246 245 245 245 252 252 252 252 252 252 253 253 253 252 252 252 259 259 259 259 259 259 251
370 370 378 378 378 374 374 374 385 385 385 374 374 374 379 379 379 392 397 397 386 386 386 390 389 389 382 382 382 390
270 270 268 268 268 268 267 267 267 270 270 267 267 267 269 269 269 270 270 270 272 272 272 273 273 273 275 275 275 263
143 140 140 140 138 138 138 139 139 139 138 138 138 138 138 138 136 136 136 135 135 135 136 140 140 137 137 137 138 138
251 258 256 256 247 247 247 255 256 256 245 245 245 249 249 249 251 251 251 246 246 246 246 246 246 247 250 250 249 249
390 385 385 385 378 378 378 380 380 380 379 379 379 379 379 379 371 371 371 378 378 378 378 375 375 375 377 377 371 371
263 266 266 266 270 269 269 269 270 270 267 267 267 267 264 264 264 265 265 258 258 258 256 256 256 260 264 264 264 264
138 140 140 135 135 135 135 135 135 136 136 136 140 140 140 138 138 138 136 136 136 142 139 139 139 141 141 135 135 135
246 246 246 251 251 251 253 254 254 249 249 249 247 247 247 253 252 252 246 246 246 251 251 251 251 249 249 248 248 248
380 380 380 376 376 376 379 379 379 379 379 379 383 382 382 373 373 373 383 381 381 372 372 372 370 370 370 372 372 372
264 268 268 263 263 263 265 265 265 260 260 260 262 262 262 265 263 263 260 260 260 261 261 261 263 262 262 260 260 260
133 133 138 138 138 136 136 136 138 138 138 133 133 133 138 138 138 131 131 131 135 135 135 133 133 133 135 135 135 133
245 245 243 243 243 249 249 249 244 244 244 243 243 243 241 241 241 243 243 243 232 232 232 241 241 241 237 237 237 242
366 366 360 360 360 360 360 360 367 373 373 364 364 364 359 359 359 353 353 353 361 361 361 361 359 359 359 362 362 353
256 256 260 260 260 251 251 251 251 251 251 254 251 251 249 249 249 248 248 248 245 245 245 247 247 247 248 250 250 241
