1 2 2 1 1 1 2 3 3 3 4 5 5 5 5 5 4 4 4 2 4 2 2 2 3 3 3 2 1 0 -1 -1 2 2 2 2 2 2 2 1 2 1 0 0 0 0 -1 -1 1 1 2 1 1 1 1
-1 -2 -2 -1 0 1 1 1 0 2 2 3 4 4 3 2 -1 -1 -1 -1 -1 -1 -1 5 5 5 3 3 2 4 4 4 3 2 2 5 5 3 2 2 2 3 3 4 3 3 3 3 3 3 3 3 3 2 2
1 1 1 1 0 1 0 1 0 1 1 2 2 4 4 4 3 3 3 3 3 3 3 3 2 2 2 2 2 2 3 4 4 4 3 3 2 3 3 5 5 4 4 4 4 4 2 2 2 2 2 2 3 5 5
-2 -1 -1 0 0 0 0 0 0 1 2 2 2 4 4 6 6 6 6 6 6 6 6 4 2 3 2 3 2 2 2 3 3 3 3 3 3 3 3 3 2 2 2 2 2 2 3 3 3 2 2 2 2 3 3
0 0 -1 0 1 1 1 1 1 2 6 6 7 10 10 11 12 12 12 12 12 12 12 13 13 13 12 10 8 8 8 8 8 8 8 8 7 6 6 3 3 2 1 1 1 1 1 1 3 3 1 0 0 -1 -1
0 0 0 2 2 2 1 1 3 4 4 7 9 12 15 16 17 17 17 17 17 17 17 16 13 10 10 9 8 7 5 5 4 3 1 1 1 1 1 1 0 0 0 0 0 -1 -1 0 0 0 1 1 0 0 0
1 1 1 1 1 1 2 1 3 3 3 3 3 4 4 4 3 3 3 3 3 3 3 4 4 2 2 2 4 4 1 1 1 1 1 1 1 3 3 3 3 2 2 2 2 1 1 1 1 0 0 0 1 1 1
1 0 0 0 1 1 1 1 -1 2 2 2 2 2 2 2 2 2 2 2 2 2 2 1 1 2 2 2 4 4 4 4 4 4 4 3 3 3 2 2 2 2 1 1 1 1 1 0 0 0 1 1 1 1 1
2 2 1 1 1 2 2 3 3 3 3 2 2 2 3 3 2 2 2 2 2 2 2 4 4 3 3 3 3 3 3 1 1 2 3 3 2 1 1 1 2 0 4 3 3 3 1 1 1 1 1 2 2 2 3
1 1 2 2 2 2 2 2 2 3 3 3 3 3 3 4 5 5 5 5 5 5 4 2 2 2 3 3 3 3 3 3 3 3 3 2 2 2 2 1 1 2 3 3 2 1 1 1 1 2 3 2 2 2 2
2 2 3 2 2 1 0 1 2 3 3 3 1 1 2 3 4 4 4 4 4 4 4 2 2 2 1 1 2 2 1 1 1 1 1 0 0 0 2 0 2 2 2 1 1 1 0 0 0 0 2 2 2 2 0
1 1 2 0 2 1 1 0 0 2 2 1 1 3 3 5 5 5 5 5 5 5 3 3 5 5 5 5 5 5 5 3 3 2 4 1 2 0 1 1 1 1 1 1 0 0 1 1 2 2 2 2 2 2 2
2 2 2 2 2 3 3 3 2 2 2 3 3 3 3 3 3 3 3 3 3 3 3 3 4 4 4 4 4 3 3 3 4 2 2 2 2 2 2 2 2 3 3 1 1 2 2 2 1 1 1 2 2 1 1
1 1 3 3 1 1 1 2 2 5 2 3 3 3 4 4 1 1 1 1 1 1 3 3 3 5 5 4 3 2 2 2 2 2 2 2 2 2 2 4 1 0 0 1 1 1 1 0 -1 -1 -1 2 2 -1 -1
1 1 1 2 2 2 2 3 3 3 3 2 2 3 3 3 3 3 3 3 3 3 3 3 3 2 1 1 2 2 3 3 3 3 1 1 1 1 1 1 2 2 2 1 1 1 1 1 1 1 2 2 1 1 1
1 0 0 1 2 3 3 1 1 1 2 1 2 4 4 3 3 3 3 3 3 3 3 3 3 3 3 3 3 3 3 3 3 3 2 1 1 1 2 1 2 1 3 3 3 3 2 1 1 1 2 0 0 0 -1
2 2 1 1 1 1 3 1 2 2 2 2 2 2 3 3 3 3 3 3 3 3 4 4 4 4 4 4 4 4 4 2 2 2 5 5 3 3 3 1 1 1 1 2 2 2 2 -1 1 1 2 2 2 2 2
1 0 0 2 2 2 2 0 2 2 2 2 4 4 3 3 3 3 4 4 1 1 2 2 2 1 0 0 0 0 0 0 0 0 0 0 0 0 0 2 0 2 1 2 3 3 3 3 2 1 1 1 2 2 2
1 1 2 2 1 1 2 2 2 2 3 3 3 5 8 5 5 5 5 5 6 6 6 6 5 5 4 3 3 3 0 0 0 0 0 0 0 1 1 1 0 -1 -1 0 0 0 0 0 0 0 0 1 1 1 -2
0 0 -1 0 0 1 1 1 1 1 4 5 5 5 6 8 8 8 8 8 8 8 7 7 7 8 8 8 7 7 7 7 7 7 5 4 3 3 2 1 1 1 1 1 0 0 0 0 -2 -2 -2 -1 -1 -1 -1
1 1 -1 -1 0 1 2 2 2 3 2 3 3 3 3 4 4 4 3 2 2 3 3 2 1 2 1 1 1 1 1 3 3 0 0 0 -1 -1 -1 -1 -1 -1 -2 -2 -2 -1 -1 1 -1 -1 -1 1 1 1 -1
-2 -2 -2 -1 0 2 2 2 2 3 3 5 5 5 5 5 3 3 3 3 3 3 5 5 3 3 3 3 3 3 3 3 3 3 3 3 2 0 -1 -1 -1 1 -1 1 0 0 0 0 0 1 1 0 0 0 0
0 0 0 0 0 1 1 2 2 2 2 2 2 4 4 4 4 4 3 3 5 5 4 3 1 1 1 2 -1 2 -1 -1 -1 -1 -1 -1 -1 0 0 1 0 0 -1 -1 -1 -1 -1 -1 -1 0 0 -1 -1 0 0
0 0 -2 -1 -1 1 1 1 1 3 3 3 3 4 5 6 6 6 6 6 6 6 5 5 5 5 4 3 3 3 3 3 3 3 3 3 3 2 -1 -1 -1 -1 -1 1 1 -2 -2 -2 -2 -1 -1 1 1 0 -1
-1 0 0 0 0 -1 1 0 1 2 2 2 2 4 4 4 6 6 6 6 6 6 4 4 4 4 4 4 4 4 4 4 3 3 2 1 1 1 0 1 1 1 -1 -1 0 0 0 -3 -3 0 0 0 0 0 2
1 1 1 1 1 1 0 0 0 0 3 4 4 5 5 5 5 5 5 5 5 5 5 5 5 4 4 4 4 4 4 4 4 2 2 3 3 1 0 1 1 1 1 1 -1 1 0 0 0 0 -1 -2 -1 -1 -1
1 0 2 -1 0 0 0 -1 -1 2 2 3 3 5 5 4 4 4 4 4 4 4 4 4 4 4 5 6 6 6 6 6 6 6 5 3 1 1 1 1 1 -1 -1 0 0 1 1 1 1 1 1 1 0 0 -1
2 2 0 0 1 1 1 1 1 1 2 3 3 3 4 5 4 4 4 4 4 3 3 3 3 1 -1 1 1 1 1 -1 -1 0 0 0 0 0 -1 -1 -2 -2 -2 -2 -1 0 0 0 0 0 0 0 1 1 0
1 0 2 0 1 1 1 3 3 5 6 6 6 5 7 6 6 5 5 5 5 4 4 4 4 3 3 2 3 3 3 1 0 0 0 1 1 1 0 0 0 -1 -1 -1 0 2 2 1 1 0 0 0 0 -1 -1
1 1 1 1 1 1 1 1 1 1 2 3 2 3 5 5 4 4 4 4 4 4 5 5 5 5 6 6 6 6 6 6 6 4 3 3 3 3 0 0 -1 0 -1 1 -1 -1 -2 -2 1 1 1 1 -1 0 -1
0 0 0 0 0 0 0 1 1 1 2 5 5 5 5 5 5 5 5 5 5 5 5 5 4 4 4 4 4 4 4 4 4 4 3 3 3 2 2 2 1 1 1 -1 -1 -1 0 -1 -2 -2 -2 -1 -1 0 0
0 0 0 0 0 0 1 1 2 2 2 3 5 6 6 6 4 4 4 4 4 4 4 4 4 4 4 3 6 6 6 6 6 6 6 6 6 6 3 3 1 0 1 1 1 -1 -1 -1 -1 -1 -1 -1 -1 -1 -2
-1 -1 -1 0 1 1 1 3 3 3 5 5 4 4 3 3 3 3 3 3 3 3 3 2 1 1 1 1 1 1 0 0 0 1 -1 0 0 2 2 0 0 0 0 0 0 0 0 0 0 0 0 0 0 0 -1
1 1 0 1 0 1 1 1 1 1 2 2 2 3 2 2 2 3 3 2 2 1 1 1 1 1 1 1 0 1 2 2 2 0 0 0 0 0 0 0 0 0 0 0 0 0 -1 0 0 0 0 0 0 0 1
1 -1 -1 1 1 1 -1 -1 0 2 1 1 1 1 1 1 2 2 2 2 2 2 1 1 1 2 1 2 1 1 0 0 1 1 1 1 1 1 0 0 2 2 2 1 1 0 -1 0 0 1 1 1 1 1 1
0 -1 0 0 0 0 -1 -1 -1 -1 0 0 0 0 0 1 1 1 1 1 1 1 1 1 1 1 0 0 0 0 0 0 0 0 1 1 1 2 0 0 0 -1 -1 -1 0 1 1 -1 -1 -1 -1 0 -1 -1 -1
0 -1 -1 -1 0 0 1 1 0 0 0 1 1 1 1 1 0 0 0 0 0 0 1 1 1 0 0 1 1 1 1 1 1 1 1 1 0 0 0 1 1 -1 -1 -1 1 -1 0 -1 0 0 0 0 0 0 -1
1 1 1 -1 1 -2 -2 -2 -1 -1 -1 1 1 1 1 1 1 1 1 1 2 1 1 1 1 0 0 0 1 1 1 0 -1 -1 0 0 0 0 -1 -3 -2 -2 -2 -1 -1 -1 -1 -1 0 0 -1 -1 -1 -1 1
0 0 0 1 3 2 4 4 4 2 2 2 2 2 3 4 4 4 4 4 4 4 4 1 1 3 5 5 5 5 5 5 2 1 2 1 1 1 1 2 2 3 2 1 1 1 1 2 2 3 2 3 2 2 2
0 2 1 2 1 0 0 1 1 1 2 3 4 4 4 5 5 5 5 5 5 5 5 5 3 3 3 3 3 3 3 3 5 5 4 2 2 1 1 1 2 2 3 2 3 1 4 2 2 2 2 2 2 1 1
1 2 2 2 2 2 2 2 1 1 5 5 4 3 4 4 4 4 4 4 4 3 3 4 4 3 3 3 3 3 3 3 2 1 2 0 0 0 1 2 1 2 2 2 2 2 2 2 2 2 2 2 2 2 1
2 2 3 3 3 2 3 2 3 3 3 3 0 4 4 4 4 4 4 4 4 4 3 2 3 3 3 3 3 3 3 3 3 4 4 3 2 2 1 2 2 4 2 4 2 2 2 2 1 2 1 1 1 3 3
2 2 1 1 1 1 3 3 4 4 2 2 2 3 1 3 3 3 3 1 1 1 2 2 2 4 4 4 3 1 1 1 2 2 2 2 2 2 2 2 2 1 1 2 2 2 1 1 0 1 0 0 0 0 1
3 3 2 2 3 5 3 1 1 1 2 3 5 5 5 5 5 5 5 4 4 4 3 2 1 0 0 0 0 1 -1 0 0 0 1 1 -1 -1 1 1 1 1 1 1 1 2 -2 0 0 0 -1 -1 -1 -1 -1
0 0 0 0 1 0 0 0 0 2 2 2 2 4 5 6 6 6 6 6 6 6 6 7 7 7 5 5 5 5 5 5 4 3 2 2 0 -1 0 0 0 -1 -1 -1 0 0 0 0 0 1 0 0 -1 -1 -3
0 0 1 1 2 2 1 0 0 0 2 2 3 3 3 3 2 2 2 1 1 1 1 0 0 -1 -1 -1 -1 0 0 0 -1 0 -1 0 -1 -1 -2 -2 0 0 -1 -1 -1 0 -1 0 -1 -1 -1 -1 -1 -1 -1
0 0 -2 0 -1 0 -1 0 0 2 3 3 3 4 4 4 4 4 4 4 1 -1 1 -1 1 1 2 2 0 0 0 0 0 -1 -1 -1 0 0 -1 -1 0 0 1 1 0 -1 0 -1 -1 -1 -1 -1 1 1 2
0 0 1 2 1 2 3 3 3 3 4 4 3 2 3 4 4 4 4 4 4 4 4 5 4 5 4 4 3 3 2 2 2 2 0 3 0 0 0 0 1 1 1 1 1 1 1 1 1 2 1 -1 -1 0 1
1 1 1 1 1 1 2 1 2 4 5 4 4 4 4 4 4 4 4 4 4 4 4 3 4 4 4 4 4 4 4 4 4 4 3 1 1 0 1 1 1 1 1 0 0 0 -1 0 1 1 1 1 1 1 0
0 2 2 1 1 1 1 1 2 2 2 2 2 2 3 3 3 3 3 3 3 3 3 4 5 4 4 4 4 4 4 4 4 4 2 2 2 2 2 2 3 3 2 0 0 0 0 0 0 0 0 -1 1 1 1
0 0 2 1 2 1 1 1 2 4 5 4 4 2 2 2 2 2 2 2 2 2 4 4 4 4 5 5 5 5 5 5 4 2 1 1 1 0 0 0 -1 1 1 1 1 2 2 2 0 0 2 2 2 2 2
1 1 1 1 2 3 3 0 0 1 1 4 4 3 3 3 3 3 3 3 3 3 3 3 3 3 3 3 3 3 3 3 2 2 2 2 2 2 1 0 0 0 0 0 1 1 -1 -1 -1 1 -1 1 1 1 2
0 1 1 1 1 1 2 2 2 2 3 3 3 5 5 6 6 6 6 6 6 6 4 4 5 5 5 5 5 5 5 4 3 2 3 2 2 1 1 -1 -1 0 1 1 1 1 1 1 1 0 -1 -1 0 0 1
2 2 2 2 4 2 2 2 2 2 2 2 4 4 5 5 4 4 4 4 4 4 4 4 2 2 1 1 2 2 3 2 2 2 1 1 0 1 1 1 0 0 2 2 2 1 0 -1 -1 -1 0 1 1 1 0
0 0 0 1 1 2 1 1 1 2 3 3 3 3 3 3 2 2 2 2 2 2 4 4 4 4 4 4 4 4 4 4 5 3 2 2 2 2 1 1 1 0 0 3 3 1 0 -1 -1 -1 0 0 0 0 0
1 0 0 2 2 1 0 1 0 1 1 3 1 2 2 3 3 2 2 2 2 2 0 0 0 1 0 1 0 0 0 2 2 2 1 2 1 2 2 2 2 2 2 2 2 1 1 0 0 0 0 1 0 0 0
0 -2 0 0 0 0 0 0 0 1 1 1 1 1 1 2 4 4 4 4 4 4 4 2 3 3 3 3 3 3 3 2 1 0 0 2 2 1 1 1 0 0 0 -1 -3 -3 0 1 1 0 -1 -1 1 1 1
2 2 1 0 0 0 1 1 1 1 1 3 1 3 1 2 2 2 2 2 2 2 2 2 2 2 2 2 2 2 2 2 0 0 1 1 1 -1 2 1 1 1 2 2 -2 -2 0 0 1 -1 0 0 0 1 -1
0 0 0 3 0 0 0 0 1 0 1 2 2 3 1 1 1 1 3 3 1 1 0 2 2 2 0 -1 0 1 1 1 1 0 0 0 0 0 0 0 0 1 0 -2 -2 -1 0 -1 0 -1 0 2 2 1 1
3 2 2 2 2 3 2 2 1 1 1 2 3 3 3 3 2 2 2 2 2 2 2 2 2 1 1 1 1 1 1 1 3 1 2 1 2 1 2 3 3 2 1 1 1 1 -1 -1 2 3 3 1 1 3 3
1 1 0 0 1 1 -1 -1 1 2 2 2 2 3 3 3 3 3 3 3 3 3 3 3 2 1 2 0 1 0 -1 -1 -1 0 0 0 0 0 0 -1 -1 -1 0 1 1 1 2 0 1 0 0 0 0 0 1
0 -3 -3 1 1 2 2 2 -1 2 1 1 1 2 3 3 1 1 1 1 1 2 2 2 1 1 1 0 0 -1 -1 0 1 1 -1 -1 0 0 0 -1 -1 0 0 0 0 -1 -1 -1 0 0 0 0 1 0 1
1 1 2 1 0 0 1 1 0 0 1 1 1 2 2 2 0 0 0 1 3 3 3 2 2 1 1 1 0 0 1 1 2 1 0 0 0 0 0 -2 0 -2 0 0 1 1 1 1 1 1 0 -2 -2 -2 -1
0 0 0 0 -1 0 -1 0 1 2 1 2 1 1 1 2 2 0 0 0 -1 -1 0 0 -1 -1 -1 -1 -1 0 0 -1 -1 -1 0 0 0 -1 -1 -1 -1 -2 -2 -2 0 0 0 -2 -2 -2 -2 -1 -1 -2 -2
1 0 0 0 0 -1 -1 -1 -1 2 0 2 1 1 1 0 -1 -1 -1 -1 -1 -1 -1 2 2 2 0 0 0 0 0 0 0 0 0 1 1 1 0 -1 0 -1 -1 -3 -3 -2 -1 -1 -1 -1 -1 -1 -1 -1 -1
-3 -3 -2 -1 -2 0 -1 1 1 1 0 0 1 1 1 -1 -1 -1 -1 -1 -1 1 6 6 6 2 2 149 149 141 141 147 147 5 2 2 2 0 0 1 1 0 -3 -3 -3 -3 -3 -3 -2 -1 -2 -2 -2 -2 -1
0 -1 -2 -2 -2 -2 -2 -1 -1 -1 -1 -1 0 0 0 0 0 0 0 0 0 0 1 1 1 0 0 -2 -2 -2 -2 -2 -2 1 1 0 -2 -2 -2 -1 -1 -1 -2 -3 -3 -1 -1 -2 -2 -2 -2 -2 -2 -2 -2
-1 -1 -2 -2 -2 -1 0 0 0 -1 -1 0 0 -1 -1 -1 -1 -1 -1 -1 -1 -1 -1 0 0 0 0 0 0 0 0 0 -1 -1 -1 -1 -3 -3 -3 -1 -1 -1 -2 -1 -2 1 -1 -1 -2 -2 -2 -2 -2 -2 -1
-1 -1 -1 -2 -1 -1 -1 -1 0 0 0 0 1 1 1 1 2 2 2 2 2 2 2 0 0 0 0 0 0 0 0 0 -1 -1 -1 -1 -2 -2 -1 -1 -1 -1 -1 -1 -1 2 2 0 -1 -2 -1 -1 -1 -1 -3
0 0 0 -2 -1 -2 -2 -2 0 0 0 0 2 2 1 0 0 0 0 0 0 2 2 1 1 1 1 1 1 1 1 1 1 2 -2 2 -1 -1 -1 -1 -1 0 0 0 -2 -2 0 0 -1 -2 -2 -2 -2 -2 -2
-1 -2 -3 -3 -2 0 0 0 0 0 0 1 0 0 0 1 1 1 1 1 1 1 0 0 1 1 1 1 1 1 1 1 1 1 -1 -1 -1 -1 0 0 0 0 -1 -1 -1 -1 -3 -3 1 1 0 -1 -1 -2 -1
-1 -1 -2 -2 -2 -1 0 0 0 1 2 2 0 0 0 0 -1 0 2 2 2 1 1 0 2 0 2 0 2 1 1 -1 -3 -3 -1 -1 -1 0 0 -1 -1 -2 -2 -2 -1 -1 -1 -1 -1 -2 0 0 0 -1 -1
-2 -1 1 1 -1 -1 -1 -1 -1 -1 -1 0 0 0 0 1 1 1 1 1 1 1 0 -1 -1 1 2 2 2 2 2 2 2 1 1 1 0 0 0 0 0 -1 -1 -1 0 0 -1 -1 -1 -4 -2 -2 -2 -2 -3
-2 -2 -1 -1 -1 -1 -2 0 0 0 1 2 2 1 1 1 0 0 0 0 0 0 0 0 -1 -1 -1 1 1 1 1 1 1 1 0 -1 -1 0 0 -2 -2 -2 -2 -2 -1 0 -1 -2 -2 -2 -1 -1 -1 -1 -1
-1 -1 -1 -1 -1 -1 -1 -1 -1 0 0 0 0 0 0 -2 -2 -2 -2 -2 -2 -2 0 0 1 2 2 2 -1 -1 -1 -1 -1 -1 0 1 1 1 -1 -1 -1 -1 -1 -1 -1 -1 0 0 0 1 1 1 1 1 1
-1 -1 -1 -1 -1 -2 -2 -2 0 1 0 -2 -2 -2 -1 2 5 5 5 5 5 5 12 18 23 23 23 23 23 23 23 18 16 11 9 5 5 4 3 2 1 1 1 1 1 0 -1 -1 1 1 0 -1 -1 0 0
1 2 1 -1 -1 -1 -1 0 -1 -1 -2 -2 -1 -1 -1 2 4 4 4 4 4 4 7 14 17 19 19 19 19 19 19 19 19 19 19 13 12 12 12 12 12 12 6 4 4 4 3 2 2 2 1 1 1 1 1
-2 -2 -2 -2 0 0 0 0 0 0 0 0 0 0 0 2 6 6 6 6 6 6 12 16 20 20 20 20 20 20 20 20 23 23 17 14 8 8 8 8 8 8 4 4 4 2 2 2 1 0 -1 -1 1 1 1
0 -2 0 0 0 -2 -2 -1 -1 0 -1 -1 -1 1 2 2 11 15 21 21 21 21 21 21 21 21 18 12 9 9 9 9 9 9 3 3 1 0 0 -1 -1 -1 1 1 1 1 1 1 0 0 0 0 0 0 0
-2 -2 -2 -1 -1 -1 0 -1 0 0 0 0 0 0 2 3 3 3 3 3 3 15 26 29 32 33 33 29 27 23 14 11 8 6 6 6 5 6 1 3 2 2 1 -1 1 1 1 1 0 0 -1 -1 1 1 2
0 0 -1 -1 -1 -1 0 0 0 -1 -1 -1 0 0 1 2 2 2 2 2 2 2 17 29 29 34 37 37 37 36 31 22 12 12 9 8 7 7 7 5 2 2 1 1 1 0 -1 -1 -2 -2 -1 -1 -1 -1 0
-1 -1 -1 -2 -2 -1 -1 -1 0 -1 -1 -1 1 1 2 6 9 9 9 17 28 28 31 36 36 36 35 30 18 11 10 9 9 7 6 6 5 2 1 2 1 1 0 0 0 1 1 -1 -1 -1 -1 -1 -1 1 0
-1 -1 0 -1 -1 -1 -1 0 0 0 3 5 10 15 20 20 16 13 9 8 3 2 2 2 2 2 0 0 0 1 0 0 0 0 0 0 0 0 0 0 0 0 -1 -1 -1 -1 1 -2 0 -2 0 1 1 0 -1
-2 -2 -1 -1 -2 -2 -2 -1 -2 -2 -2 0 0 0 1 2 3 9 12 16 20 22 22 22 22 22 22 22 20 16 12 12 12 12 12 12 9 6 5 6 5 2 2 1 1 1 1 0 0 0 1 1 -1 -1 -1
-1 -1 -1 -1 -1 -1 -1 -1 -1 -2 -2 -2 -2 -1 0 1 3 3 3 3 3 3 15 20 20 20 20 20 20 20 17 8 6 4 2 0 0 -1 0 -1 -1 -1 0 1 1 -2 -2 -2 2 2 0 -1 -1 0 0
-3 -1 -1 -2 -2 -1 0 -1 0 -1 -1 -1 -1 1 1 1 1 1 1 1 1 4 11 15 15 15 15 15 15 13 9 5 5 2 2 2 1 -1 -1 -1 -1 -1 0 -1 -1 -2 -2 0 0 0 -2 -2 0 0 0
-1 -1 -1 -1 -1 -1 -1 -1 -1 -1 -1 -1 1 3 3 3 3 7 7 7 11 11 8 4 3 2 2 1 0 0 0 0 -1 0 -1 -1 -1 -2 -1 -1 -1 -1 -1 -1 -1 -1 -1 -1 -1 -1 -1 -1 -1 -1 0
-1 0 -1 -1 -1 -1 -1 -1 -1 0 0 0 0 1 1 5 6 11 12 12 12 12 12 11 11 11 11 10 9 7 5 2 2 1 0 0 0 0 -1 0 1 1 1 1 1 1 1 1 2 0 1 0 1 0 -1
-3 0 0 0 -1 0 0 0 0 0 1 0 0 0 1 1 3 3 3 3 3 3 11 15 15 15 15 15 15 15 15 13 9 8 7 6 6 2 5 1 1 1 1 0 0 0 0 1 1 1 1 1 -1 1 1
0 0 0 0 0 1 1 -1 -1 -1 -1 0 0 0 0 0 0 0 0 0 0 0 0 -1 -1 -1 -1 -1 -1 -1 11 12 14 14 14 14 14 14 13 10 9 7 8 6 3 2 1 1 2 2 2 1 1 0 3
-1 -1 -2 -2 -1 -1 -1 0 0 0 0 0 0 1 1 1 1 1 1 1 1 1 1 1 1 6 8 10 10 10 10 10 10 10 10 12 13 13 12 10 8 5 5 5 5 5 5 5 3 3 4 7 4 4 4
-3 -3 0 0 -1 -1 -1 -1 -1 -1 -1 -1 -1 -1 0 2 2 2 2 2 2 2 6 10 10 10 10 10 10 15 15 15 15 15 15 15 13 11 9 8 6 4 4 4 4 4 4 4 3 2 2 2 3 3 4
-1 -1 -1 -1 0 0 -1 -1 -1 0 0 -1 -1 -1 -2 1 0 0 0 0 0 0 0 0 7 12 12 12 12 12 12 12 14 14 10 10 7 7 7 5 5 4 4 3 4 4 4 4 4 4 4 3 3 3 3
1 0 0 0 0 2 2 0 -2 -2 -2 -1 -1 -1 -1 2 2 3 11 12 11 11 10 8 7 6 6 3 3 3 3 2 0 0 2 2 1 1 1 1 0 0 0 0 -1 -1 -1 -1 1 -1 -1 -1 -1 0 0
-1 0 -1 -3 -3 -1 -1 0 -1 -3 -3 0 0 0 0 0 3 3 3 3 3 3 12 16 16 16 16 16 16 16 16 16 17 17 12 12 12 12 12 12 10 7 7 6 6 5 5 5 5 4 -1 -2 -2 0 0
-2 -2 -2 -1 -1 -1 -1 -1 -1 -1 0 -1 0 -1 1 0 1 1 1 3 3 3 3 3 3 10 12 12 12 12 12 12 12 12 7 4 4 4 2 1 0 0 0 0 0 2 2 2 3 1 2 1 -1 -1 -1
0 -1 -1 -1 0 1 1 1 -1 -2 -2 -2 -1 -2 0 2 5 5 5 5 5 5 8 13 13 13 13 13 13 13 10 7 4 4 4 1 1 1 1 1 1 0 1 0 1 0 0 0 0 0 0 0 0 1 1
0 0 0 -1 -2 -1 -2 -2 -2 0 0 -2 -2 1 3 3 6 6 6 8 12 14 14 12 11 9 7 7 7 6 5 5 5 4 4 4 3 2 1 1 1 1 -1 0 -1 0 0 0 0 0 -1 1 -1 2 0
-2 0 0 -2 -2 1 3 2 0 0 0 0 -2 -2 -2 -1 -1 -1 -3 -3 -3 -1 -1 0 -2 -2 -2 0 0 0 0 0 0 0 0 0 0 -1 -1 -1 -1 -1 -1 -1 -1 -1 -1 -1 0 3 4 4 4 4 4
1 1 2 -1 0 0 0 1 0 0 0 0 2 2 2 4 6 10 11 12 11 9 9 9 9 7 5 5 5 6 3 3 3 5 5 1 1 0 1 1 1 1 1 1 1 1 2 2 2 0 3 0 0 0 0
-1 1 1 1 0 0 0 2 4 5 7 7 10 12 15 22 22 12 12 4 4 4 1 1 4 4 1 1 0 0 0 1 1 1 3 3 0 0 0 0 0 -1 -1 -1 -1 1 0 0 0 -1 0 2 2 0 0
0 1 1 1 1 0 0 1 1 2 0 0 0 2 4 4 7 8 12 15 15 14 12 10 8 7 5 5 5 5 4 3 3 3 3 3 2 2 2 3 0 -1 -1 3 3 0 0 0 1 1 1 2 1 1 1
-1 -1 1 1 -1 -1 -1 2 2 2 2 1 1 1 0 1 0 0 0 3 3 3 3 3 3 3 3 12 12 14 25 25 29 29 32 38 41 42 45 46 46 46 46 46 46 46 21 16 16 13 13 12 12 12 8
1 1 0 0 -1 -1 -1 1 1 1 1 1 0 0 3 4 4 4 4 4 4 11 13 21 26 26 29 29 30 31 31 30 27 22 16 14 13 12 12 10 10 10 9 7 6 4 4 4 4 3 2 2 2 3 3
0 2 2 2 2 2 2 1 0 0 1 1 1 1 3 4 4 4 4 4 4 8 14 16 19 19 19 19 19 19 19 16 16 15 12 9 7 6 4 4 4 3 2 2 1 1 1 1 2 1 2 1 1 1 1
0 0 0 0 1 1 0 0 0 0 0 -1 0 0 2 2 5 5 5 5 5 5 19 23 23 23 23 23 23 23 21 19 15 11 11 11 11 11 11 6 5 3 3 3 3 2 2 1 1 1 2 2 2 2 2
-1 0 0 0 -1 0 0 0 0 0 0 1 1 0 0 0 1 1 2 2 2 6 6 10 10 16 22 26 26 24 24 24 24 15 10 10 10 10 10 10 6 4 4 1 1 1 1 1 1 2 2 2 1 1 1
0 0 0 -1 -1 -1 1 1 1 -1 -1 -1 1 1 4 5 13 14 20 21 21 21 21 16 13 10 6 4 3 3 3 2 2 1 1 1 2 1 1 1 0 1 0 0 0 0 1 1 1 0 1 0 0 0 -1
0 1 0 -2 -2 0 1 1 1 0 1 0 1 2 3 5 11 17 17 19 19 18 16 8 8 7 6 6 4 3 2 0 0 1 2 1 1 1 2 3 2 3 4 4 4 1 -2 -2 1 2 1 1 0 0 2
0 0 -1 -1 -1 1 1 1 1 1 5 5 10 12 12 12 10 10 6 5 3 3 3 1 1 1 2 2 -1 -1 1 1 1 1 1 1 1 2 2 2 0 0 -1 -1 0 0 1 1 1 -1 -1 -1 0 -1 0
0 0 -1 -2 -3 -2 0 1 2 1 1 1 1 1 3 3 4 4 4 4 4 4 12 17 22 22 22 22 22 22 18 12 12 8 8 8 8 8 8 4 4 3 2 2 1 1 1 1 2 0 0 -1 -1 0 2
-1 1 0 1 1 1 1 0 0 0 0 0 0 1 4 4 5 16 23 26 28 31 28 26 25 22 16 13 8 7 4 4 4 3 1 1 1 1 2 2 2 2 0 1 1 1 2 0 0 -1 -1 -1 -1 0 0
0 1 2 2 3 -1 3 0 0 0 0 1 1 1 1 1 1 0 0 3 4 4 4 4 4 4 16 17 17 17 17 17 17 15 13 9 6 5 4 2 4 2 2 1 1 2 2 1 1 3 3 1 1 2 2
0 0 1 1 1 1 1 0 0 1 1 -2 -2 -1 0 2 2 2 4 4 4 4 4 4 4 9 12 14 14 14 14 14 14 13 11 9 8 7 6 5 4 4 3 3 3 3 3 4 4 4 1 2 1 1 0
1 1 1 1 1 0 0 1 1 0 0 0 1 2 3 4 4 4 4 4 12 12 11 11 11 10 8 7 7 6 6 5 4 4 3 3 3 4 4 1 1 1 1 1 1 1 1 3 2 2 2 4 4 1 0
1 1 1 1 1 3 2 2 2 3 3 2 2 2 2 1 2 2 4 4 4 4 4 4 10 14 14 14 14 14 14 16 16 12 8 7 6 6 4 4 5 6 6 4 3 4 3 3 3 3 1 1 2 2 2
1 1 1 1 1 1 2 3 2 1 1 1 1 1 1 1 1 0 0 0 1 1 1 1 0 1 1 1 1 -1 -1 -1 -1 -1 -1 0 0 0 2 2 1 0 1 0 1 0 1 0 0 0 0 2 1 1 1
1 1 1 0 0 1 1 1 1 2 1 1 -1 -1 1 1 2 2 5 6 6 6 6 10 13 15 15 7 5 4 2 1 0 0 0 -1 0 2 2 2 1 1 1 0 0 1 1 0 0 0 2 1 1 1 1
1 0 -1 -1 -1 -2 0 0 1 2 2 2 2 2 4 5 5 5 8 11 11 12 12 8 7 4 4 3 3 3 3 2 1 2 3 3 3 3 3 2 1 1 1 2 2 2 2 1 1 1 1 1 1 2 3
1 1 1 1 0 0 2 2 1 0 0 -1 1 0 2 0 0 0 0 0 0 0 1 1 1 1 1 1 1 1 7 7 13 20 20 20 20 20 20 20 20 20 20 20 15 15 15 15 15 15 7 6 0 0 2
2 2 1 1 1 0 0 0 1 1 1 1 1 1 2 3 5 5 5 5 5 5 9 14 18 18 18 18 18 18 18 18 20 21 21 18 17 13 10 7 4 3 3 3 2 2 1 1 1 0 0 2 2 1 1
1 2 1 1 1 1 1 1 1 2 2 2 4 3 4 4 5 5 5 5 5 5 10 10 11 13 14 15 16 17 17 17 17 13 13 7 7 6 5 3 3 2 1 1 2 2 2 2 1 0 0 2 2 1 1
2 0 0 0 2 0 1 1 1 1 2 2 2 3 4 5 6 8 9 11 15 18 18 18 18 18 18 18 21 21 18 17 16 16 16 16 16 16 9 9 7 5 5 5 2 2 3 3 3 1 1 1 2 2 2
0 1 1 1 1 1 1 2 2 3 3 1 1 2 4 4 4 7 7 7 7 7 7 12 13 20 20 20 20 20 20 20 20 22 22 19 13 10 9 5 4 4 3 3 2 1 1 1 2 3 3 3 3 3 3
1 0 -1 -2 -2 1 1 1 1 1 0 0 1 3 3 3 6 7 7 7 7 7 9 10 15 15 17 17 17 16 14 12 9 9 6 6 3 2 3 3 3 1 1 1 1 1 2 3 3 2 2 2 2 3 2
1 -1 -1 2 3 3 3 3 3 6 7 11 14 18 21 22 22 20 17 13 10 7 6 4 4 4 3 2 2 2 2 2 2 1 1 1 1 3 1 3 3 3 0 0 0 1 2 2 0 0 1 2 2 2 1
-1 1 1 1 2 2 1 1 3 3 1 0 0 1 1 4 7 7 7 7 7 7 14 27 27 29 30 30 29 28 22 16 11 9 9 8 6 6 3 3 2 1 1 1 1 0 0 1 1 2 1 3 1 0 0
2 2 2 2 2 2 3 3 3 2 2 2 3 5 6 10 14 18 20 20 14 9 5 5 4 2 2 1 1 1 1 1 0 3 2 2 2 2 2 2 2 2 2 1 1 0 0 1 1 1 0 0 0 2 2
0 0 1 1 2 1 2 2 2 2 2 2 2 2 3 4 9 9 9 9 9 17 23 23 23 23 23 23 19 11 11 11 11 11 11 11 5 4 3 3 2 2 2 2 1 1 1 1 1 1 2 2 1 1 1
3 2 2 1 1 1 1 1 3 3 4 5 6 10 20 20 19 15 9 8 6 3 1 2 2 2 2 1 1 1 1 1 1 2 2 1 1 0 1 1 1 1 1 1 1 1 1 1 0 0 1 1 1 0 0
2 0 1 0 -2 -2 -1 -1 0 -1 0 -1 0 2 3 7 15 19 27 27 28 30 30 30 27 23 15 11 10 8 7 7 6 4 3 3 1 1 1 0 0 1 2 1 -1 -1 0 0 0 0 -1 0 -1 0 0
1 -1 -2 -2 -1 -1 -1 1 1 1 1 6 8 9 17 18 18 14 9 7 4 4 1 1 1 1 1 0 -1 -1 -1 0 -2 2 0 1 0 -1 -2 -1 -1 4 -1 0 -1 0 0 0 1 1 1 0 0 0 0
3 2 2 -1 -1 0 1 3 1 3 3 4 8 13 22 25 26 26 26 23 19 17 12 10 6 3 3 2 1 0 0 1 1 1 2 0 1 1 1 1 0 0 0 1 0 1 2 2 2 2 2 2 2 0 1
-1 -1 -1 -1 -1 1 1 -3 -3 -1 0 0 0 2 2 2 5 5 5 5 5 19 31 31 31 29 28 28 26 20 14 10 10 9 7 6 4 4 3 3 2 1 1 2 2 2 2 2 2 0 0 0 1 1 1
-1 -2 -2 -1 -1 -1 0 0 1 0 1 0 1 0 1 3 6 10 12 19 23 23 22 22 22 22 17 16 10 6 6 5 5 5 1 0 0 -1 -1 -1 1 1 1 0 0 0 0 0 0 0 0 0 0 1 2
0 0 0 1 1 1 1 0 0 0 0 1 2 3 2 4 5 5 5 5 5 5 11 18 25 25 24 24 24 24 24 20 18 13 13 13 13 13 13 6 5 4 3 3 2 2 2 2 2 2 2 2 2 1 2
1 1 1 1 0 0 1 1 1 2 1 2 2 2 2 2 3 3 3 3 3 3 14 23 27 27 27 27 29 29 29 28 26 18 13 13 12 11 11 17 17 10 7 5 3 3 3 3 3 3 3 2 2 2 1
1 0 0 0 0 0 0 0 1 1 3 1 3 3 4 5 9 11 20 22 23 23 19 11 7 5 5 3 2 2 2 1 2 3 3 2 1 1 1 1 1 1 2 4 4 3 0 0 0 1 1 2 2 2 2
1 2 1 -1 -1 0 0 1 0 0 0 1 2 3 4 4 10 16 19 19 15 12 9 9 7 5 3 2 2 2 2 2 2 2 2 2 1 1 1 0 0 0 3 1 1 1 1 1 1 1 1 1 3 1 1
1 1 1 1 1 1 2 1 2 0 1 0 0 0 3 4 5 5 5 5 5 5 5 15 23 23 23 23 23 23 23 29 29 27 26 23 23 23 16 14 8 8 8 8 8 8 7 5 5 3 3 3 2 1 0
2 3 2 1 0 0 0 1 1 0 -1 -1 0 0 -2 -2 1 2 2 2 2 2 2 2 2 12 16 19 19 19 19 19 19 16 12 10 7 4 5 4 4 3 2 3 2 1 1 1 2 2 1 1 0 0 1
1 1 1 1 1 0 1 0 1 0 1 1 1 1 1 1 2 4 4 3 3 3 3 3 3 7 10 10 10 10 10 10 10 13 13 12 11 11 11 11 11 9 9 9 8 7 6 6 4 2 2 1 2 2 3
1 1 2 2 1 1 1 1 1 1 0 1 1 3 2 3 5 9 11 11 13 14 13 13 11 11 8 8 8 8 8 6 4 4 4 2 4 3 4 3 3 1 2 1 2 2 2 2 1 1 1 3 3 2 2
0 0 -1 0 0 1 1 1 1 0 2 1 1 0 0 0 1 2 3 7 7 7 7 7 7 7 13 18 21 21 21 21 21 21 21 20 13 10 9 6 5 5 5 6 6 4 4 4 4 4 2 2 2 2 2
2 2 0 0 1 1 3 1 1 1 1 1 1 0 1 0 1 1 1 1 1 1 1 1 1 3 5 5 5 5 5 5 9 10 17 17 17 17 17 17 17 17 17 23 23 23 23 23 23 23 23 21 21 21 21
2 0 0 1 1 3 1 1 1 1 1 1 0 1 21 21 11 9 5 5 5 3 3 3 2 2 2 2 2 2 3 2 2 1 1 2 2 1 0 1 1 1 1 1 1 1 1 1 1 1 1 1 1 2 2
1 1 0 0 0 3 3 0 0 1 1 1 1 1 1 2 3 3 2 2 5 6 7 10 13 13 13 13 11 11 7 6 6 3 3 3 4 4 4 3 1 1 1 2 1 1 1 2 3 3 3 2 3 3 3
4 0 0 0 1 1 1 1 1 1 1 1 1 1 1 1 1 1 3 1 3 5 5 5 5 5 5 10 15 15 15 15 15 15 15 22 28 28 28 28 28 27 27 27 20 16 12 12 10 9 8 7 6 5 4
-1 -2 -1 0 0 0 0 1 1 1 -1 -1 -1 -1 1 1 1 3 4 4 4 4 4 4 10 15 15 15 15 15 15 15 21 21 17 14 14 14 14 14 14 7 5 3 3 3 3 2 2 1 1 0 0 0 0
1 -1 -1 1 1 1 0 -1 -1 -1 0 1 1 1 0 0 0 2 2 3 4 4 4 9 16 16 16 16 16 16 17 17 13 13 13 13 13 13 7 4 2 4 4 4 4 1 1 1 2 3 2 2 1 1 2
1 1 2 3 3 2 2 2 3 6 7 9 10 16 18 19 19 19 19 19 13 13 10 8 8 8 8 8 8 4 1 -1 -1 -1 -1 -1 -1 -1 1 1 1 1 1 1 1 1 1 0 0 -1 0 0 1 2 1
1 2 2 2 3 4 4 4 7 7 9 13 17 17 20 20 16 13 11 3 3 3 3 3 3 3 3 2 1 1 1 1 1 1 1 2 2 0 0 1 1 1 -1 -2 -2 1 2 1 2 1 2 1 -1 -1 1
0 1 1 2 2 2 4 4 6 6 6 9 13 15 16 15 11 7 4 4 4 4 4 4 2 0 0 0 0 0 0 2 2 1 1 1 1 1 0 -1 -1 1 1 0 -1 0 1 1 0 0 0 -1 -2 -2 -2
1 2 2 2 1 2 6 8 10 15 16 15 15 9 6 3 3 3 3 1 1 1 1 1 1 1 1 2 1 3 1 -1 -1 0 2 1 1 1 1 1 1 2 2 2 2 0 0 0 2 0 1 1 1 1 0
0 1 1 2 2 4 5 6 8 10 11 11 9 6 6 2 2 2 2 0 0 0 0 0 0 2 2 0 0 1 1 2 0 2 0 1 1 2 2 1 1 2 2 2 2 2 2 1 2 2 2 2 1 1 1
1 1 1 0 0 1 2 2 2 3 6 7 13 16 16 14 9 6 2 2 1 0 -1 0 0 1 3 3 3 1 0 0 1 1 1 1 1 2 2 1 1 2 2 2 2 2 2 2 1 1 0 0 0 1 1
1 1 1 2 4 5 7 7 8 10 10 8 7 3 2 1 0 0 0 1 1 1 1 1 1 2 2 2 1 2 1 2 1 1 1 0 0 0 0 0 1 1 -1 -1 0 0 -1 -1 0 1 1 1 -1 -1 -1
2 3 4 7 8 8 8 8 7 5 3 1 1 1 1 0 0 -1 -1 -1 0 0 0 0 0 1 1 -1 -1 0 0 1 1 0 0 0 0 0 0 -1 -1 -1 1 -1 -2 -2 -2 1 2 2 1 1 1 1 1
0 6 7 7 7 9 7 7 7 3 3 0 0 0 0 1 0 0 -1 -1 -1 0 1 1 1 1 0 0 0 1 1 0 -1 0 0 0 0 0 0 1 1 1 0 -1 0 -2 -1 -1 0 0 0 0 0 0 0
0 0 1 1 1 2 3 5 6 6 8 9 9 5 3 2 0 0 -1 0 0 0 -1 -1 -1 0 0 0 -2 -2 -2 -2 -2 -1 -1 0 0 -1 -1 0 0 0 -1 0 0 0 1 -1 0 -1 -1 -1 0 0 0
0 0 0 0 0 1 1 2 4 6 11 15 15 9 3 2 -1 -1 -1 -1 -1 -1 -1 0 -1 -1 -1 -1 0 -1 0 0 0 -1 -1 -1 -1 0 0 0 -2 -2 -2 -1 -1 1 -1 -1 -1 -1 0 0 1 1 0
-2 -1 -1 -2 -2 -3 0 2 2 5 10 15 15 8 3 -2 -2 -2 -1 -1 -1 -1 -1 -1 -2 -2 -2 -2 -2 -2 -2 -2 -2 -2 0 -2 0 0 0 -3 -3 -2 -2 -2 -2 -1 0 0 0 -2 -2 -2 -1 -1 0
3 4 4 7 9 10 12 13 13 12 11 10 8 5 3 1 -2 -2 -1 -1 -1 -1 1 1 -1 -1 -1 -1 -1 0 0 -2 -2 0 0 -1 -2 -1 0 0 0 0 -1 -1 -1 0 0 0 0 0 0 -1 -1 -1 -1
7 8 9 11 13 13 13 13 9 7 5 2 2 1 1 1 1 1 1 1 1 0 0 -1 0 0 0 0 -1 0 -1 -1 -1 -1 1 1 0 0 0 1 1 -1 -1 1 1 1 0 -1 -1 -1 -2 -2 -2 1 1
1 2 4 5 8 12 12 10 10 10 3 0 0 0 -1 -3 -3 -3 -3 -2 -3 -1 -1 -1 -1 -1 -1 -1 0 0 -1 -2 -1 -2 -2 -2 -3 -2 -1 -1 -1 -1 0 0 0 0 0 0 -1 -1 -2 -2 -2 -3 0
2 1 3 2 3 3 4 6 7 11 11 11 10 7 4 2 2 2 2 2 1 1 -1 -1 1 2 3 3 3 0 3 0 1 1 1 1 0 0 0 1 1 1 1 0 1 1 2 1 0 0 0 1 3 3 3
6 6 6 6 7 8 8 10 10 11 12 15 15 8 7 5 5 5 5 5 5 5 1 0 -1 -1 -1 -1 -1 -1 -1 1 1 1 1 1 1 1 1 1 1 1 1 1 -1 1 1 2 1 2 1 -1 -1 0 0
7 7 9 9 9 9 9 9 7 7 6 3 2 1 1 0 0 1 1 1 -1 -1 1 1 -1 -1 -1 1 1 -1 -1 1 1 1 1 1 1 -1 1 0 0 0 0 1 1 1 1 1 1 0 0 1 1 -1 -1
1 1 3 4 4 5 7 8 9 14 15 15 13 13 6 5 4 4 4 1 0 0 0 0 0 2 2 2 1 1 1 0 0 0 -1 1 0 1 0 1 1 1 0 0 1 1 1 1 1 0 1 1 1 1 1
3 6 7 7 8 11 11 10 8 4 2 2 2 2 2 2 2 2 2 2 1 0 0 0 0 1 1 1 2 2 0 0 0 1 0 1 1 1 2 3 2 2 1 1 1 1 1 2 2 2 1 1 1 1 0
0 0 0 0 3 6 6 8 15 15 11 10 8 5 3 2 0 -1 -1 -1 -1 -1 0 -1 -1 1 1 2 2 0 0 0 1 1 1 1 1 1 1 -1 -1 -1 -1 -1 -1 -1 -1 -1 0 2 2 1 0 0 0
-3 0 0 0 0 0 2 2 2 2 2 8 8 11 11 11 11 10 7 7 2 2 1 -2 0 0 0 0 1 1 -1 -1 0 0 0 -1 -1 -1 -1 -1 -1 -1 0 0 0 1 1 1 1 1 -1 -1 -1 -2 0
0 0 0 2 2 1 1 2 2 2 2 4 5 8 14 14 12 12 12 12 12 12 8 5 4 4 4 4 4 4 1 1 2 2 2 0 2 0 0 0 0 2 0 1 1 1 2 2 2 1 1 1 0 -1 -2
1 1 1 1 1 1 4 4 5 8 8 7 7 7 4 3 1 0 0 0 1 0 1 1 1 -1 -2 -2 1 1 -2 -2 0 1 1 1 -1 -1 -1 0 0 0 0 0 0 0 0 0 0 0 0 0 -1 -1 -1
0 3 0 3 1 1 1 0 4 5 6 8 9 11 13 13 12 9 6 4 2 2 -2 -2 2 2 1 1 1 1 1 1 0 0 0 0 0 0 0 0 0 1 0 1 -1 0 0 0 0 0 -1 -1 -1 0 0
1 1 1 1 0 1 0 2 2 3 4 5 5 12 15 19 19 17 17 17 17 17 17 7 5 5 5 5 5 5 5 0 0 0 0 0 0 0 0 0 0 -1 1 2 2 2 1 1 0 -1 -1 -1 0 1 0
2 0 0 1 2 2 3 4 4 5 8 12 12 12 12 8 8 5 2 0 0 0 0 0 0 0 -1 -1 -1 -1 -1 -1 -1 -1 0 0 1 1 1 1 1 0 0 0 0 0 0 0 0 -2 -2 0 0 0 0
3 3 1 1 1 1 0 1 1 1 3 7 9 12 18 18 20 20 20 20 20 20 7 5 5 5 5 5 5 5 5 2 2 2 2 2 2 2 2 -1 3 0 0 0 0 1 1 0 0 -1 0 1 1 0 0
3 3 2 2 1 1 1 1 2 2 6 6 8 9 12 13 12 9 3 3 3 2 2 -1 -1 2 2 1 1 1 1 1 0 0 0 0 1 -2 -2 -2 1 1 1 1 -1 -1 -1 0 0 0 -1 -1 0 0 0
7 10 10 11 11 11 11 10 8 6 5 3 0 0 0 0 0 0 3 3 2 2 2 2 2 0 2 2 2 0 0 1 1 1 1 1 0 0 0 0 1 1 2 2 1 0 1 1 2 2 1 1 -1 0 0
5 5 5 7 7 9 10 12 12 10 8 4 3 2 2 0 0 0 1 2 2 0 0 1 3 1 1 1 1 1 1 2 2 2 1 1 0 0 1 1 1 1 2 1 1 1 -1 2 0 2 2 2 2 2 2
3 6 6 7 7 9 12 12 10 9 9 3 2 3 2 2 2 1 1 1 1 3 3 3 2 2 1 1 1 1 1 1 -1 -1 -1 0 0 0 0 0 0 0 0 0 0 0 1 1 1 1 1 0 1 1 2
4 4 4 5 8 9 9 9 8 6 6 4 1 1 0 -1 -1 -1 -1 -1 0 1 1 0 0 1 2 2 2 1 0 0 0 0 0 0 0 0 1 -1 1 1 2 2 2 0 0 0 0 0 1 0 0 0 1
-1 0 1 1 1 2 4 5 6 6 10 10 8 3 -1 -1 0 0 -1 -1 -1 -1 -1 0 0 0 -1 -1 -1 -1 -1 -2 -2 -1 -1 -1 -1 0 0 0 -1 -1 0 0 -3 -3 -1 0 1 1 1 1 1 0 0
0 2 2 2 2 4 4 4 6 6 7 10 13 14 14 9 5 3 2 2 2 2 1 1 1 1 1 1 1 1 -1 -2 -2 -2 -2 -2 -2 -2 1 1 1 5 5 0 0 0 0 1 0 -2 -2 -1 0 2 2
1 1 3 3 3 5 5 8 8 12 12 9 8 6 3 2 2 2 2 0 0 0 1 1 1 1 1 1 1 1 1 1 0 0 1 1 1 0 1 1 1 1 0 0 0 0 0 0 1 1 0 0 0 0 0
5 5 5 7 7 9 9 10 13 16 16 19 19 19 16 12 8 8 7 4 4 4 3 1 0 0 0 0 3 3 2 2 2 2 2 2 2 2 2 1 1 1 3 3 2 2 2 2 2 2 3 2 3 2 2
1 1 1 2 2 4 4 4 4 6 10 11 11 7 5 5 5 5 3 3 3 -1 1 0 0 0 0 1 1 1 1 1 1 2 2 0 0 0 2 0 2 2 2 0 0 0 2 1 2 1 1 0 0 0 1
1 1 1 2 2 2 1 1 1 2 3 7 10 13 13 13 9 7 7 7 7 7 4 3 1 1 1 2 2 2 1 1 1 1 1 1 2 2 1 1 1 1 1 1 1 1 1 1 0 0 1 1 1 3 1
1 1 0 -1 -1 1 2 2 2 3 3 5 8 11 12 14 14 14 14 14 14 14 6 3 3 3 3 3 3 3 3 3 2 1 1 1 1 1 1 1 1 1 1 1 1 1 0 0 -1 0 0 0 0 0 0
-1 0 0 0 1 -2 2 3 5 6 9 9 8 8 5 3 2 1 1 1 0 0 0 0 0 0 0 0 0 0 1 1 1 0 0 0 -1 0 -1 -1 -1 0 0 -1 -2 -2 0 0 0 -1 -1 1 1 1 1
1 1 2 2 0 0 -1 0 0 2 3 4 7 10 12 13 12 6 4 4 4 4 4 0 0 2 2 1 1 2 2 1 0 0 0 -1 -1 -1 -1 -1 -1 1 -1 1 0 0 0 2 2 1 1 -1 -1 1 1
1 -1 -1 -1 1 1 0 0 2 2 4 4 9 10 12 12 10 10 10 10 5 5 3 3 3 3 3 2 0 0 0 1 -1 0 -1 0 0 0 -1 -1 1 1 1 0 1 1 1 -2 -2 -2 1 1 1 -1 -1
-1 -1 -1 -1 2 2 1 -2 -2 3 3 6 6 8 8 8 5 3 1 1 1 0 -1 -1 0 0 1 1 1 1 0 0 3 3 1 0 0 0 -2 -2 0 0 0 -1 -1 -1 -1 -1 1 1 1 0 0 0 0
0 1 2 2 1 1 2 2 4 8 9 11 11 6 3 2 2 2 2 2 0 1 1 1 0 0 1 1 1 1 1 2 2 2 0 1 1 1 1 1 3 3 2 2 2 2 1 0 0 0 0 1 1 0 0
-2 -2 -1 -1 0 0 1 0 1 2 2 6 6 8 15 15 9 4 2 2 2 2 2 2 0 0 0 0 0 1 0 0 -2 -1 -1 -1 -1 -1 0 0 0 -1 -1 -1 -1 -1 -1 -2 -2 -2 -1 -1 -1 -2 -1
1 1 1 1 1 4 4 4 8 10 13 13 12 5 4 0 0 1 1 0 0 0 0 2 -2 0 -1 0 -1 0 -1 0 -1 0 -1 0 -1 0 0 1 1 1 0 0 0 0 -2 -2 -1 0 -1 1 0 0 0
-1 0 0 0 -1 0 -1 0 -1 0 0 5 9 10 14 15 15 10 10 8 4 2 0 0 -1 1 1 1 1 0 0 0 1 1 1 0 -1 -1 -1 -1 -1 -1 -2 -2 0 0 1 0 1 1 1 -2 -2 -1 0
6 6 4 2 4 2 4 5 7 7 7 7 12 14 14 12 8 5 3 3 3 3 3 3 1 -1 -1 -1 -1 -1 -1 0 1 1 1 1 0 0 0 0 1 1 2 2 0 -1 0 1 4 4 2 2 0 1 1
3 3 2 4 4 6 6 7 9 12 13 14 14 12 4 3 2 2 1 1 1 2 2 2 2 2 2 1 0 1 1 3 1 1 1 2 2 1 1 2 2 2 2 2 1 1 1 1 3 1 1 1 0 -1 -1
2 2 2 3 4 4 7 8 9 9 9 9 9 6 0 0 0 0 0 0 0 0 0 0 0 0 0 0 0 0 0 1 1 1 0 -1 -1 0 0 1 0 1 1 1 1 1 1 0 0 0 0 1 1 1 -1
2 3 3 3 2 2 2 6 7 8 8 8 2 2 2 2 2 2 1 0 -1 -1 0 0 0 0 0 1 0 0 0 1 1 1 2 2 0 -1 -1 1 1 1 0 1 1 1 0 0 0 1 0 1 0 0 -1
3 3 4 6 6 6 6 9 9 6 5 1 1 0 -1 -1 -1 -1 0 0 0 0 0 -1 -1 0 0 1 0 0 0 0 0 0 0 0 0 0 0 -1 -1 -2 -2 0 0 -1 -1 -1 1 0 1 0 1 1 1
2 1 1 1 1 6 6 7 7 11 11 10 6 5 3 1 1 0 0 -1 -1 -1 -1 -1 -1 -2 -2 -2 -2 -2 1 0 0 0 -1 -1 -1 -1 -1 0 1 1 -1 -1 -1 -2 -2 0 0 0 -1 -1 -1 -1 -1
5 5 5 5 5 7 8 8 8 8 8 9 9 7 2 1 -1 1 -1 1 -1 -1 -1 -1 0 0 2 2 2 1 0 0 0 0 0 0 0 0 0 1 0 2 1 1 1 1 1 1 1 1 1 1 0 1 2
4 4 4 4 5 6 6 6 8 10 11 11 10 7 4 2 2 1 1 2 2 2 0 0 0 -1 0 0 1 1 3 0 0 0 1 3 1 2 0 1 0 0 0 0 1 1 1 1 1 1 1 0 0 0 1
3 3 4 6 8 8 9 9 9 6 2 2 2 0 -1 -2 -2 0 0 0 0 -1 -1 -1 1 1 1 1 1 1 -1 -1 -1 -1 0 -1 0 0 1 0 0 0 0 0 0 0 0 1 0 0 -1 -1 -1 1 -1
3 3 4 4 6 6 7 8 12 15 16 16 14 14 6 3 1 1 1 0 0 0 0 0 0 0 0 0 1 1 1 1 1 1 1 0 0 0 0 1 1 0 0 0 1 1 1 1 1 1 -1 -1 1 1 0
2 2 3 3 3 3 4 5 6 7 8 10 13 19 20 20 16 11 7 2 2 2 2 1 1 0 0 0 0 0 0 0 0 1 0 1 2 2 0 0 0 0 1 1 1 1 0 0 0 0 -1 2 2 2 0
4 5 5 9 9 10 11 11 9 8 6 2 2 1 1 1 1 0 0 0 -1 -1 -1 2 2 -2 -2 -1 0 1 1 1 1 0 0 -1 0 0 0 0 0 -1 0 1 1 1 0 0 0 0 0 0 0 0 0
3 6 6 7 8 10 12 13 13 12 8 5 4 1 1 1 1 1 1 1 1 1 0 2 2 3 3 2 0 0 0 0 0 1 1 0 0 0 1 1 2 1 0 0 0 1 1 1 0 0 0 0 -1 0 0
3 3 3 3 4 4 4 8 11 12 16 16 15 11 11 6 4 1 1 0 0 0 0 0 0 1 1 1 1 2 2 2 3 3 3 3 0 0 0 0 0 0 0 -1 0 0 0 0 0 0 0 -2 -2 -1 -1
1 2 3 3 3 3 4 5 8 9 10 12 12 8 4 4 4 3 1 1 1 0 1 1 1 1 -1 -1 -1 -1 0 0 1 0 0 0 0 0 -1 -1 -1 1 0 1 0 -1 -1 -1 -1 -1 -1 0 0 1 1
3 3 3 2 2 4 6 7 8 9 14 16 16 10 3 1 1 1 -1 -1 -1 -1 -1 -1 -1 -1 0 1 1 0 -1 -2 -1 0 0 -1 -1 -1 -1 0 -1 -1 -1 -1 0 0 0 -1 -1 0 0 -1 -1 -1 -1
1 3 3 1 1 2 3 3 4 4 6 9 14 14 15 15 7 4 2 2 2 2 1 1 1 0 0 0 0 0 0 2 2 0 0 2 2 0 0 1 1 1 -1 -1 1 1 1 0 -1 -1 -1 -1 0 0 0
1 1 1 2 2 3 3 4 4 4 5 8 9 14 21 24 24 24 24 24 24 24 24 10 4 4 4 4 4 4 4 2 2 2 2 2 2 2 2 0 1 0 1 1 2 1 1 1 1 1 1 1 1 2 4
2 3 3 3 3 3 3 4 4 4 7 9 10 16 19 19 19 19 19 19 19 19 11 8 8 8 8 8 8 4 2 1 1 1 1 1 1 1 0 0 0 1 2 2 2 1 2 1 1 1 1 2 3 2 1
1 1 2 3 2 2 2 4 4 5 6 8 11 14 19 20 20 20 20 20 20 20 20 15 10 5 5 5 5 5 5 5 1 1 1 1 1 1 1 1 1 1 1 1 1 2 1 1 0 1 4 4 2 2 2
1 1 1 1 1 1 3 3 0 0 3 3 3 10 23 23 13 9 7 4 4 4 4 4 4 3 3 3 4 4 6 7 7 9 11 17 18 17 17 10 9 4 2 2 2 2 2 2 2 2 2 2 0 0 0
3 3 3 2 2 2 2 3 6 8 8 9 12 19 22 24 24 24 24 24 24 21 11 4 4 4 4 4 4 4 3 0 0 0 0 0 0 0 0 1 1 1 0 0 0 1 1 1 2 2 2 3 3 4 2
2 1 1 1 3 1 3 3 3 6 8 9 12 19 22 22 17 17 17 7 5 5 5 5 5 5 2 1 1 1 1 1 1 0 0 1 2 2 2 2 2 0 0 0 0 0 2 2 2 1 1 2 3 3 0
4 3 2 2 1 1 4 4 4 5 5 9 9 16 19 22 23 23 23 23 9 6 6 6 6 6 6 1 1 1 1 1 1 1 1 0 0 2 2 2 2 2 2 2 0 0 2 2 1 1 1 0 0 1 2
2 3 3 2 2 2 3 3 3 4 5 11 11 15 22 25 25 24 24 24 24 24 9 6 6 6 6 6 6 2 2 2 2 2 2 2 1 1 1 2 2 1 0 0 0 0 0 1 1 1 1 2 1 2 0
3 2 2 3 3 2 2 2 1 1 4 4 11 13 21 23 23 20 20 20 20 8 5 5 5 5 5 5 5 2 2 2 2 2 2 2 2 2 2 2 2 1 1 1 1 1 2 2 2 2 2 2 2 0 0
3 3 3 1 2 0 1 1 2 3 7 7 11 14 18 18 15 12 4 4 4 4 4 4 2 -2 -2 -2 -2 -2 -2 -2 -1 -1 2 2 2 2 2 2 1 1 1 1 1 -1 -1 4 4 1 1 1 1 0 0
-1 -1 0 0 -1 -1 -1 1 1 1 0 0 2 3 5 8 8 8 8 8 8 8 7 7 7 7 7 7 2 2 2 2 2 2 2 2 0 0 2 2 2 2 2 2 0 0 0 0 0 0 0 0 0 0 -1
1 1 1 1 0 1 0 0 0 1 2 2 3 8 8 8 8 8 8 8 8 8 2 1 1 1 1 1 1 1 0 0 0 0 0 0 0 -1 -1 -1 -1 -1 -1 -1 -2 -2 0 0 0 1 0 0 -1 -1 0
0 -1 -1 -1 -1 -1 -1 0 1 1 1 2 3 6 10 10 6 6 6 6 6 6 2 1 1 1 1 1 1 1 1 1 1 1 1 1 -1 -1 -1 -1 -1 -1 -1 0 0 0 0 1 1 0 0 0 1 1 1
-1 0 -1 -1 -1 -2 2 1 2 3 3 4 6 6 5 5 5 5 2 2 1 1 0 -1 -1 0 0 0 -1 -1 0 0 0 1 1 1 1 1 0 0 0 0 1 1 1 0 1 1 1 0 0 1 1 0 0
0 0 -1 -1 0 1 1 1 1 1 1 3 3 4 8 8 7 5 5 5 5 5 5 0 0 0 0 0 0 0 0 1 1 1 1 1 1 -1 -2 -2 -2 -2 -2 -2 0 1 1 0 -1 -1 -1 -1 -1 -1 0
0 1 1 0 0 1 2 2 2 6 7 8 8 9 7 7 7 6 5 3 3 0 2 2 2 3 3 2 2 2 2 2 2 2 3 1 2 1 0 0 -1 1 -2 -2 -2 -2 -1 -1 -1 -1 -2 -2 -2 -2 -1
2 1 1 1 2 3 4 4 7 9 11 13 13 13 12 9 5 5 2 2 1 2 1 2 2 2 2 1 0 0 1 1 1 3 4 4 2 1 1 2 2 2 1 2 2 3 2 2 2 3 3 3 1 1 1
1 0 0 1 1 1 1 1 1 1 4 4 5 6 9 10 14 14 14 14 14 14 7 7 7 7 7 7 7 7 3 1 1 1 1 1 1 1 1 1 1 1 1 1 1 1 1 1 1 1 1 1 2 2 3
-1 -1 -1 2 2 0 0 0 2 4 4 4 8 10 12 12 12 12 11 7 7 7 7 7 7 4 3 3 3 3 3 3 3 3 2 2 1 0 0 3 3 3 2 2 2 2 2 2 2 2 2 2 1 2 2
2 2 2 2 1 1 0 2 5 7 8 9 9 9 6 7 6 3 3 3 3 3 3 3 2 2 2 2 2 2 2 2 2 2 1 2 2 2 2 2 2 2 3 3 7 2 1 0 1 1 1 0 -1 -1 -1
1 1 1 3 3 3 2 3 3 3 5 6 8 10 11 11 11 10 9 9 9 9 9 9 4 2 2 4 4 4 4 4 4 4 1 1 1 1 2 1 1 1 0 0 0 1 1 1 1 1 0 1 1 1 2
3 2 3 3 3 2 1 1 1 3 5 5 5 10 12 13 15 15 15 15 15 15 7 4 4 4 4 4 4 3 1 1 2 2 1 1 1 2 2 2 1 1 1 1 1 1 0 1 0 1 0 1 2 2 0
1 1 1 3 3 4 4 4 7 8 11 12 12 8 6 4 4 2 2 2 2 2 2 2 2 2 3 2 3 1 1 1 2 2 2 3 3 2 2 2 2 2 2 2 2 2 2 2 1 1 1 1 1 1 1
1 1 1 1 1 1 1 1 3 3 4 4 5 8 10 18 19 19 19 19 19 7 5 5 5 5 5 5 3 1 1 1 1 1 1 2 2 2 1 2 2 2 2 2 2 2 1 1 1 0 0 1 1 1 1
0 0 2 2 2 1 0 0 4 4 4 4 7 10 11 11 11 11 11 8 8 8 6 5 5 5 3 3 3 3 3 1 1 1 2 1 0 0 0 2 2 1 1 1 0 0 0 -1 -1 0 0 0 1 1 1
1 1 1 0 4 3 3 3 3 4 5 9 10 10 8 8 8 8 8 8 4 2 2 2 2 2 3 3 3 1 1 2 2 0 0 0 1 1 1 2 1 1 1 2 4 2 2 2 2 0 -1 0 0 1 1
1 1 1 2 2 1 1 2 3 4 5 5 6 11 16 16 15 8 8 8 8 8 8 2 2 2 2 2 2 2 2 2 0 0 0 0 0 0 1 1 0 -1 -1 0 0 1 1 2 1 2 1 2 1 0 0
1 1 1 2 2 3 3 3 1 1 2 5 6 9 14 14 14 9 5 5 5 5 5 5 3 3 3 3 3 3 3 2 2 2 2 1 1 2 2 3 2 2 1 1 0 1 0 1 2 2 1 1 1 3 2
2 1 1 1 1 1 1 1 0 0 0 4 6 7 8 14 14 14 14 14 14 10 5 5 5 5 5 5 5 4 1 1 1 1 1 1 2 2 2 2 1 1 1 0 1 0 0 0 2 2 2 1 2 1 1
3 1 0 0 0 3 3 3 3 3 3 3 3 7 11 15 15 15 15 15 15 15 15 7 3 1 1 1 1 2 2 2 2 2 2 2 1 1 3 3 2 2 2 3 3 2 1 2 1 2 1 2 0 2 3
0 4 4 0 0 3 3 4 4 6 8 8 10 10 7 5 5 4 4 3 2 2 3 6 6 2 2 2 1 1 2 2 2 2 3 3 3 3 2 2 2 3 1 3 1 2 2 2 2 1 2 0 1 1 3
-4 -1 -1 -1 -1 -1 1 0 0 0 0 3 3 7 12 13 13 13 13 13 13 11 9 9 9 9 9 9 9 5 3 3 3 3 3 3 3 3 3 3 3 3 3 2 1 1 1 1 1 1 1 0 1 1 1
-2 -2 0 0 0 0 0 0 -1 -1 -1 2 4 5 10 12 12 12 12 12 11 11 11 11 11 11 11 7 4 4 4 4 4 4 4 2 0 0 0 0 0 0 1 3 3 3 3 3 3 1 1 1 1 1 1
0 0 -1 0 -1 0 0 0 0 2 2 4 4 4 4 4 4 4 4 4 4 4 1 0 0 0 2 2 2 2 2 2 2 0 0 -1 -1 2 2 -1 -1 0 0 0 -1 -1 -1 -1 -1 -1 -1 -1 0 0 0
-1 -1 0 0 0 0 0 0 0 3 3 5 6 5 3 3 2 -2 -2 0 0 0 -1 -1 0 1 0 -1 -1 1 1 -1 -1 0 0 0 1 1 1 0 0 0 -1 1 0 0 0 0 0 0 -1 -1 -1 1 1
1 0 0 0 2 2 2 2 2 2 3 3 4 4 5 5 5 5 5 5 5 5 3 2 1 1 1 1 1 1 1 1 -1 -1 1 1 2 1 0 0 -1 -1 0 0 0 1 1 -1 -1 0 1 1 1 1 0
1 1 1 1 -1 -1 0 0 0 0 1 2 2 2 8 9 8 7 7 7 7 7 7 2 2 2 2 1 1 1 1 1 1 1 0 0 0 0 0 0 -1 -1 0 1 0 0 -1 0 0 0 -1 -1 -1 -1 -1
0 0 0 0 0 0 1 1 1 1 1 3 5 5 5 3 3 3 3 3 2 2 2 1 1 2 2 0 -1 -1 0 0 0 0 0 1 1 1 1 1 1 0 -1 -1 -1 -1 -1 -1 -1 -1 -1 -1 -1 -1 -2
2 2 2 2 2 1 1 1 1 3 6 7 8 8 7 5 3 1 1 1 2 1 2 2 2 1 1 1 2 2 2 2 2 2 1 1 2 2 2 2 2 2 3 3 3 2 2 2 1 1 1 2 3 3 3
1 1 1 0 1 1 1 2 1 3 3 4 5 5 5 5 2 1 -1 -1 -1 0 0 0 0 0 0 0 0 1 0 -2 -2 1 1 0 0 0 1 1 1 0 0 -1 -1 0 0 0 0 1 1 1 0 0 0
2 1 1 1 1 2 2 2 2 3 5 7 8 8 3 3 3 4 4 3 2 2 2 1 1 1 1 2 1 1 0 0 0 1 1 1 -1 -1 2 2 2 1 1 1 1 2 1 1 1 0 0 0 1 1 2
1 1 1 1 1 3 3 3 2 2 3 6 7 10 10 7 5 5 5 5 5 5 5 -1 -1 0 0 0 0 0 0 0 0 1 2 2 2 2 0 2 1 1 1 1 1 0 1 2 2 1 1 1 1 2 1
0 0 0 0 0 2 2 2 1 2 3 4 6 6 6 9 9 8 6 6 3 3 2 3 2 1 1 2 2 2 3 3 3 2 2 2 2 1 1 1 2 1 1 0 0 2 2 2 2 2 2 1 2 2 3
1 2 2 2 3 3 4 5 6 8 9 9 6 4 3 3 3 3 2 2 1 1 1 1 2 2 2 1 1 2 2 2 2 3 2 3 2 2 2 2 1 2 1 2 2 2 1 1 1 3 1 2 1 1 0
0 0 1 1 1 0 0 2 2 3 3 7 8 7 8 4 2 0 0 0 0 0 0 1 1 1 1 1 1 2 2 2 2 2 1 1 0 0 0 0 1 0 1 1 1 1 1 0 -1 -1 0 1 1 1 0
1 1 1 1 2 2 4 4 5 7 7 7 7 7 6 5 5 5 5 5 5 3 3 3 3 3 3 3 3 2 1 1 1 1 1 1 1 1 1 0 0 0 0 0 0 0 0 -1 -1 -1 -1 -1 -1 -2 -1
-1 -1 -1 -1 -1 -1 -1 -1 -1 0 2 2 1 1 3 3 4 3 3 2 0 2 2 2 1 0 0 -1 -1 -1 -1 0 -1 -1 -1 -1 0 0 0 0 -2 -2 -2 -2 -2 0 0 0 -1 -1 -1 -1 -1 -2 -1
-1 -1 -1 -1 -1 -2 -2 0 0 1 3 3 6 6 2 2 2 2 2 1 1 0 0 0 0 3 -1 -1 -1 -1 0 0 0 -2 -2 -2 -1 -2 -1 -2 -1 0 0 0 -1 0 -2 -2 -2 -2 -2 0 -1 0 -1
-1 1 1 1 1 -1 1 1 2 3 4 7 7 10 10 10 9 6 6 6 6 6 6 4 3 3 3 3 3 3 3 3 3 1 1 -1 -1 -1 -1 0 -1 0 -1 -2 -3 -2 1 1 1 1 1 0 -1 -1 0
0 2 2 1 1 1 2 1 2 2 2 3 4 4 9 11 11 11 11 11 11 5 4 4 4 4 4 4 4 3 0 0 0 0 0 0 0 0 0 0 0 0 0 0 1 1 1 1 3 0 1 -1 0 0 1
-1 -1 1 2 2 2 0 0 2 2 2 3 3 3 9 9 7 7 7 7 7 7 7 2 -2 -2 -2 -2 -2 -2 -2 1 1 1 1 1 1 1 1 1 1 1 1 1 2 2 2 2 1 1 0 0 0 0 0
1 1 0 0 1 1 2 3 3 3 3 5 5 8 8 7 7 7 7 7 7 3 1 1 1 1 1 1 1 1 1 0 0 0 0 0 1 1 2 2 2 2 1 1 1 1 0 1 2 2 1 1 1 2 2
1 1 2 1 2 0 0 0 0 3 4 6 6 6 6 3 2 2 2 1 1 1 2 2 2 2 2 2 1 0 1 1 2 1 1 1 1 0 0 -1 -1 -1 0 1 0 1 0 1 0 1 2 2 2 -1 2
0 0 0 -1 0 0 0 1 1 1 2 3 5 7 9 10 10 8 2 2 2 2 2 2 0 1 1 1 1 1 1 1 0 -1 -1 -1 -1 0 0 0 1 1 1 0 0 1 1 1 1 0 -1 -1 0 0 2
0 0 1 1 0 -1 -1 -1 0 1 1 2 5 5 10 10 10 6 6 6 6 6 6 2 1 1 1 1 1 1 1 1 1 2 1 3 -1 1 0 0 0 0 -1 0 0 0 0 1 0 0 0 1 1 1 1
1 1 3 3 1 1 0 0 1 1 2 6 8 8 8 4 4 1 1 1 1 1 -1 -1 -1 -1 1 2 2 2 0 0 0 0 1 2 2 0 0 0 0 0 0 0 1 1 1 -1 -1 -1 0 0 0 -1 -1
1 1 0 0 0 0 0 0 1 2 2 2 8 8 8 7 4 4 1 0 1 1 1 -1 -1 -1 -1 -1 1 1 1 1 0 0 -1 -1 -1 0 0 0 1 1 0 0 1 1 0 0 0 0 0 0 0 0 0
-2 -2 -2 -1 -2 1 1 1 1 2 5 8 12 12 11 8 5 5 5 5 5 5 3 3 3 3 3 3 3 3 0 -1 -1 -1 -1 -1 -1 -1 -1 -1 -2 -1 -1 0 -1 -2 -3 -2 -3 -2 -4 -1 -2 -2 -3
-1 -2 -3 -2 -2 -2 0 -2 0 1 2 3 3 4 4 4 2 1 1 1 1 1 1 1 -3 -3 -3 -3 -3 -3 -3 -1 1 1 1 1 1 1 -1 -1 -1 -1 0 -1 0 0 0 -1 -1 -1 -1 -1 -2 -2 -2
-2 -2 -2 -2 -2 -2 -2 -2 -1 2 2 2 2 3 5 5 5 3 3 3 3 3 3 3 3 3 3 1 1 1 1 1 1 1 -2 -2 -2 -2 -2 -2 -2 -4 -4 -4 -4 -4 -4 -2 -2 -2 -1 0 0 0 0
-2 -2 -2 -2 -2 -1 -1 -1 -1 -3 -3 0 2 2 4 5 5 0 0 0 0 0 0 4 5 5 5 5 5 5 0 -2 -2 -2 -2 -2 -2 0 0 0 0 0 0 0 0 0 0 0 0 0 0 -1 0 -1 -1
-4 -3 -3 -2 -2 -2 -1 0 1 1 2 2 3 4 4 4 4 4 4 4 4 4 1 1 1 1 1 1 1 1 0 0 0 0 0 0 0 0 0 -3 -3 -3 -2 -2 -2 -1 -1 -1 0 -1 -1 -2 -2 -3 0
-1 -1 -2 -2 -1 -1 -1 -1 0 0 0 -1 -1 1 1 3 3 3 3 3 3 3 3 0 0 -1 -2 -2 -2 -2 -2 -2 0 0 0 -2 -3 -2 -3 -2 -2 -2 -2 -2 -2 -2 -2 -3 -3 -3 -2 -2 -2 -2 -2
-3 -3 -3 -1 -1 -1 -1 0 0 1 0 1 4 4 4 3 3 0 0 0 0 -1 -1 -1 -1 -1 -1 -1 -1 -1 -2 -3 -2 -2 -2 -2 -1 -2 -1 -2 -2 -2 -2 -2 -2 -3 -3 -3 -3 -4 -4 -3 -2 -2 -2
-1 -2 -3 -3 -2 -1 -1 0 0 -1 -1 1 2 2 4 2 2 2 2 2 2 2 1 1 1 1 1 1 1 0 0 0 0 0 0 0 -1 -1 -1 -1 -1 -1 -1 -2 -2 -1 1 1 -2 -3 -2 -3 -2 -2 -1
-1 -1 -1 -1 -2 -2 -3 -2 -1 1 1 0 0 3 4 3 2 2 2 2 2 2 1 1 1 1 1 1 1 1 -1 -1 -1 0 0 0 -1 -1 -1 -2 -2 -2 -2 -2 -2 -2 -2 -2 -3 -3 -3 -3 -3 -3 -3
-2 -2 -1 -1 -1 -2 -2 1 1 1 5 5 11 11 9 4 4 4 4 4 4 3 3 3 3 3 3 3 3 3 2 -1 1 -1 -1 -1 -2 -2 -2 0 0 0 0 0 0 0 0 -1 -1 1 1 -1 -1 0 0
-1 -1 -1 -1 -1 0 0 0 1 1 3 4 4 6 6 7 6 5 5 5 5 5 0 0 0 2 0 1 0 -1 -1 0 1 1 1 0 0 0 1 1 1 1 0 1 1 1 1 1 0 0 0 0 2 2 0
0 1 1 1 0 2 0 2 2 2 2 6 6 6 7 7 4 4 4 4 4 4 1 1 0 1 0 0 0 0 1 1 1 2 2 1 1 0 0 0 0 -1 0 1 1 1 1 1 0 0 0 0 1 -1 1
0 0 0 0 0 0 1 1 1 1 2 3 5 6 10 10 9 9 9 9 9 9 5 2 1 1 1 1 1 1 1 0 -1 0 0 0 0 0 1 1 1 1 0 0 0 1 1 1 0 1 1 1 1 0 0
2 -1 0 0 1 1 1 1 2 2 4 7 7 8 8 8 3 1 1 1 0 1 1 1 2 1 1 0 0 0 0 0 0 1 0 0 -1 -1 -1 0 0 0 0 -1 -1 -1 0 4 2 2 1 1 1 1 0
1 1 2 1 1 1 1 1 1 2 7 7 7 8 9 9 4 4 2 2 2 2 0 2 1 1 1 2 2 1 1 1 1 1 1 1 2 2 2 1 3 3 3 2 2 1 2 2 2 2 2 1 1 1 2
1 1 1 1 0 2 2 5 5 5 5 8 10 10 10 7 2 2 3 3 2 1 2 1 3 1 0 0 1 1 1 1 1 1 1 1 1 2 2 2 2 1 1 1 1 0 1 1 2 2 1 1 1 1 1
1 0 0 0 0 0 1 0 0 0 2 4 4 4 7 7 8 8 8 8 8 8 8 2 2 2 2 -1 -1 -1 -1 -1 -1 0 1 0 2 1 1 1 0 1 0 0 0 0 0 2 2 2 1 1 2 2 2
1 1 0 0 1 1 1 1 1 1 4 5 5 7 7 5 4 4 4 4 4 4 3 1 1 1 0 1 0 0 0 1 1 1 1 1 1 1 1 1 1 2 2 2 2 1 0 0 1 1 1 1 1 1 1
3 1 1 2 2 1 1 1 1 2 2 3 4 5 9 9 9 5 5 5 5 5 5 2 1 1 1 1 1 1 1 1 1 1 1 3 3 2 2 2 1 0 0 0 2 2 2 2 1 2 2 2 1 1 1
0 1 1 1 2 1 2 2 2 3 5 9 10 10 9 7 4 4 3 3 2 2 2 -1 -1 0 1 3 3 1 1 0 0 0 0 2 2 2 2 1 1 1 1 1 1 1 1 0 0 0 1 1 1 2 2
2 1 1 1 1 2 2 3 3 3 5 8 8 6 5 5 2 2 2 2 2 2 2 1 1 1 2 2 2 1 1 0 0 0 0 0 1 1 1 1 1 1 2 3 2 2 2 2 3 3 3 2 2 1 1
1 2 2 2 2 1 1 1 1 3 4 4 8 8 8 7 4 2 1 1 1 1 1 1 0 1 1 1 1 1 1 1 1 2 2 1 1 0 0 0 1 1 0 0 1 1 2 0 0 0 -1 0 0 0 1
1 1 1 1 3 3 3 1 1 1 1 1 7 8 19 25 25 25 25 19 19 17 11 11 11 11 11 11 2 1 1 1 1 1 1 1 -2 -2 -1 0 0 1 1 1 1 -1 -1 -1 0 0 0 0 2 2 1
0 1 2 2 0 0 0 2 2 4 4 4 10 10 10 10 8 8 8 8 8 8 2 1 1 1 1 1 1 1 1 0 1 0 0 0 0 1 1 1 1 0 0 0 0 0 0 1 0 1 1 2 1 2 0
1 2 2 2 2 2 3 1 2 2 2 2 3 4 8 8 8 8 8 8 8 8 1 -1 -1 -1 -1 -1 -1 -1 -1 1 1 1 1 0 0 0 0 0 2 2 3 0 1 1 1 1 1 1 1 1 0 1 1
0 0 -1 -1 -1 -1 -1 0 1 1 1 1 4 6 7 9 9 9 9 9 9 5 5 5 5 5 5 5 2 0 0 0 0 0 0 0 -2 -2 -2 -2 -2 -2 -2 -2 0 0 0 -1 0 0 0 0 0 0 -1
-1 -1 -1 -2 -2 -1 -1 0 3 5 8 9 9 9 4 3 2 2 2 2 2 2 3 3 3 3 3 0 -1 -2 -2 -2 -1 -2 -1 -2 -3 -3 -2 -2 -3 -3 -4 -2 -2 -1 -1 -1 -3 -3 -4 -4 -3 -3 -3
-4 -1 -1 -1 -1 -3 -3 -2 0 0 3 3 5 6 7 6 3 3 3 3 3 3 2 1 1 1 1 1 1 1 0 -2 -2 -2 -2 -2 -2 0 0 0 -2 -3 -3 -3 -2 -2 -3 -3 -3 -2 -2 -2 -4 -4 -3
