0 0 2 2 2 2 2 4 4 6 7 10 16 17 23 23 23 19 15 11 9 5 5 3 3 2 2 2 1 1 0 0 0 0 1 -1 0 0 0 1 1 1 1 1 1 1 1 0 1 1 1 0 0 1 1
2 2 2 0 0 0 1 1 2 2 6 8 9 16 18 23 27 27 29 32 35 35 36 38 40 40 40 34 34 30 28 28 26 24 24 24 23 23 22 22 22 22 21 20 20 19 18 17 16 15 15 14 12 6 6
1 1 1 1 1 1 1 1 1 1 3 5 9 13 18 21 23 23 23 23 23 23 23 30 31 30 31 31 32 32 33 33 33 32 31 30 29 28 27 27 24 24 24 21 21 21 18 18 19 19 20 20 18 18 18
0 0 0 0 0 1 1 0 0 2 2 3 6 9 18 30 48 54 59 64 69 75 75 79 79 77 65 52 41 33 26 23 18 18 16 16 16 15 15 11 10 10 10 10 10 10 8 7 4 4 2 0 0 0 1
1 0 0 0 0 0 0 0 0 0 4 6 11 17 23 30 33 35 36 35 35 33 33 31 29 25 21 21 18 18 17 16 17 14 14 12 9 8 5 4 3 3 3 1 1 1 1 0 0 0 0 0 0 0 0
1 1 1 1 1 1 1 2 2 2 2 10 12 14 19 19 20 22 24 24 24 24 24 23 21 18 17 15 10 9 6 6 6 3 3 2 2 2 1 1 1 1 1 1 1 1 0 0 0 0 0 2 2 2 2
-1 0 0 1 1 1 1 1 2 2 7 8 11 17 23 31 40 45 47 55 57 62 66 67 67 58 45 33 21 17 13 11 8 7 7 7 6 4 3 3 1 1 1 1 0 0 0 0 0 0 0 0 1 1 1
1 0 0 0 0 0 0 1 2 5 5 8 13 16 19 25 31 31 34 34 34 34 34 34 32 31 25 20 17 17 15 12 9 9 9 8 6 2 2 2 1 1 -1 1 0 1 0 1 0 0 0 0 0 -1 -1
1 0 1 1 1 0 0 1 2 2 6 10 11 17 22 27 29 32 32 32 32 32 30 27 18 16 16 12 11 11 9 8 4 2 2 2 2 1 1 1 1 1 0 0 1 1 2 2 1 -1 -1 -1 0 0 1
1 1 1 -1 0 0 0 0 0 1 4 5 7 15 22 28 40 45 48 52 56 59 61 61 47 34 18 10 9 8 8 6 6 6 4 3 2 1 1 2 2 2 1 2 1 1 0 0 0 -1 1 0 0 0 1
0 0 2 2 1 1 2 2 2 3 5 9 10 16 21 23 23 20 18 9 7 7 5 3 3 3 3 2 0 0 1 1 1 1 2 1 1 0 1 0 1 1 1 0 0 1 1 1 1 1 0 1 0 1 1
0 1 1 1 0 0 0 1 1 2 3 5 8 17 22 26 30 30 28 28 28 26 25 19 14 14 14 11 10 8 8 6 5 3 2 2 2 1 1 0 0 0 0 0 0 0 1 1 1 2 3 3 0 0 0
1 1 1 1 1 3 3 2 1 1 2 6 7 13 18 25 25 27 27 32 37 39 42 46 51 64 64 64 64 70 70 67 33 20 12 12 8 8 8 7 5 5 4 0 0 0 2 2 0 0 0 -1 0 1 1
1 1 0 1 1 1 1 1 2 2 2 4 9 15 22 31 40 44 48 54 54 55 57 57 47 33 29 20 15 10 9 7 6 5 5 5 4 3 2 1 2 1 2 2 2 1 0 -1 -1 -1 -1 0 1 1 0
0 0 0 0 1 2 2 3 5 11 13 15 17 19 25 25 25 26 26 22 22 22 16 13 13 7 4 4 3 2 2 2 1 1 1 2 2 1 1 1 -1 -1 0 0 0 -1 0 1 1 1 1 0 0 0 0
-1 1 1 1 2 2 3 3 2 2 5 5 11 14 25 30 31 30 31 30 29 29 26 17 14 12 12 10 10 9 9 6 6 5 3 1 1 1 1 1 2 1 1 1 1 1 2 2 2 0 0 0 1 1 1
0 -1 -1 0 2 1 1 1 3 4 4 8 10 18 25 31 31 32 32 32 32 32 27 25 17 15 14 14 12 12 12 9 7 5 1 1 1 1 0 0 0 0 0 0 1 1 1 1 1 2 2 2 1 0 0
-1 -1 -1 1 1 1 1 1 3 3 3 9 11 19 23 23 21 16 15 10 9 5 3 1 1 0 1 2 2 2 1 1 1 1 0 -1 -1 0 0 0 0 0 0 0 0 0 0 0 0 0 -1 -1 -1 0 0
1 0 1 1 1 0 0 1 2 5 8 9 12 17 22 24 30 30 24 24 23 23 21 17 17 13 8 7 5 3 3 3 2 1 1 1 1 0 1 1 1 1 0 0 -1 -1 0 1 0 0 0 -1 0 0 1
0 -1 0 -1 1 0 0 0 0 3 4 6 12 15 24 35 40 41 41 41 41 40 38 33 28 22 22 16 14 12 12 10 10 10 8 7 4 2 2 2 0 2 0 1 1 1 1 1 0 0 0 0 0 1 1
1 1 1 1 1 1 1 2 3 3 9 12 18 19 21 22 22 17 14 11 9 8 3 3 3 2 2 1 2 1 1 1 0 0 1 1 0 -1 -1 -1 -1 -1 0 0 0 0 0 0 0 0 3 2 2 2 0
-1 -2 -2 -1 1 1 1 1 1 3 3 6 8 12 20 25 28 28 28 27 28 27 24 20 15 12 12 12 10 9 8 8 6 6 3 0 2 1 1 1 0 -1 -1 -1 -2 -2 -2 -2 -2 -2 0 0 0 -1 0
1 1 1 -1 1 0 0 0 1 2 4 6 10 12 13 16 16 15 13 9 7 7 4 3 2 0 0 -1 0 0 0 0 -1 -1 -1 -1 -2 -2 -2 -1 -1 -1 -1 -1 -1 -1 -1 0 -2 -1 -1 -1 1 0 0
0 0 0 1 1 2 2 1 1 1 1 2 7 7 12 20 23 23 23 23 23 23 23 22 19 17 14 11 10 10 10 10 10 10 5 2 2 2 2 1 0 -1 -1 2 2 2 1 1 1 2 2 2 0 0 0
1 0 0 0 1 0 1 1 1 1 2 7 9 12 22 22 25 25 24 24 24 24 20 16 12 10 10 10 10 10 10 4 3 1 1 1 0 0 0 0 0 1 1 1 1 0 0 0 1 1 1 0 0 0 1
0 -1 1 0 0 0 0 1 2 2 4 4 10 15 20 26 26 27 28 29 29 28 28 22 20 17 13 13 12 11 11 10 10 9 7 2 2 2 0 0 -1 1 1 1 1 0 0 1 1 1 1 1 1 0 0
2 1 0 0 0 0 1 0 1 1 4 4 5 11 18 22 25 25 28 28 28 29 28 26 26 24 18 13 11 10 9 10 10 10 5 5 2 2 -1 1 0 1 0 2 0 0 0 0 0 0 -1 -1 0 0 0
0 0 0 0 0 0 0 0 0 1 3 3 6 12 16 21 21 20 20 19 17 14 8 5 4 4 2 2 0 0 0 1 1 1 0 0 0 0 0 0 0 0 0 0 1 0 1 1 1 1 0 -1 -1 -1 1
1 0 0 0 0 0 0 0 1 4 6 7 9 12 14 15 18 20 20 20 19 19 13 13 9 7 3 2 2 2 3 3 1 0 0 0 1 1 -1 -1 0 0 0 0 0 0 0 0 0 0 0 0 1 0 0
1 0 0 0 0 0 0 1 1 1 1 4 5 10 14 18 21 21 21 21 21 21 21 21 18 15 13 12 12 12 12 12 12 7 6 4 1 0 0 0 -1 -1 -1 -1 -1 -2 0 0 0 0 0 -1 0 0 0
-1 -1 -1 -1 -1 -1 0 1 1 2 4 4 8 13 14 20 23 26 29 30 31 31 31 30 30 27 22 14 10 9 9 9 8 7 4 2 0 0 0 0 -1 -1 -1 -1 -1 -1 -2 -2 -2 -2 -1 -2 -1 -1 -1
-1 -1 -2 0 -2 1 0 1 0 2 2 4 9 16 19 23 27 27 27 27 26 26 28 28 28 28 25 22 18 15 15 14 13 13 11 11 10 8 5 2 1 1 1 0 0 0 1 1 0 0 0 0 0 -1 -1
-1 -1 -1 0 1 0 0 0 4 5 7 12 15 19 19 19 18 17 15 10 6 6 2 2 1 0 0 0 0 0 0 0 -1 0 0 0 0 -1 -1 -1 -1 -1 -2 -2 -1 0 0 0 0 0 0 -1 -1 -1 -2
1 -1 1 -1 0 0 0 1 2 2 6 10 15 16 21 23 21 23 25 25 25 21 20 17 13 12 10 6 3 2 2 2 1 0 1 1 2 1 0 -1 -1 -2 -2 -2 -1 -1 -1 -1 -1 0 0 0 -1 0 -2
1 1 0 0 0 3 3 3 3 3 4 4 10 10 21 23 23 23 22 21 19 14 12 11 10 8 3 3 3 2 2 2 1 1 0 0 1 1 1 1 2 1 1 1 1 1 1 1 1 2 3 3 1 0 0
0 1 -2 0 0 0 1 1 1 1 2 3 9 12 21 28 33 33 34 33 32 30 29 26 23 20 15 14 14 13 11 11 11 11 7 6 4 2 2 2 2 0 1 0 1 0 0 0 0 0 0 0 -1 -1 -1
1 1 1 1 1 1 0 0 1 3 3 6 9 15 22 34 43 51 56 58 65 69 79 79 60 40 29 18 18 16 13 12 12 12 8 6 4 2 1 1 1 1 -1 -1 -1 0 0 0 0 0 1 1 0 0 0
-1 -1 1 1 1 2 2 2 4 6 9 13 18 19 23 25 25 22 22 20 19 17 10 9 6 6 3 3 3 3 1 0 0 0 0 2 0 1 1 1 1 1 0 0 1 1 0 0 0 -1 -1 -1 0 -1 -1
0 0 0 0 0 0 1 0 0 0 3 5 9 13 21 31 37 37 36 35 33 33 33 30 23 16 13 12 12 9 7 5 3 2 2 2 0 0 0 0 0 0 -1 -1 0 1 0 0 0 0 0 0 0 0 0
0 0 1 0 -1 -1 0 1 1 1 4 6 8 14 21 30 31 31 32 32 32 31 27 20 15 12 9 9 7 7 7 5 2 1 1 0 0 0 1 1 1 1 -1 -1 -1 0 0 0 1 1 1 1 0 0 0
-3 -1 0 0 0 0 1 2 2 2 3 5 11 19 27 34 34 35 35 35 35 33 28 20 16 13 11 10 10 10 7 5 3 3 2 0 -1 -1 -1 1 1 -1 -1 0 1 1 1 1 1 -2 -2 0 0 0 0
0 2 2 2 0 0 2 3 3 3 4 7 10 15 23 32 36 38 38 37 36 33 31 25 20 12 9 9 7 7 7 4 4 4 2 2 2 1 1 1 1 -1 0 0 0 0 0 0 0 0 0 0 0 -1 0
0 1 0 0 0 1 1 1 2 3 5 8 15 18 23 23 21 21 17 17 15 13 7 6 4 4 3 2 1 1 1 -1 -1 -1 0 0 -1 -1 0 0 0 0 -1 -1 0 0 -1 -1 0 0 -1 -1 0 0 0
0 1 -1 1 0 1 1 2 2 2 3 6 8 13 15 15 14 9 7 6 3 2 0 1 -1 -1 -1 -1 -1 -2 -2 -2 -1 0 -1 0 -1 0 -1 -1 -1 -1 0 0 0 0 -1 -1 -1 0 0 0 -1 0 0
0 0 1 1 1 1 0 2 2 3 4 11 12 13 21 26 26 30 32 33 32 32 32 26 21 15 11 10 9 9 9 4 4 4 3 3 2 1 1 1 1 0 0 0 2 2 1 1 2 2 1 0 1 1 1
3 3 3 1 1 2 3 3 3 4 6 10 11 17 19 19 15 14 10 8 6 5 2 1 1 0 2 0 1 -1 1 0 0 0 0 0 0 0 0 0 1 1 1 0 -1 -1 -1 -1 -1 -1 -1 -1 0 0 0
1 1 0 1 1 1 2 3 3 3 5 8 14 17 20 23 23 22 18 13 8 8 4 4 3 2 1 0 0 1 1 2 0 0 0 1 1 -1 -1 -2 0 0 0 0 0 0 1 1 1 0 -1 0 -1 0 0
1 -2 -2 0 0 0 0 2 3 3 3 6 11 17 22 28 28 27 25 23 23 23 21 13 8 8 5 3 3 3 1 2 1 1 1 0 1 0 0 0 0 0 -1 -1 -1 -1 -1 -1 0 0 -1 -1 -1 0 0
0 0 0 1 0 1 1 2 2 3 5 7 10 14 26 34 41 44 46 46 46 45 38 31 25 19 18 14 13 13 11 10 10 7 7 4 2 2 1 0 0 1 1 1 0 0 0 -1 0 -2 0 0 0 -1 -1
0 -1 0 0 1 0 1 0 0 0 1 1 5 11 16 24 36 43 43 42 40 38 35 29 21 16 12 9 7 6 6 5 2 2 2 2 1 1 0 0 0 1 1 1 0 0 1 1 1 1 -1 -1 0 1 1
1 0 0 0 0 0 1 2 1 2 4 5 6 11 19 22 25 25 23 23 23 23 22 22 17 14 10 10 10 10 10 10 3 0 0 0 0 0 0 0 0 0 0 0 0 1 2 1 0 0 0 0 0 0 0
0 0 -1 -1 -1 0 0 0 0 1 1 2 5 7 17 27 38 39 39 36 36 32 28 19 12 10 9 7 6 6 6 5 3 2 2 2 1 0 0 0 0 1 0 1 -2 1 0 0 -1 -1 1 1 1 -2 1
0 0 1 1 0 0 0 0 0 1 2 2 7 13 23 24 27 27 25 22 22 22 15 13 10 10 10 10 10 10 5 2 2 2 1 1 0 0 0 1 1 1 1 1 0 0 0 0 -1 -1 -1 -1 0 0 0
0 0 1 1 0 0 2 3 3 3 3 6 11 13 19 20 20 20 20 20 20 17 10 8 7 3 3 2 1 1 0 0 -1 -1 -1 1 1 1 0 0 0 0 -1 0 0 0 0 0 0 0 0 1 0 1 -1
0 -1 -1 1 1 0 0 1 2 3 4 6 10 14 17 25 28 28 29 29 27 26 24 19 14 14 10 10 10 8 8 8 7 4 3 1 0 0 0 0 0 0 0 2 0 0 0 0 -1 -1 0 0 0 0 0
0 0 1 1 1 0 0 0 2 2 4 4 7 13 23 24 24 19 14 11 9 5 1 0 0 0 0 2 2 1 1 1 -1 -1 -1 -1 0 0 0 1 1 1 1 1 0 0 0 0 0 0 0 0 -1 -1 -1
1 2 2 1 1 1 0 0 2 2 3 3 8 12 20 29 33 35 35 35 34 34 28 23 18 14 14 9 9 9 6 5 4 3 1 1 0 2 0 1 1 1 1 1 1 1 1 2 2 2 1 1 1 1 2
0 0 -1 -1 2 3 3 1 1 2 2 4 8 13 20 32 38 40 38 39 38 35 28 28 21 9 9 8 8 5 5 5 5 2 0 0 1 1 0 0 0 0 0 0 0 1 0 0 0 0 1 0 1 0 1
1 1 1 1 2 0 2 1 2 3 3 7 11 15 23 23 21 20 14 11 9 8 5 5 4 3 2 2 1 1 1 1 0 0 0 0 0 0 0 0 0 0 2 2 2 2 1 1 1 1 1 1 1 0 1
1 0 1 2 2 2 1 1 3 4 8 11 16 19 21 21 18 15 14 12 10 7 5 2 1 1 1 -1 -1 -1 1 1 1 1 0 0 1 1 1 2 2 2 1 1 0 1 0 0 0 1 1 1 1 1 1
-1 -2 -3 -2 0 0 0 0 0 1 2 2 6 13 22 32 32 29 26 26 24 19 15 13 11 9 3 2 1 1 0 0 0 0 0 0 0 0 -1 -1 -2 -2 -2 -1 0 0 0 0 0 0 -1 -1 -1 -1 -1
-1 -1 -1 -1 -1 -1 1 1 1 3 6 8 10 16 20 20 22 22 21 16 10 8 6 4 2 1 0 0 -1 -1 0 0 0 0 0 0 1 1 -1 -1 0 0 0 0 0 0 -1 0 0 0 1 1 1 0 0
0 0 0 0 1 0 0 0 1 1 1 4 13 17 21 21 21 17 17 16 11 10 8 6 2 1 0 0 0 -1 -1 -1 1 1 -1 -1 -1 -1 -2 -1 -1 -1 0 0 1 0 -1 -1 -1 0 0 0 0 0 0
0 2 0 0 -1 -1 0 1 1 1 3 4 13 18 25 25 25 23 22 19 18 13 10 8 4 3 3 2 1 0 0 0 1 0 0 -1 0 1 1 0 0 -1 0 0 0 0 0 0 -1 -1 -1 -1 -1 1 1
-1 -1 0 0 0 0 -1 1 1 1 2 5 6 16 20 26 27 30 30 30 30 30 30 30 28 24 20 13 13 9 7 7 7 6 5 2 1 1 0 0 0 0 0 0 0 1 1 -1 -1 -1 0 0 0 0 0
 0 0 -1 -1 -2 -1 -1 0 1 2 2 5 9 15 34 175 2052 2052 2052 2052 2052 607 86 86 86 27 11 11 4 204 204 204 204 204 96 96 96 96 96 96 96 -1 -1 0 0 0 0 0 -1 -1 -1 -1 -1 -2 -2
1 -1 0 0 0 1 0 1 1 2 5 5 8 13 21 29 34 37 37 37 34 32 32 27 22 20 15 9 7 7 7 5 4 2 1 0 -1 -2 -2 -2 0 0 0 0 -2 -2 0 0 0 0 -2 -2 -2 -2 -2
-1 -1 -1 -1 -1 0 0 0 0 0 2 4 7 13 23 37 53 55 55 50 46 43 30 16 14 12 9 8 7 6 6 5 5 3 1 0 0 0 0 -1 -2 -1 -2 0 0 0 0 0 0 -1 -1 -1 -1 -1 -1
-1 1 -1 -1 -1 -1 -2 -2 -1 0 0 3 6 14 19 27 35 35 35 35 35 31 24 19 13 11 11 10 9 9 9 7 3 2 1 1 1 0 1 0 0 0 0 1 -1 1 1 1 1 -1 -1 -1 0 0 -1
-1 -2 -2 -2 -1 1 1 1 1 2 4 11 12 19 27 37 38 42 46 50 52 56 56 43 25 17 11 9 9 7 7 5 3 2 0 0 0 0 0 1 0 1 -1 0 0 0 -1 -1 -1 1 -1 0 -1 -1 -1
0 1 0 1 1 1 1 1 1 1 4 6 11 17 23 38 43 44 44 41 39 36 33 24 19 14 11 11 10 10 10 10 5 4 3 1 1 -1 -1 0 0 0 0 0 0 -1 -1 -1 -1 -1 -1 -2 -2 -2 -1
-1 -1 -1 -1 0 0 1 0 1 2 5 12 15 19 24 24 24 23 23 20 17 8 5 5 0 0 1 1 0 0 0 0 0 0 0 -1 -1 -1 -1 0 -1 -1 -1 -1 -1 0 0 0 0 -1 0 -1 0 -1 -1
1 1 0 0 0 0 -1 0 1 1 3 6 13 15 22 23 23 23 23 23 23 23 23 22 20 17 13 13 13 13 13 13 7 6 2 0 -1 -1 1 1 -1 -1 -1 -2 -2 -2 -2 -2 0 0 -1 -1 -1 -1 0
0 0 -1 -1 -1 0 0 0 2 1 2 8 9 17 21 27 27 27 28 28 29 29 29 31 34 34 24 16 10 10 9 6 4 4 4 2 0 0 0 0 1 1 1 0 -1 0 -2 0 -2 -1 -1 -1 1 0 0
-2 -1 0 0 -2 -2 -1 0 0 0 3 5 6 15 27 46 55 58 58 59 59 59 57 46 34 26 20 16 12 12 11 9 8 7 5 1 1 1 -1 -1 -1 -1 -1 -1 -1 -1 -1 1 1 1 -1 -2 -2 -1 -1
0 0 -2 -2 0 1 1 0 -1 -1 2 3 6 8 11 12 15 15 15 15 15 15 11 6 6 6 6 6 6 6 3 3 3 2 2 2 1 1 1 1 1 0 -1 -1 1 1 -1 -2 -2 0 0 0 -3 -1 -1
-1 -1 0 0 -1 -1 -1 -1 -1 0 0 0 5 9 13 19 20 20 20 20 20 20 14 13 9 7 7 7 7 7 7 7 7 4 4 2 2 2 2 2 2 2 2 0 -1 -1 -1 -2 -2 0 0 0 0 -2 -2
-1 -2 -2 -2 -1 -1 -1 -1 -2 -1 2 2 3 9 10 17 21 21 21 21 21 21 19 12 7 7 7 7 7 7 7 7 4 4 4 3 1 1 1 1 1 1 1 1 1 0 0 0 0 0 -2 -1 -1 -1 -3
0 0 0 0 -2 -1 -1 1 1 1 2 2 5 11 16 16 14 11 4 4 4 4 4 4 4 4 3 3 4 4 4 4 4 4 1 0 -1 -1 0 0 0 -2 -2 0 0 0 -1 0 -1 -1 -1 -1 -2 -2 -2
-1 0 0 -1 -1 -1 -1 -1 0 0 0 1 3 7 16 17 17 17 17 17 17 13 7 4 4 4 4 4 4 4 2 2 2 2 2 2 2 0 0 0 0 0 0 -1 -2 -1 -2 -1 -3 -2 -2 -1 -1 -1 -1
-2 -2 -1 -1 0 -1 0 -1 0 0 1 1 4 8 18 22 22 22 22 22 22 22 15 8 8 8 8 8 8 8 3 3 3 3 3 3 3 3 3 2 1 -1 -1 0 0 -1 -2 -2 -2 -2 -1 -1 -1 -1 0
-1 -1 0 -1 -1 -1 -1 -1 -2 -1 0 0 4 6 14 14 14 14 14 11 8 8 8 8 8 8 8 4 4 3 3 3 3 3 3 3 1 1 -1 -1 0 0 0 -1 -1 -1 -1 -1 -1 0 0 -1 -1 -2 -2
0 0 0 -1 -1 -1 2 3 5 7 10 10 7 6 5 2 2 3 3 0 0 1 1 -1 -1 -2 -2 -2 -2 -2 -2 0 0 0 0 0 -1 -1 -1 -1 -2 -1 -1 -1 -1 -1 -1 -1 -1 -1 -1 -1 -1 -1 -1
-2 -1 -1 -3 -3 -2 0 0 0 1 -1 2 4 6 11 14 14 11 9 9 6 5 5 5 5 5 5 3 2 3 3 3 3 3 3 3 0 0 0 1 1 0 0 0 -2 -2 -2 -1 0 0 0 -2 -2 -1 -1
-3 0 -1 -1 -1 -1 -1 0 -1 0 0 1 5 9 18 26 26 23 20 20 20 20 5 3 3 3 3 3 3 3 2 1 0 0 0 1 -2 -2 -2 -1 -1 -1 -1 0 0 0 -1 -2 -2 -2 -2 -2 -2 -1 -1
-2 -3 -3 -3 -1 -1 -1 -1 -1 -1 2 2 7 14 25 33 34 37 37 32 29 21 9 7 5 3 3 4 4 3 1 1 0 0 -1 -2 -2 -2 -2 -2 -1 -1 -1 -1 0 0 -1 -2 -2 -2 -2 -2 -1 0 0
-2 -2 -2 -1 -2 -2 -2 -1 0 0 0 3 9 14 20 20 18 11 6 4 3 2 0 0 0 -1 -1 -1 0 -1 -1 -2 -2 -2 -2 -2 -2 -2 -3 -3 -1 -1 -1 -3 -3 -2 -1 -2 -2 -2 -2 -1 -2 -1 -2
1 0 0 0 0 0 1 1 3 3 4 6 13 18 20 21 21 14 9 9 9 9 9 4 4 4 4 3 2 2 1 1 1 1 1 1 1 1 1 1 1 0 0 1 1 1 0 0 0 0 0 0 0 1 0
0 0 1 1 2 2 2 2 2 2 3 4 6 10 15 17 19 19 19 19 19 19 15 10 10 10 10 10 10 2 2 2 2 2 1 1 1 1 2 1 2 1 1 1 1 1 1 1 0 -1 -1 0 0 0 0
-1 -1 -1 -1 -1 -1 -1 -1 -1 0 0 0 1 1 1 1 1 1 1 1 1 1 14 27 36 38 38 38 32 27 20 11 7 6 4 4 4 4 4 4 2 1 1 1 0 0 -1 -1 -1 0 1 1 1 0 0
-1 0 0 0 -1 -1 -1 -1 -1 -1 0 0 1 3 4 10 18 26 31 31 31 31 30 28 28 26 16 9 7 7 6 6 4 4 4 3 3 2 1 1 2 2 2 1 2 2 2 0 0 0 0 0 1 1 -1
-1 -2 -2 0 0 0 0 0 0 2 2 4 10 19 26 32 34 34 32 27 23 23 18 13 8 7 7 7 5 4 4 4 4 4 4 4 4 4 2 0 2 0 0 0 2 2 0 0 0 0 0 0 0 1 1
0 0 -1 -1 -1 2 2 0 -1 0 1 1 0 0 4 11 20 30 37 38 38 36 29 24 15 8 8 7 5 4 3 3 4 4 3 1 1 1 1 1 3 3 2 1 1 1 0 0 0 0 0 0 0 0 0
-1 0 1 1 0 -1 -1 -1 0 1 2 4 8 15 21 21 21 13 8 5 3 2 2 2 2 2 2 0 0 1 1 0 0 -1 0 0 0 0 0 0 -1 -1 -1 1 -1 -1 -1 1 1 0 -1 0 0 0 0
1 1 1 1 1 1 1 1 1 0 0 4 5 11 23 29 30 30 26 26 22 18 11 8 8 8 8 8 8 8 8 8 5 5 2 2 2 2 2 2 2 5 5 3 2 2 2 3 3 1 1 1 0 0 0
-1 -1 0 0 0 0 0 1 1 1 1 1 2 3 4 6 14 21 30 30 30 28 23 19 19 10 5 5 5 5 5 5 3 2 2 2 2 1 1 2 2 1 1 1 1 1 -1 -1 0 0 0 1 1 2 1
0 0 0 0 0 0 -1 -1 0 0 2 3 4 13 23 30 36 36 29 25 23 23 13 6 6 6 6 6 6 3 3 2 2 2 2 2 2 2 1 1 1 1 1 2 2 -1 -1 1 1 1 1 1 0 1 1
-1 1 1 1 1 1 1 1 1 2 3 8 11 14 23 23 19 19 19 12 6 6 6 4 4 4 3 3 2 2 2 1 1 1 2 2 2 2 2 2 0 2 0 2 0 1 0 1 1 2 2 3 1 1 1
1 2 3 8 11 14 23 1 1 0 0 0 0 0 1 1 1 0 0 -1 -1 -1 -1 0 0 0 0 0 0 0 0 0 0 -1 -1 0 0 1 1 1 1 1 2 2 2 2 5 12 19 26 33 33 26 22 13
1 1 0 0 1 1 1 3 3 3 3 10 12 15 18 18 11 5 4 4 2 2 2 2 4 4 1 1 2 2 2 2 2 2 2 0 1 0 1 1 1 1 0 -1 0 1 1 1 1 1 2 2 2 4 4
0 2 2 2 2 5 6 10 12 14 14 11 9 6 3 3 4 4 3 2 2 2 1 1 0 0 -1 1 -1 -1 -1 0 1 0 -1 -1 0 0 2 1 1 1 1 0 0 -1 -1 -1 1 1 1 2 1 1 1
1 2 2 2 1 2 2 3 3 3 3 3 6 11 12 15 15 13 10 8 5 5 2 2 2 3 2 3 3 3 2 2 2 2 1 0 1 0 0 0 0 0 0 1 1 2 1 1 1 0 0 0 0 0 0
-1 -1 1 1 0 0 1 1 0 0 0 1 2 1 2 2 4 7 9 16 26 26 27 27 27 25 25 25 22 22 14 14 14 14 14 14 14 14 14 6 5 5 5 5 5 5 5 7 7 7 7 7 7 7 4
1 1 1 1 1 2 2 1 1 1 2 4 7 10 16 21 21 21 21 21 21 21 19 12 10 10 10 10 10 10 10 6 5 5 5 6 6 6 6 6 6 6 4 4 3 3 2 2 2 2 2 2 2 2 0
0 1 1 1 1 2 2 2 2 3 6 7 11 12 18 18 18 18 18 18 18 16 15 10 7 7 7 7 7 7 7 8 8 4 3 3 4 4 4 2 2 2 2 1 0 0 0 0 0 0 0 1 1 2 2
1 1 0 1 1 1 1 1 1 1 1 3 4 6 14 15 15 15 15 15 15 15 12 9 9 9 9 9 9 9 5 5 4 1 1 1 1 1 1 1 3 2 2 2 2 2 1 0 0 0 -1 0 0 0 0
0 0 0 0 1 1 0 0 0 0 0 0 0 1 1 2 4 5 5 12 14 14 14 14 14 10 7 6 6 6 6 6 6 4 3 3 3 3 3 3 3 3 4 3 3 2 2 2 0 0 2 2 0 0 0
1 1 0 0 1 2 2 2 2 2 3 4 8 11 11 13 11 11 7 5 4 4 4 4 5 5 3 2 2 2 2 1 1 1 1 2 2 2 -1 -1 0 1 1 1 0 0 0 0 1 1 1 1 0 0 0
1 1 0 0 0 0 1 1 1 -1 -1 3 8 9 14 14 13 9 8 5 5 5 4 4 1 4 1 3 1 1 1 1 1 2 2 0 0 0 0 2 2 2 1 1 2 2 1 1 0 0 1 1 0 0 0
-1 1 1 1 1 3 4 7 8 11 13 13 9 9 4 4 3 3 3 1 0 0 1 1 1 1 1 2 0 0 0 2 3 2 1 -1 -1 -1 -1 0 -2 -1 -1 1 1 1 0 0 0 -1 -1 -1 -1 -1 -1
-1 1 0 1 1 1 0 0 1 3 3 3 4 7 12 16 19 19 19 19 19 19 14 8 7 7 7 7 7 7 6 4 4 2 2 2 2 2 2 1 1 1 1 1 1 1 1 0 0 0 0 0 0 0 -1
0 0 0 0 0 0 1 2 2 2 3 3 7 8 12 13 13 12 8 6 6 6 6 6 6 6 2 2 2 1 1 1 1 1 0 0 0 1 0 1 1 1 1 0 0 -1 0 0 0 0 1 1 0 0 1
0 0 0 1 1 0 0 0 0 1 1 0 0 2 4 5 5 13 22 28 28 28 26 23 16 16 10 4 4 4 4 4 4 4 3 3 2 2 2 1 1 1 1 0 0 0 1 1 1 1 0 0 0 0 0
-1 -1 1 1 0 0 1 1 1 1 1 1 2 2 3 8 18 24 32 32 32 32 27 23 21 15 8 5 5 5 5 5 5 5 3 3 2 1 1 1 1 2 2 1 1 1 1 0 0 0 1 1 1 1 0
0 0 0 0 2 2 0 0 0 3 5 9 11 18 22 22 22 22 22 22 8 7 5 3 3 2 2 1 0 1 2 2 2 1 1 1 0 0 0 0 0 -1 0 1 1 0 0 0 1 1 1 1 1 1 0
0 0 -1 -2 -2 -1 -1 -1 -1 -1 0 0 1 3 3 9 14 19 26 26 22 18 18 18 8 5 5 5 5 5 5 3 1 1 1 0 -1 0 -1 0 0 0 0 -1 0 0 0 0 0 0 -2 0 -1 -1 -1
-1 -1 1 1 0 0 -1 -1 0 0 -1 -1 -1 2 1 1 1 -2 -2 -2 -1 -1 -1 -1 -1 -1 0 0 0 -1 -2 -1 -1 -1 1 0 0 -1 -1 0 0 -1 -1 -1 -1 -1 0 -1 -1 -1 -1 0 1 0 1
-1 -1 -1 0 1 1 0 0 -1 -1 -1 1 2 2 4 8 15 21 21 18 18 18 18 9 3 3 2 0 0 0 1 1 1 -1 -2 -1 -2 0 -1 -1 -1 0 0 0 -2 -1 -1 -1 -1 -1 -1 -2 -2 -1 0
0 1 1 1 1 0 0 0 1 2 2 5 8 16 22 22 19 19 11 6 5 4 4 4 2 1 1 0 0 0 2 2 2 1 1 0 0 0 0 0 0 1 1 1 1 1 1 1 1 0 0 -1 -1 -1 0
-1 0 0 0 -1 -1 -1 -1 -1 -1 -1 0 0 1 3 4 7 7 7 7 7 7 27 35 38 39 40 40 43 43 41 31 15 10 9 9 6 6 5 5 5 5 5 4 2 2 2 2 2 2 2 2 2 1 0
2 1 1 1 0 0 0 1 1 4 5 7 12 16 21 23 24 24 24 24 24 24 18 13 8 6 6 6 6 6 6 5 4 4 3 3 3 3 3 2 1 1 1 0 1 0 0 0 0 -1 -2 -1 -1 0 0
0 0 -2 -2 0 0 3 4 4 4 6 11 13 18 21 22 22 22 22 22 22 22 12 12 9 8 5 4 5 4 4 2 2 2 2 2 2 1 1 1 0 1 1 2 2 2 -1 1 -1 -1 -1 0 0 0 0
1 1 0 0 0 2 2 2 4 6 11 14 16 17 19 19 19 17 12 10 7 7 7 7 7 7 7 7 4 4 4 7 7 7 7 7 7 7 4 2 2 2 1 0 0 0 0 1 -1 1 1 1 1 1 1
-1 -1 -1 0 1 0 0 0 1 2 3 4 8 14 18 20 27 27 26 25 24 24 24 12 8 8 8 8 8 8 8 4 4 4 4 4 3 2 1 0 0 -1 -1 0 0 1 -1 1 -1 0 0 0 0 0 1
0 0 0 1 2 3 2 3 3 4 6 7 11 12 14 19 19 20 20 20 20 20 11 9 7 5 5 3 3 3 1 0 0 2 2 2 2 2 0 0 0 1 0 1 0 0 0 0 0 0 2 2 0 0 1
1 1 1 1 2 4 7 8 13 13 13 11 10 6 5 3 3 2 4 3 3 2 1 1 1 1 1 1 2 1 1 1 1 0 0 -1 -1 0 0 0 0 1 1 0 0 0 1 0 0 0 0 1 1 1 1
0 1 1 1 1 1 0 1 0 0 0 3 4 5 12 15 15 15 15 15 15 15 10 7 4 4 4 4 4 4 3 3 1 1 1 1 1 1 2 2 2 2 2 0 0 0 0 2 2 2 1 0 1 1 1
-1 -1 1 1 1 1 1 3 3 3 5 6 7 11 12 12 8 8 4 4 4 4 2 2 0 0 0 0 0 0 0 0 0 0 0 -1 1 2 2 0 0 2 2 2 1 0 -1 -1 0 0 0 1 2 1 2
1 1 1 0 0 1 1 0 0 1 3 4 5 9 14 16 20 20 20 20 20 11 6 6 6 6 6 6 4 4 4 4 4 4 4 4 3 2 1 1 1 1 0 0 -1 -2 -2 1 1 1 1 1 2 2 1
0 1 1 1 1 0 2 3 4 6 10 13 14 14 9 7 5 5 5 2 2 1 1 1 1 0 0 0 0 0 0 0 -1 -1 -1 -1 -1 -1 0 0 -1 -1 1 1 1 1 0 1 0 1 0 0 0 0 1
-2 -2 -2 -1 -1 -1 -1 1 1 1 2 2 5 11 12 12 12 10 5 5 5 5 5 5 5 5 4 2 2 2 2 2 2 2 2 0 2 0 1 0 0 -1 -1 -1 -1 0 -2 -1 -1 -1 -1 -1 -1 -1 -1
0 0 0 0 0 2 2 3 5 7 12 12 10 7 6 4 4 3 2 2 2 1 -1 -1 0 0 0 -1 -1 -1 0 0 -2 -2 -2 -1 -1 -1 -1 -1 -1 -1 -1 -1 -1 0 0 -1 -2 -2 -1 -1 -2 -2 -2
-1 -2 -2 -2 -1 2 2 2 3 8 8 11 11 10 5 5 3 3 3 3 3 3 2 2 2 2 2 -1 -1 -1 -1 1 1 -1 -1 -1 -1 -1 -1 -1 -1 0 0 0 -1 -1 -1 0 0 0 -1 -1 -1 -2 -1
-1 0 0 -1 -1 -1 0 2 2 -1 -1 2 5 5 11 14 17 17 17 17 17 8 6 6 6 6 6 6 6 4 3 3 3 3 3 3 3 3 0 0 0 0 -1 -1 -1 -1 -2 -1 -1 -1 -1 -1 -1 -2 -1
-1 -1 -1 -1 0 -1 0 0 1 1 1 1 1 7 8 14 14 14 10 8 7 7 5 5 5 5 5 2 2 1 1 1 1 1 1 1 0 0 0 0 0 0 -1 -2 -1 -1 -1 0 0 0 0 0 1 1 1
1 1 2 2 0 0 0 1 1 2 4 4 6 8 15 18 21 21 21 21 21 21 15 12 7 7 7 7 7 7 6 5 4 4 4 4 4 4 4 2 2 0 0 0 1 1 0 0 0 1 1 1 1 1 0
1 0 0 0 0 0 0 0 0 1 1 4 6 8 13 17 19 19 19 19 19 19 16 12 7 7 7 7 7 7 7 5 5 4 4 4 4 4 4 4 4 3 3 2 3 1 -1 -1 0 1 0 1 0 0 0
1 1 1 1 1 0 0 1 2 1 2 2 7 10 13 14 13 10 9 7 4 3 4 4 4 1 1 1 1 1 1 1 1 1 -1 -1 0 0 1 0 -1 -1 -1 0 0 0 0 0 -1 -1 -1 0 0 0 0
0 0 0 0 0 0 1 1 2 1 2 3 8 11 11 11 10 10 5 5 2 1 1 1 4 4 1 0 1 0 0 -1 -1 -1 1 1 0 0 -1 0 0 0 -2 -2 0 0 0 -1 0 0 0 -1 -1 -1 -1
1 0 -1 -1 -1 1 2 2 2 1 2 2 4 7 10 19 29 29 30 31 32 32 28 26 17 17 10 10 8 8 7 6 6 6 6 6 6 6 5 3 3 3 3 3 3 3 3 3 2 2 2 0 0 0 0
0 -1 0 0 1 1 0 0 0 0 0 0 1 2 3 7 16 24 31 31 30 29 26 24 19 14 7 5 5 5 5 5 5 5 4 2 0 0 1 2 1 1 1 1 1 1 0 0 0 0 -1 -1 1 1 1
0 0 0 0 1 1 -1 -1 -1 0 1 0 1 4 8 13 20 23 26 26 26 23 20 20 20 15 9 9 9 9 9 9 5 5 3 3 1 1 2 2 2 2 2 2 2 1 0 0 0 0 -1 -1 -1 0 0
0 0 0 0 1 1 0 0 1 1 5 6 10 17 20 21 21 11 8 5 4 2 2 1 2 2 2 2 2 1 1 1 1 1 1 1 0 1 0 0 0 -1 1 1 1 0 0 0 0 0 2 2 -1 -1 0
0 1 1 2 1 1 0 0 1 2 2 1 1 1 6 7 11 17 20 24 24 24 24 24 24 24 6 5 3 3 3 3 3 3 3 3 2 2 1 -1 -1 0 0 0 0 0 -1 -1 -1 0 1 0 0 0 -1
1 0 -1 -1 0 1 0 1 0 1 0 0 0 0 1 2 4 4 4 4 4 4 4 4 20 28 39 42 42 42 38 34 28 15 8 8 8 7 7 6 6 6 6 6 6 6 6 6 6 6 5 3 3 3 3
0 -1 -1 0 1 0 1 0 1 0 0 0 0 1 3 3 2 1 1 1 1 3 0 2 -1 0 0 0 0 0 -1 0 0 2 2 2 1 1 -2 1 1 1 1 1 0 1 0 1 -1 1 0 0 -1 -1 0
0 0 -1 -1 -1 0 0 -2 -2 0 1 1 2 2 4 4 11 16 19 21 23 23 15 12 9 8 6 3 2 2 2 2 2 2 0 0 0 0 0 0 1 2 2 2 0 1 1 1 1 -1 -1 -1 -1 -1 0
1 1 0 0 0 -1 0 0 0 1 0 0 0 0 1 4 10 16 18 21 31 31 29 24 21 21 21 10 7 7 7 7 7 7 7 4 2 2 2 2 2 2 2 4 4 2 0 0 0 0 0 0 0 0 0
-1 0 -1 0 0 0 0 0 0 1 0 0 0 1 7 12 20 32 37 37 32 24 21 21 10 7 7 7 7 7 7 7 4 2 2 2 2 2 2 2 2 2 -1 -1 0 0 0 -2 -2 -2 -2 -2 -2 0 0
-1 -1 0 0 -2 -2 -1 -1 -1 0 0 0 0 0 1 7 8 9 20 20 14 14 14 5 2 2 2 2 2 2 3 3 2 2 2 2 2 2 1 -1 -1 -1 -1 -2 -2 0 0 0 -1 0 -1 -1 -1 -1 -1
-1 0 1 1 0 -1 -1 3 3 2 2 2 4 4 5 5 7 7 7 7 8 8 14 19 19 19 19 19 19 19 16 10 2 2 2 2 2 2 1 0 0 0 0 0 0 0 -1 -1 -1 0 1 0 -1 -1 -1
-1 -2 -1 0 2 1 1 0 0 2 2 2 2 2 4 4 5 11 15 21 21 21 21 21 21 21 16 11 5 5 5 5 5 5 3 2 2 1 0 -2 -1 -1 0 0 0 0 0 0 -1 0 -1 0 0 0 0
-1 -1 -2 -2 0 0 0 0 0 1 1 2 3 4 4 7 11 17 22 22 22 22 22 22 14 7 7 7 7 7 7 1 1 -2 -1 -1 -1 0 -1 -1 -1 1 1 0 -1 -1 -1 1 1 1 1 1 1 1 0
1 1 1 0 0 1 1 1 1 2 3 5 8 12 20 21 21 21 15 6 3 3 3 3 3 1 1 0 1 0 0 0 0 0 0 0 0 0 0 0 0 1 1 1 1 1 0 0 0 0 0 -1 -1 0 0
0 0 0 0 1 1 1 2 3 3 5 6 8 14 19 19 16 10 3 1 0 0 0 0 0 0 0 0 0 0 0 0 0 0 0 0 1 0 1 2 3 3 1 1 1 2 2 2 1 0 0 1 2 1 1
0 0 1 1 2 2 2 2 2 3 3 3 3 4 5 7 10 18 18 15 5 4 2 2 2 2 2 2 1 1 2 2 1 -1 1 1 1 1 1 1 1 2 2 2 2 1 1 -1 1 1 3 3 0 0 0
-1 -1 -2 -2 -1 0 0 -1 -1 2 4 6 10 13 14 14 8 3 1 -1 -1 -2 -2 -1 -1 0 -1 -1 -2 -2 -2 -2 -2 -1 -1 0 -1 -1 -2 -1 -2 -1 -1 -1 -1 -1 -1 -2 -1 -1 -1 -1 -3 -3 -1
0 0 0 1 1 2 3 3 6 10 12 13 13 12 3 1 -1 0 0 0 0 0 1 1 1 1 0 0 0 1 1 1 1 1 1 -1 -1 0 0 0 0 0 1 1 0 0 0 -1 0 -1 0 0 0 1 0
1 0 1 1 1 2 4 7 9 14 15 15 9 5 1 1 1 1 1 0 0 0 0 -1 -1 -1 -1 0 0 0 -1 -2 -2 0 0 -1 -1 -1 0 0 1 1 2 2 2 1 1 -1 -1 1 2 2 1 1 1
-1 0 0 0 1 0 1 1 2 2 2 2 5 6 15 15 8 5 2 0 -1 -1 0 0 0 0 0 0 0 -1 -1 0 1 0 1 -1 -1 -1 1 1 1 0 0 -1 -2 -2 -1 -1 0 0 0 0 0 1 1
-1 -1 0 0 0 1 1 1 2 3 3 5 5 6 15 15 5 4 0 0 -1 -1 -1 -1 0 0 0 0 0 0 0 0 1 0 -1 -1 -1 -1 -1 0 0 0 -1 -1 0 0 0 0 0 0 0 0 0 0 -1
0 -1 0 0 0 0 0 0 0 0 3 3 5 8 20 20 20 20 6 1 0 0 1 1 1 1 1 1 1 0 0 -1 -1 -1 0 0 0 -1 0 -1 0 -2 0 0 0 -1 -1 0 1 1 1 0 0 0 0
-1 1 1 1 1 1 1 1 1 5 5 6 7 10 15 15 11 8 4 3 2 1 0 0 0 0 0 -1 -1 -2 -1 -1 0 0 0 0 0 1 1 0 0 0 0 0 0 -1 -1 -1 -1 -1 0 0 -1 -1 0
1 1 1 2 2 3 6 6 6 13 16 17 17 11 4 2 2 2 2 2 2 2 1 1 1 1 1 1 2 1 1 1 1 1 1 1 1 2 2 2 2 2 2 3 2 2 0 0 0 -1 1 -1 -1 -1 0
1 2 2 2 2 4 4 4 4 7 12 14 14 8 5 3 1 1 1 1 1 1 0 1 1 1 0 0 0 0 0 1 0 0 0 0 1 -1 0 0 0 -1 -1 -1 -1 -1 0 0 0 -3 -3 1 1 0 -1
1 1 1 1 1 1 1 1 1 3 4 4 9 15 22 22 14 5 3 2 1 0 0 0 1 1 1 1 2 2 1 1 2 2 1 1 2 2 1 1 2 2 1 1 1 1 1 1 1 0 0 0 0 2 2
2 3 3 3 3 5 5 5 4 5 5 8 10 11 19 21 24 24 24 24 24 24 21 12 5 5 5 5 5 5 5 2 2 2 2 2 2 2 3 3 1 1 1 1 3 3 3 3 3 2 2 2 3 3 3
3 2 4 2 3 3 4 7 8 10 15 15 15 15 10 9 5 2 2 2 3 3 4 4 2 2 2 3 2 2 1 1 2 2 1 1 2 2 2 2 2 2 2 3 3 1 1 1 1 1 1 1 1 0 1
1 2 2 2 3 4 4 4 4 4 4 5 5 10 15 22 23 23 20 11 6 4 4 4 4 4 2 2 1 2 2 2 2 2 2 2 2 0 2 1 2 1 2 1 1 1 3 3 2 0 2 2 2 1 1
3 2 4 3 4 4 6 7 11 16 16 15 11 6 3 2 3 2 2 2 1 1 3 3 3 1 1 3 3 2 2 2 2 3 3 3 3 0 0 1 2 1 2 2 2 1 1 1 1 1 0 1 1 2 0
0 0 0 0 1 1 2 3 3 3 3 4 9 14 15 15 15 7 5 1 1 1 1 -1 -1 1 1 0 -1 -2 -2 -1 0 0 1 0 0 0 0 -1 -2 -2 0 1 1 0 0 0 0 0 0 -3 1 0 0
0 0 0 0 0 0 0 1 2 2 2 2 2 2 3 3 3 7 8 13 13 9 6 3 2 1 1 1 1 0 0 -1 -1 0 0 1 -1 0 0 0 -1 -1 -1 0 -1 0 0 0 0 0 0 0 0 0 -1
0 1 0 -1 -1 0 0 0 1 1 0 0 1 3 3 3 8 8 8 8 8 8 18 18 21 21 21 21 21 21 14 14 6 3 2 2 1 0 0 -1 -1 -1 0 0 0 0 0 0 2 2 -1 -1 -1 -1 0
0 0 0 2 2 2 3 3 3 3 4 6 9 11 12 13 13 12 7 5 5 3 2 1 0 0 1 2 2 2 2 2 1 1 1 1 1 1 1 0 0 0 0 0 1 1 0 0 0 1 0 1 0 1 0
-1 2 2 2 0 0 0 0 1 2 3 3 2 2 5 6 16 16 20 21 21 21 14 14 6 6 3 3 2 2 1 1 1 1 1 1 1 1 1 1 1 1 1 0 1 0 1 0 0 0 1 1 1 1 2
0 1 1 1 1 0 2 2 2 3 4 4 5 5 5 4 4 8 8 8 8 8 8 20 26 26 28 29 28 26 22 21 13 5 5 5 4 3 3 3 3 2 2 2 2 1 0 0 0 1 0 0 0 0 0
0 1 1 2 2 2 2 2 3 3 3 3 5 5 8 11 16 20 25 25 25 25 21 21 21 12 8 8 8 8 8 8 5 1 1 2 2 1 1 0 0 0 1 1 2 2 2 2 2 1 1 1 1 1 -1
1 1 2 2 0 0 2 2 3 2 4 4 5 5 5 7 7 7 7 7 7 7 19 25 25 28 28 27 27 24 22 12 6 6 6 6 6 6 3 2 2 1 1 1 1 1 1 1 1 1 1 1 1 1 0
1 2 2 2 1 1 1 1 1 1 1 1 4 4 5 5 7 19 20 23 23 21 21 12 12 6 3 1 1 1 1 1 1 1 1 1 1 1 0 0 0 0 0 0 1 1 1 2 1 1 1 1 1 0 0
2 3 3 3 4 4 4 9 13 14 14 12 8 7 5 4 2 1 1 1 1 1 1 1 1 2 2 1 1 1 0 0 0 0 0 0 0 1 1 2 1 1 1 0 0 0 1 1 1 1 2 2 2 2 2
3 2 2 2 2 2 3 2 3 8 11 14 14 12 9 3 3 2 1 1 0 1 1 2 1 1 1 1 1 0 0 1 1 1 1 1 1 1 1 2 1 1 1 -1 -1 0 0 -1 -1 0 0 0 0 0 0
2 1 1 1 3 3 3 3 4 12 13 15 15 13 7 5 3 1 1 0 1 1 1 0 0 0 0 1 1 1 0 0 0 0 0 -1 0 0 0 1 -1 0 0 0 -1 -1 -1 0 0 1 0 0 0 -1 -1
0 0 1 1 1 3 3 3 5 8 12 14 14 7 4 0 0 0 0 0 -1 -1 0 0 0 -1 -1 -1 1 1 0 0 0 0 2 2 2 1 1 1 1 0 0 0 0 0 0 0 0 1 1 2 1 1 1
2 0 0 0 1 2 2 2 2 4 4 4 8 15 15 17 17 7 3 1 1 1 1 1 1 1 0 0 0 1 1 1 1 1 2 1 1 0 0 0 0 1 1 1 1 -1 0 -1 0 1 1 1 1 0 1
1 1 1 1 1 2 2 1 1 1 2 4 5 5 7 10 20 26 33 33 23 12 11 5 5 5 5 5 5 5 2 0 -2 -2 -2 -2 -2 -2 0 0 0 0 0 0 0 0 0 2 1 1 0 0 -1 0 0
1 1 1 1 1 1 1 0 1 3 4 6 7 13 17 22 22 12 3 2 2 1 1 1 1 1 1 1 1 0 0 0 -1 -1 -1 -1 0 0 0 -1 -1 -1 -1 -1 0 0 1 0 0 0 0 0 0 0 0
0 1 1 1 2 2 2 2 4 4 4 6 6 6 6 8 13 15 18 19 19 15 8 4 2 2 0 0 0 -1 0 0 0 -1 -1 -1 -1 0 0 0 0 0 0 0 0 0 0 1 1 1 0 -1 0 1 1
1 1 0 0 0 0 2 2 2 2 3 3 5 9 20 24 24 24 12 6 3 2 2 1 1 1 1 2 0 2 1 1 1 1 0 0 0 0 0 1 1 0 -1 0 0 0 -1 -1 -1 0 2 2 2 1 0
-1 -1 -1 -1 -1 -1 0 -1 -1 -1 1 2 2 4 4 6 10 25 25 23 23 23 9 3 3 2 1 0 1 0 0 0 -1 -1 -1 -1 -1 -1 -1 0 0 -1 -1 -1 0 0 0 0 1 1 1 0 -1 -1 -1
0 0 1 1 2 2 2 2 3 3 3 3 3 4 4 6 10 10 10 10 10 10 20 25 25 29 29 29 28 25 24 18 12 6 6 6 6 6 6 3 1 1 2 2 2 0 2 3 3 3 2 2 2 2 2
3 3 1 1 1 2 2 4 4 5 6 7 10 16 16 16 14 10 7 4 2 2 2 2 2 2 2 1 1 1 1 1 2 2 2 2 1 1 0 0 0 0 1 4 3 3 1 1 2 2 0 0 0 3 3
0 0 0 0 2 2 1 1 1 3 4 4 5 6 6 8 15 21 21 21 21 21 21 13 7 3 3 3 3 3 3 1 -1 1 1 1 3 3 3 4 1 1 1 1 1 2 2 2 2 3 2 2 2 1 1
-1 1 1 2 1 2 2 2 2 3 3 3 3 3 5 7 9 9 9 9 14 21 30 30 19 19 19 6 3 2 2 1 1 2 2 2 2 1 2 1 1 1 2 4 4 3 1 2 2 2 2 1 1 1 2
0 0 1 1 2 2 2 1 1 2 2 2 4 6 8 11 19 19 17 17 7 5 4 0 0 2 3 3 1 1 2 2 2 2 2 2 2 1 1 1 2 2 2 2 2 2 2 2 2 1 1 2 2 3 2
2 0 0 2 2 2 2 2 3 3 5 5 8 15 15 14 8 3 3 2 2 2 2 2 2 2 1 1 1 1 1 1 2 2 2 2 0 2 1 2 2 2 2 1 1 1 1 1 0 1 3 3 1 1 1
2 2 1 2 2 2 2 2 2 2 4 4 5 5 6 9 12 21 50 50 31 20 14 14 8 3 1 2 1 2 1 2 1 1 1 1 1 2 1 1 1 2 2 2 2 2 2 1 1 1 2 2 2 2 2
1 0 0 0 1 1 1 2 2 3 3 4 8 12 17 17 17 11 4 4 4 1 1 1 1 1 1 1 1 2 2 2 2 2 2 1 1 1 1 1 2 2 2 1 2 0 1 0 -1 -1 0 1 1 1 1
0 1 0 1 1 1 -1 -1 0 0 1 2 3 3 3 6 6 8 8 12 17 17 15 7 4 1 1 0 0 0 -1 -1 -1 0 1 1 1 1 1 1 1 0 0 0 0 0 0 0 0 0 1 1 0 -1 0
1 1 0 1 2 2 2 2 1 2 2 2 2 4 5 8 15 28 30 30 29 25 21 21 10 4 4 4 4 4 4 2 1 0 0 1 1 2 1 1 1 -2 -1 -1 0 0 0 0 0 0 -1 1 1 1 1
0 1 0 0 0 1 2 1 2 3 3 3 4 8 13 19 19 9 3 2 0 -1 -1 1 1 -1 -1 -1 -1 -1 -1 0 0 0 0 0 0 0 -1 -1 -1 -1 -1 0 -1 -1 -1 -1 0 0 -1 -1 0 0 0
1 2 1 1 1 3 3 2 2 4 5 5 6 11 15 15 12 5 5 5 5 5 5 5 0 0 0 0 0 0 0 1 1 0 0 0 0 0 0 0 1 1 0 0 0 -1 1 -1 0 0 0 0 0 -1 0
1 1 1 1 1 2 1 1 1 3 5 7 13 13 5 2 1 1 1 3 1 1 1 1 1 1 0 0 1 1 0 0 0 1 1 0 0 0 0 0 2 2 1 1 0 0 0 2 2 2 2 2 2 2 2
2 1 1 1 1 2 2 3 3 5 9 14 14 7 3 1 1 1 1 -1 -1 0 1 1 1 1 1 -1 0 0 0 0 -1 -1 1 1 1 0 1 0 1 0 1 1 1 1 0 0 2 2 0 0 1 1 1
1 1 1 1 1 1 2 3 2 2 2 6 6 8 15 19 19 12 6 1 1 1 1 1 1 1 2 2 1 0 0 0 0 0 0 0 0 0 0 0 1 1 1 0 1 0 0 0 0 2 1 1 0 0 -1
2 2 2 2 2 4 3 3 3 6 6 7 9 14 19 19 16 8 3 3 2 3 2 1 1 2 2 2 2 1 2 1 1 0 0 2 3 3 3 1 1 1 1 2 2 2 2 1 2 1 1 1 1 2 2
3 2 2 2 2 2 2 2 3 4 5 6 8 14 17 17 17 14 5 4 3 2 1 1 3 3 3 3 3 2 2 1 1 1 2 2 2 2 2 2 2 2 2 2 2 2 2 2 2 2 2 2 2 1 0
1 1 1 2 2 2 4 5 9 10 14 14 13 7 6 1 1 1 0 0 0 1 0 2 0 0 0 1 1 1 0 0 0 1 0 1 1 1 0 0 -1 -1 0 0 0 1 1 1 -1 -1 0 0 0 0 0
1 1 1 2 3 4 4 4 3 4 4 6 8 8 18 19 19 19 19 12 6 6 6 6 6 6 6 1 1 -1 -1 -1 -1 -1 -1 -1 1 0 0 0 2 2 2 1 0 0 0 -1 0 0 0 0 -1 0 1
2 2 1 1 1 1 2 2 2 3 3 3 3 3 4 4 7 8 15 18 18 14 10 4 3 3 3 0 0 0 2 0 0 0 0 0 0 -1 -1 -1 1 1 1 -1 0 0 1 2 1 1 1 0 0 0 0
1 1 1 1 2 2 4 5 6 10 12 15 15 6 6 4 3 0 0 1 2 2 2 0 0 1 1 0 0 1 1 0 0 0 1 0 0 0 0 0 0 1 1 1 1 2 2 2 0 -1 0 0 0 0 0
1 1 2 3 3 2 2 4 4 7 9 9 13 9 9 4 3 2 2 2 2 1 0 0 -1 1 -1 -1 -1 -1 -1 -1 0 0 0 0 -1 -1 -1 -2 -2 -2 -1 -2 -1 -2 -1 0 0 -1 -1 -2 0 -2 0
1 2 2 2 3 3 3 2 2 2 3 4 4 7 13 16 16 9 5 2 1 0 0 1 1 1 1 0 0 0 1 0 0 0 1 1 1 0 -1 -1 0 0 0 0 0 1 0 0 0 0 0 0 -1 -1 -1
1 0 1 1 1 1 1 1 1 5 5 6 8 12 18 18 14 6 5 4 2 2 2 2 2 2 2 2 2 2 2 2 1 1 0 0 0 0 0 0 0 0 0 0 1 1 1 0 0 0 0 0 1 1 1
2 2 2 2 3 3 3 2 3 3 4 6 7 9 16 16 9 1 0 0 0 0 0 0 0 0 1 1 1 0 0 0 0 0 -1 0 -1 0 -1 0 0 0 0 -1 0 1 1 0 0 -1 -1 -1 -1 -1 0
1 2 2 2 1 1 1 1 2 3 3 3 3 4 6 8 13 13 8 4 2 2 1 1 0 0 0 1 1 1 0 0 0 0 0 0 0 1 0 -1 -1 1 1 0 -1 -1 1 2 1 1 1 0 2 1 1
2 2 2 0 0 0 1 1 1 1 1 3 3 4 4 4 8 8 8 8 8 8 8 18 25 25 29 29 23 19 19 13 5 5 5 5 5 5 4 2 2 1 1 1 3 3 2 -1 -1 2 2 2 2 2 2
-1 -1 0 0 0 0 1 1 1 1 2 2 4 4 4 6 9 9 9 9 9 9 28 34 34 32 31 30 28 22 9 6 6 5 4 3 3 3 0 0 0 2 2 2 2 1 1 1 2 2 2 2 1 1 1
0 0 1 1 1 1 1 1 3 3 4 3 3 3 5 6 6 6 6 6 6 6 6 13 24 36 36 36 35 33 31 24 12 8 4 4 5 5 3 1 1 1 3 2 2 0 -1 0 1 1 1 1 1 0 1
2 2 2 0 0 0 2 2 1 1 1 1 1 2 2 2 4 2 2 2 3 3 2 1 1 1 1 2 5 5 3 3 3 3 4 5 5 5 10 14 19 21 21 21 21 11 5 5 3 2 1 0 0 0 1
3 1 1 1 1 2 2 2 2 2 3 4 4 4 4 6 6 6 6 6 6 10 15 29 29 34 34 32 29 23 19 7 5 5 5 3 2 2 2 2 0 2 2 2 2 1 2 2 2 0 0 0 0 1 1
1 2 2 1 1 2 2 2 1 2 2 2 2 2 5 6 12 12 12 21 25 25 26 26 16 12 10 6 6 6 6 6 6 4 1 1 1 1 1 1 1 1 1 1 1 1 1 2 2 2 1 1 1 2 1
0 0 1 1 1 2 2 2 1 2 3 3 3 6 6 6 8 8 8 8 19 23 23 23 23 23 23 11 4 4 4 4 4 4 4 2 2 4 4 4 4 4 4 0 0 2 2 2 2 2 0 1 1 1 1
2 2 1 0 0 2 2 2 1 1 4 4 4 4 5 5 4 4 4 4 4 4 19 33 33 33 32 24 19 13 7 7 7 7 7 7 3 0 0 1 1 1 1 2 0 1 1 2 2 1 1 1 1 2 1
1 1 1 0 1 2 2 2 2 3 3 3 3 4 4 5 5 11 11 11 11 18 28 28 30 30 29 27 21 17 8 7 6 6 3 0 0 2 2 2 2 2 1 0 0 0 2 2 2 2 2 1 1 1 1
0 0 0 1 1 1 0 0 2 3 3 3 3 3 5 5 12 18 28 28 29 29 23 19 10 6 6 6 6 6 6 6 4 3 3 3 3 3 3 3 3 2 2 2 2 3 3 0 0 0 0 2 -1 0 0
0 0 0 0 0 0 1 1 0 0 0 0 0 1 1 2 2 2 2 2 2 6 10 10 10 10 10 10 27 36 37 37 39 39 38 38 36 32 29 29 29 29 29 29 13 8 8 6 6 5 4 4 3 2 2
1 1 0 0 0 0 0 0 0 0 0 0 1 2 5 8 10 10 10 10 10 10 27 32 34 34 36 33 33 32 32 29 29 29 29 29 29 15 11 11 10 9 9 9 11 8 7 6 5 5 4 4 3 3 3
0 1 1 1 0 0 0 1 0 0 0 0 2 2 5 7 12 12 12 12 12 12 30 31 31 31 31 31 31 30 26 26 26 26 26 26 9 8 7 6 6 6 4 4 4 4 5 3 3 3 3 2 2 4 4
0 0 1 0 0 0 0 0 0 0 1 1 3 4 8 16 16 16 20 20 20 16 14 11 7 5 4 4 3 1 1 2 2 1 1 0 0 0 0 1 1 0 0 0 1 0 0 0 1 1 2 -1 1 -1 1
-1 -1 1 0 0 0 2 2 1 -1 -1 -1 3 3 3 7 9 13 13 13 13 13 13 26 28 28 28 28 28 25 22 22 22 22 22 22 22 15 11 10 10 10 7 8 7 5 5 5 4 4 3 4 2 4 1
0 1 1 1 0 0 0 0 0 1 4 4 4 7 11 16 17 21 21 21 21 20 18 17 15 14 13 12 10 8 8 8 5 4 3 3 3 1 1 0 0 0 1 1 0 0 0 0 -2 -1 -1 0 0 0 -1
0 0 0 0 2 2 0 0 0 3 4 5 5 7 7 10 19 21 23 23 21 16 12 9 6 5 5 5 5 4 4 5 5 4 4 4 3 3 3 2 2 1 1 0 0 0 1 1 1 1 1 1 1 1 0
1 1 1 1 0 0 0 0 2 2 1 0 1 1 1 3 3 3 3 3 3 3 11 22 22 22 22 22 22 22 30 30 30 31 31 31 31 31 27 19 15 12 12 11 11 11 8 8 6 6 4 4 4 4 4
-1 -1 -1 0 0 1 0 0 0 0 0 0 1 1 1 4 4 4 10 13 13 13 13 13 13 24 24 22 22 22 22 22 22 17 14 9 8 7 5 5 5 4 5 4 5 5 5 4 2 2 2 2 2 1 1
-1 -1 1 1 1 1 0 0 1 1 1 1 5 5 5 12 16 17 16 14 9 6 3 1 0 0 0 2 2 4 3 3 3 2 2 2 2 2 2 1 2 1 1 1 0 -1 -1 -1 -1 0 0 0 0 0 0
1 1 -1 -1 0 0 0 0 1 2 2 2 3 3 3 7 7 7 15 15 15 15 15 15 24 24 23 23 23 23 23 23 23 15 10 7 6 5 5 4 3 3 3 3 2 1 1 1 0 0 0 0 0 0 1
0 0 0 1 1 1 0 0 0 1 1 1 0 1 1 4 4 4 4 4 4 4 9 13 13 13 13 13 13 22 22 19 15 9 5 4 4 4 3 2 1 1 1 1 1 1 1 1 -2 1 0 0 -1 -1 2
1 0 0 0 0 1 1 1 1 2 3 4 6 7 12 15 17 17 16 14 10 9 6 5 3 3 2 2 1 1 0 2 0 -1 -1 0 0 0 1 1 0 0 0 0 0 0 0 0 0 0 0 0 1 0 0
0 1 1 1 0 0 0 0 0 0 1 1 1 3 4 5 5 5 5 5 5 10 17 17 17 17 17 17 27 27 25 23 23 23 23 11 4 4 3 2 2 1 1 1 1 0 0 0 0 0 2 2 2 1 1
0 -1 -1 0 1 1 1 1 1 1 2 3 3 4 10 11 14 14 14 18 24 24 14 11 7 6 5 2 2 2 2 2 1 1 2 2 1 1 1 1 1 1 1 1 0 1 1 1 -1 -1 -1 -1 -1 1 1
0 0 0 0 0 0 0 0 0 0 1 1 3 4 6 10 16 16 16 16 27 27 23 23 22 10 8 2 2 1 0 1 0 0 0 1 1 1 0 0 -1 -1 -1 1 1 1 0 -1 0 0 1 0 0 0 -1
0 0 0 0 0 1 1 1 1 1 1 1 2 2 2 6 7 10 10 10 10 10 10 31 42 42 41 35 29 25 25 19 9 8 4 4 5 5 4 3 2 2 0 0 0 0 1 1 1 1 1 2 1 0 0
2 0 0 0 1 1 1 0 0 0 2 2 2 2 4 4 7 9 11 11 11 11 11 11 28 28 27 23 22 22 22 12 6 2 2 1 1 0 0 0 0 0 0 0 0 0 -1 -1 -1 1 1 1 1 1 1
0 2 2 0 0 0 2 2 2 3 1 1 1 2 2 1 1 1 1 1 1 12 21 21 21 21 21 21 21 27 27 23 21 21 21 21 13 7 5 2 1 1 0 0 0 0 0 0 0 0 0 0 -1 0 0
0 0 0 0 1 1 1 0 1 1 1 0 0 2 3 6 8 8 8 8 8 8 8 22 28 28 27 24 23 21 17 17 17 17 17 17 2 2 2 2 2 1 1 1 1 1 0 0 -1 -1 0 0 0 0 0
0 0 0 2 -1 -1 -1 1 1 1 3 3 6 9 10 15 19 19 18 16 13 8 7 2 2 2 2 2 1 1 1 2 2 2 0 0 0 1 2 1 0 -1 0 0 0 1 1 1 1 0 0 0 0 0 0
1 -1 -1 -1 0 1 0 -1 -1 1 1 1 3 3 4 5 5 5 5 5 5 12 21 21 21 21 21 21 21 29 31 29 28 28 28 28 25 23 23 23 23 23 23 12 11 10 10 8 8 8 9 6 6 6 5
0 0 -1 -1 0 1 1 0 0 0 0 0 2 2 2 6 6 6 6 6 14 14 14 14 14 14 14 39 39 38 35 34 34 31 31 28 22 22 22 22 22 22 14 8 7 7 7 6 6 5 5 4 4 3 3
0 -1 -1 0 1 1 1 1 1 2 2 2 2 4 5 9 13 13 13 13 13 13 26 26 25 25 24 23 23 23 23 23 23 15 8 7 5 1 1 1 1 0 0 0 1 0 1 0 0 0 0 1 1 1 0
0 0 0 0 0 -1 -1 -1 0 1 1 2 4 4 11 14 20 20 17 13 8 4 3 1 0 -1 -1 1 1 1 -1 0 0 0 0 0 -1 1 0 0 0 0 1 1 -2 -2 0 0 0 -1 -1 -1 0 1 0
-1 -2 -1 -1 -1 -1 0 0 0 0 0 3 4 4 4 10 14 14 14 14 14 14 21 21 16 16 16 16 16 16 16 9 7 4 4 2 2 1 1 1 1 0 0 -1 -1 -1 0 0 0 0 0 1 0 -1 -1
-1 -1 0 2 2 2 0 0 0 0 0 0 0 2 2 4 9 9 9 9 9 9 9 27 27 23 23 23 14 14 14 14 14 14 8 3 3 2 1 1 0 0 2 2 0 -1 0 1 1 -1 -1 -2 0 0 0
-1 -1 -1 0 0 0 0 0 -1 -1 2 3 3 3 5 16 16 16 16 23 23 18 9 2 2 1 0 0 0 1 1 0 0 0 -1 -1 -1 -1 0 -1 -1 -1 0 0 1 0 0 0 0 0 0 0 0 0 -1
2 2 2 2 1 4 2 3 3 3 4 4 5 7 11 17 19 19 16 9 7 6 4 3 2 2 2 1 2 2 2 3 2 1 1 4 4 3 3 2 2 1 1 1 2 2 2 2 3 3 3 2 2 2 2
1 3 2 2 2 -1 -1 1 2 3 3 3 3 8 8 16 23 23 22 18 14 12 6 2 2 2 2 2 2 2 3 2 3 2 2 2 1 0 0 1 1 2 1 1 1 2 2 1 0 0 0 0 0 2 0
2 0 1 1 2 2 1 1 0 1 2 2 4 6 11 22 23 23 13 11 7 6 5 4 4 1 1 1 2 2 2 2 2 2 2 2 0 0 1 1 0 0 0 1 1 1 1 1 1 1 1 2 1 1 1
2 2 2 2 1 1 1 0 1 1 3 3 3 5 10 18 31 31 31 30 30 29 28 23 22 19 12 9 9 9 9 7 6 6 6 5 5 4 4 4 1 0 0 1 2 2 1 0 0 1 2 1 2 1 1
1 1 1 1 1 0 1 0 2 3 3 3 3 3 4 4 7 10 18 18 22 22 16 12 11 4 2 2 2 2 2 2 2 2 2 1 1 1 1 1 1 1 1 1 1 2 2 2 0 1 0 1 1 1 3
0 0 1 1 2 2 3 3 3 3 3 9 12 18 21 21 14 14 14 10 9 8 7 6 5 2 2 2 3 3 3 3 3 3 2 2 0 2 0 1 1 1 1 0 0 1 1 2 2 1 1 1 1 1 1
0 -1 0 0 1 1 1 1 1 1 2 2 3 7 13 14 17 17 13 12 9 8 5 4 4 4 4 3 3 3 1 1 1 2 1 1 1 1 1 1 0 0 0 1 1 1 -1 1 1 1 -1 -1 0 0 0
1 1 1 1 1 1 1 1 3 3 4 7 8 10 12 17 17 17 17 17 17 28 31 31 29 28 26 24 24 21 12 12 8 8 7 8 6 6 6 5 5 5 4 4 4 2 2 2 1 1 1 1 0 0 0
1 0 1 1 1 1 1 1 1 2 3 3 3 8 8 10 17 18 19 19 17 12 10 10 6 5 4 2 2 2 3 2 2 2 3 3 3 0 0 0 3 3 2 2 2 1 1 1 1 1 1 3 1 1 0
1 3 3 3 2 2 2 3 3 4 5 6 6 9 12 16 17 17 12 10 7 4 4 3 3 2 2 2 2 2 1 1 1 1 1 1 2 -1 -1 -1 1 1 1 1 1 0 1 0 0 0 1 1 1 0 0
0 0 2 2 2 2 1 1 3 3 3 3 3 4 7 10 11 16 16 16 16 16 16 19 20 20 20 20 20 20 20 20 18 8 4 3 2 1 1 0 0 1 1 1 1 1 1 1 0 0 1 1 2 2 2
1 1 0 1 0 0 0 1 1 2 2 2 1 1 3 5 5 5 5 5 5 20 32 32 41 41 40 38 35 31 25 25 25 25 25 25 25 10 7 6 5 5 5 3 2 2 2 2 1 1 2 3 2 1 1
1 1 2 2 2 2 2 2 3 1 1 1 1 2 4 7 11 20 20 20 20 20 20 28 28 25 23 23 23 23 23 14 10 7 4 4 4 2 2 3 3 2 1 1 1 1 0 0 0 0 1 1 1 1 1
0 2 1 1 1 1 1 2 2 2 1 1 4 6 9 15 15 15 15 15 15 21 21 16 16 16 16 16 16 7 5 5 2 2 1 1 2 2 1 0 0 0 0 1 1 1 1 0 1 1 2 2 1 0 0
2 1 1 1 1 1 1 2 2 3 4 4 4 6 13 22 24 24 23 13 8 6 6 5 3 2 2 2 2 2 2 3 2 2 2 1 1 1 4 4 3 3 4 4 2 2 2 2 2 1 1 1 3 3 2
1 1 1 2 1 1 1 1 2 3 3 2 2 2 4 7 8 14 17 17 13 11 10 9 6 5 4 3 3 3 3 3 2 2 1 1 1 1 3 3 3 1 1 1 1 1 1 2 3 3 3 2 2 2 0
3 3 1 1 1 1 0 1 1 1 2 2 2 3 4 8 12 16 16 16 16 16 16 20 20 15 15 15 15 15 15 8 5 5 4 1 1 2 2 2 2 2 1 1 1 1 1 1 1 1 0 0 0 1 1
1 0 0 1 1 1 1 1 0 0 1 5 5 5 11 14 26 26 25 23 22 16 12 8 4 4 2 2 2 2 1 1 2 2 2 1 1 1 1 0 0 1 1 1 1 1 1 0 0 0 3 3 2 1 1
-1 1 0 0 0 0 0 0 1 1 2 2 3 3 9 13 16 17 17 14 11 8 5 4 3 2 2 2 2 2 1 1 1 0 0 0 0 0 0 0 0 3 3 0 0 0 1 2 2 2 0 0 0 0 1
0 1 0 1 1 1 1 2 2 2 2 2 3 6 11 15 20 20 20 20 20 20 26 31 31 31 29 28 24 24 16 8 6 4 4 6 6 4 2 1 1 2 2 1 1 1 1 0 0 -1 0 -1 -1 -1 0
1 2 2 2 1 1 1 1 2 2 1 0 1 3 4 9 13 16 16 16 16 16 16 31 31 33 33 29 28 24 24 15 9 7 7 5 5 4 2 2 2 1 0 0 1 1 0 -1 0 0 0 -1 -1 -1 0
0 1 0 1 -1 1 1 1 2 1 2 2 2 2 2 4 7 7 7 7 7 7 7 7 18 23 27 33 33 34 34 34 36 34 32 32 32 32 32 32 19 11 10 9 9 9 9 6 3 3 3 3 2 1 0
0 0 0 0 -1 -1 -1 1 1 2 0 0 0 3 3 3 5 11 11 11 11 11 11 28 32 35 35 35 36 35 32 32 32 32 32 32 32 19 15 12 11 10 10 8 8 7 6 5 2 2 2 2 2 2 2
1 0 0 0 1 1 1 2 2 2 2 3 4 7 10 11 17 17 17 17 17 17 25 26 28 28 27 27 23 23 19 13 10 10 7 7 5 4 3 2 1 1 1 1 -1 -1 -1 1 1 1 -1 -1 -1 -1 1
-2 -1 -1 -1 -1 0 0 0 0 0 1 1 1 3 3 3 10 11 16 16 16 16 17 20 20 16 10 4 4 4 2 2 2 3 0 0 0 0 1 2 2 1 1 1 -1 1 0 1 0 2 -1 1 1 1 0
1 1 1 2 2 2 0 0 0 1 3 3 3 7 8 12 15 18 20 20 19 8 4 2 1 0 0 0 1 1 1 1 1 1 1 1 0 0 0 0 -1 0 0 0 0 1 1 0 0 0 0 0 0 0 0
0 0 0 0 -1 -1 -1 1 1 1 1 3 2 3 6 7 14 14 14 14 14 14 28 29 32 32 33 35 33 32 23 23 23 23 23 23 5 5 2 1 1 1 1 2 2 1 0 0 0 -1 0 0 0 0 0
-1 1 1 0 0 0 1 0 0 0 1 1 4 6 7 11 19 19 19 19 19 19 26 30 30 25 24 24 24 24 12 7 3 2 1 -1 -1 1 1 2 0 0 0 1 1 1 1 1 1 -1 -1 -1 2 2 0
0 0 0 0 -1 -1 -1 -1 0 0 1 2 3 5 8 13 13 13 13 13 13 26 26 25 24 24 24 24 24 19 12 8 4 2 2 1 1 1 0 0 0 -2 -1 -1 -1 -1 -1 -1 0 1 1 0 0 1 1
1 2 2 0 0 0 0 0 0 0 1 2 4 5 6 10 16 24 24 24 24 24 24 24 14 8 6 2 2 2 2 0 0 0 0 1 1 1 1 1 -1 -1 -1 0 0 -1 -1 -1 -1 -1 1 1 1 0 0
0 1 1 1 0 0 0 0 -1 -1 0 1 2 5 8 16 21 21 21 21 21 21 24 24 13 5 2 2 1 1 0 1 1 1 1 0 0 0 2 0 0 0 0 0 0 -2 0 0 0 0 0 1 1 2 2
1 1 1 0 1 1 1 0 0 1 1 1 2 4 4 12 16 16 16 16 16 16 23 23 22 22 22 22 22 22 8 3 0 0 1 2 1 0 0 0 -1 -1 -1 -1 -1 -1 0 0 1 1 0 -1 -1 0 0
0 0 0 0 -1 1 0 1 2 3 2 3 5 7 11 15 19 19 14 7 4 1 1 1 0 0 -1 -1 -1 -1 -1 0 0 0 0 0 1 0 0 0 0 0 0 0 -1 1 0 0 0 0 0 1 1 2 2
1 0 -1 -1 0 0 0 0 1 1 1 2 3 5 7 12 19 22 22 17 8 4 2 1 1 0 1 1 1 1 0 0 0 0 0 0 0 1 0 0 -2 -2 -2 -1 0 1 0 1 -1 -1 -1 0 0 0 1
-1 -1 -1 0 1 1 1 2 2 1 1 2 2 8 9 17 22 22 23 23 15 6 3 2 2 1 1 0 1 1 1 0 0 0 0 0 1 1 -1 -1 -1 -1 -1 0 0 0 0 0 0 1 1 1 1 1 0
-1 0 0 0 -1 -1 -1 0 0 0 1 1 -1 -1 -1 2 8 12 12 12 12 12 12 25 25 23 22 15 15 15 15 15 15 3 2 0 0 0 2 2 2 2 2 2 0 0 0 0 0 -1 0 0 1 1 1
1 0 0 0 0 0 0 0 0 0 0 1 1 5 6 13 22 22 22 22 22 22 19 17 12 7 4 2 2 1 0 0 0 1 0 0 0 -2 0 0 0 0 0 -2 -1 -1 -1 -1 -1 1 1 0 0 0 0
-1 -1 -2 0 -1 0 0 0 0 0 0 0 0 1 3 7 10 24 24 24 24 24 24 24 22 12 12 12 12 12 12 6 2 0 0 0 1 1 0 0 0 1 1 0 0 -1 -1 -1 -1 0 0 0 1 1 1
-1 -1 1 1 1 -1 1 1 2 2 1 1 4 4 9 14 20 20 20 20 20 17 8 3 3 2 2 2 2 1 1 1 0 0 0 0 0 0 1 1 1 2 2 3 0 0 0 0 0 0 -2 -2 -2 0 0
0 0 -1 -1 -1 -1 1 0 0 0 1 4 5 5 11 14 18 21 21 14 8 2 2 2 1 1 2 2 0 -1 -1 -1 -1 -1 -1 -1 -1 -1 0 0 0 0 0 0 0 0 0 1 1 1 1 1 0 0 0
1 1 0 0 0 0 0 1 1 1 0 0 1 4 7 12 17 17 15 11 6 3 2 1 0 0 0 1 0 0 0 -1 0 -1 -1 -1 1 1 0 0 2 2 1 1 1 -1 -1 -1 -1 -1 -1 0 0 0 0
1 1 0 0 -1 1 1 2 2 2 2 2 2 1 1 2 2 2 2 2 2 10 16 16 16 16 16 16 39 39 29 27 20 17 17 17 11 8 7 2 2 2 1 0 0 0 0 -1 0 -1 -1 -1 -1 -1 -1
-1 -1 -1 0 -1 0 0 0 0 0 1 1 1 1 6 13 19 19 19 19 19 19 27 27 27 25 22 22 22 22 10 4 1 0 0 0 0 0 1 0 0 0 0 0 0 0 0 0 0 0 0 -1 -1 -1 0
0 1 1 1 0 0 0 0 0 1 0 1 1 4 6 10 18 18 18 18 18 18 32 32 32 28 23 20 20 20 8 4 0 0 1 1 1 0 -1 -1 -1 -1 0 -1 -1 -1 -1 -1 -1 -1 -1 -1 0 0 0
0 0 0 0 0 0 0 1 1 1 0 0 0 0 1 1 1 1 1 1 1 7 17 17 17 17 17 17 48 58 59 59 56 52 47 31 15 15 10 5 5 4 3 2 1 0 0 -1 1 1 1 0 0 0 0
1 1 0 0 0 2 2 2 2 3 3 4 8 10 15 18 21 21 21 21 21 29 29 28 26 20 18 10 4 1 0 0 0 1 1 1 0 0 0 1 1 1 0 1 1 1 1 1 -1 -1 -1 1 1 0 0
0 0 0 0 -1 -1 -1 0 0 0 0 1 2 6 7 12 16 16 16 16 16 16 26 34 37 40 40 36 31 31 19 7 5 5 3 4 1 2 2 2 -1 -1 -1 -1 0 0 0 0 -1 -1 1 1 0 -1 -1
