2 2 0 0 0 0 2 2 3 3 4 4 4 4 4 6 4 5 5 5 3 3 3 3 1 1 1 1 1 1 1 2 2 2 -1 -1 1 2 2 2 1 1 1 1 1 1 1 1 1 1 1 1 1 2 1
1 1 1 1 1 1 1 1 1 2 3 4 5 5 5 5 7 7 7 7 7 7 7 6 5 5 5 6 6 5 5 6 7 7 7 6 6 5 5 5 5 5 6 6 6 5 5 5 5 5 5 5 5 4 4
1 3 1 1 1 1 2 3 3 3 2 3 4 4 6 4 4 4 4 4 4 4 4 6 6 6 6 6 6 6 5 5 6 6 5 5 6 6 6 6 6 6 6 6 6 5 5 5 5 5 5 5 5 5 5
2 2 2 2 2 2 1 2 2 4 5 5 5 5 5 6 6 6 6 6 6 6 6 7 7 7 7 7 7 6 6 7 7 7 7 7 7 7 7 6 5 5 5 5 5 5 4 4 4 4 4 3 3 3 3
1 1 1 2 2 2 2 2 3 3 5 6 11 13 19 20 24 24 24 24 24 24 24 24 22 21 20 17 15 15 15 15 15 15 15 12 11 11 7 5 5 4 2 2 2 3 3 1 1 1 1 1 1 1 1
2 0 2 2 3 2 1 1 3 4 6 8 13 14 18 21 24 25 25 25 25 24 24 23 19 17 14 13 10 9 6 6 6 6 4 3 1 1 3 3 2 2 2 2 2 2 2 0 2 2 3 2 1 1 1
-1 -1 -1 -1 0 0 0 0 1 2 2 2 3 4 4 4 4 4 4 4 4 4 4 4 2 2 2 2 2 3 3 3 3 3 3 3 2 1 1 2 2 1 1 1 1 1 0 0 0 -1 -1 -1 0 0 1
-1 -1 -1 -1 1 1 1 1 1 2 2 2 2 3 3 3 3 3 3 3 3 3 3 3 4 5 5 4 1 1 1 1 1 1 1 2 2 2 3 3 0 0 1 1 0 0 1 1 1 1 0 0 0 1 1
1 1 0 -1 0 1 1 1 1 1 2 3 3 3 3 3 8 8 8 8 8 8 4 4 4 2 2 2 2 2 2 2 1 1 1 2 2 2 1 -1 -1 -1 -1 1 -1 1 0 0 -1 -1 -1 0 0 0 0
2 -1 0 -1 0 1 1 2 -1 1 1 2 2 2 2 2 3 3 3 3 3 3 3 3 4 4 5 5 5 5 5 5 5 5 3 0 0 0 0 0 0 0 0 0 1 -1 -1 -1 0 0 0 -2 -1 -1 -1
0 -1 -1 -1 0 0 0 1 0 0 0 2 2 2 2 4 4 4 3 3 1 1 2 2 2 1 1 1 1 1 0 0 0 0 -1 -1 -2 -2 0 0 -1 -1 -1 0 0 0 0 0 1 0 0 0 0 0 0
0 0 1 0 0 0 0 1 1 1 1 1 3 3 4 4 6 6 6 6 6 6 6 5 4 4 4 4 4 4 4 4 1 1 0 0 0 1 1 1 -1 0 0 0 -1 -1 -1 -1 -1 1 1 1 0 1 1
0 0 0 0 0 0 0 0 0 0 1 1 5 5 5 3 2 2 2 2 2 2 2 2 3 3 3 3 3 4 4 4 4 2 2 2 2 2 2 2 2 3 3 2 2 2 0 0 1 1 2 2 1 1 1
-1 1 -1 0 -1 0 -1 0 0 0 3 3 3 4 4 5 5 5 5 5 5 5 5 3 3 2 2 4 4 4 4 4 4 4 4 1 1 1 0 -1 -1 1 1 1 0 1 1 1 0 0 0 1 1 1 0
-1 -1 -1 0 1 1 1 1 2 2 2 1 1 1 3 6 6 4 4 4 4 4 3 3 2 2 2 0 0 0 1 1 0 0 1 1 -1 -1 1 1 0 0 -1 -1 0 0 0 0 0 -1 -1 0 2 2 0
-2 2 0 0 0 0 0 0 0 0 2 0 2 4 4 4 4 4 4 4 4 4 2 2 5 5 5 5 5 5 5 3 2 1 1 1 1 1 0 -1 0 0 0 0 1 1 1 1 1 0 0 1 1 1 -1
2 1 -1 -1 -1 -1 1 1 1 1 2 3 4 4 5 6 6 6 6 6 6 6 6 4 4 1 1 1 1 1 1 1 1 1 1 1 0 0 0 0 0 0 0 0 0 0 -1 -1 -1 -1 -1 -1 -1 -1 -1
-1 0 0 0 0 1 1 1 1 1 2 2 4 5 5 5 4 3 3 3 1 1 1 1 1 1 1 1 0 0 0 0 0 0 1 1 0 0 0 0 0 0 1 1 1 0 0 1 1 1 0 -1 -1 0 1
-1 -1 -1 -1 -1 -1 -1 0 1 2 5 6 8 9 9 10 10 10 10 10 9 9 10 10 8 8 6 5 3 1 1 0 0 -1 -1 -1 -1 -1 -1 -2 -2 -2 -1 -1 -1 -2 -2 -2 -2 -2 -1 -1 -1 -1 -1
-1 -2 -2 -2 -1 -1 0 1 1 1 2 3 5 9 13 16 17 17 17 17 17 17 16 15 14 13 12 11 10 10 10 10 10 10 7 3 1 -1 -1 -1 0 -1 -2 -2 -1 0 0 -1 -1 -1 -1 -1 -2 -2 -2
-1 -1 -1 0 0 0 -1 0 2 2 2 3 3 3 3 5 5 5 5 3 2 2 1 0 0 0 -1 -2 -1 -1 -1 -1 -1 -1 -2 1 -1 -1 -1 -3 -2 -2 -1 -1 -1 -1 -1 -1 -1 -1 -1 -1 -1 -1 -1
-2 -2 -1 0 0 0 0 0 0 3 3 4 5 5 5 6 6 6 6 6 6 6 6 6 6 5 5 5 5 5 5 5 5 3 2 1 1 1 1 2 2 2 0 -1 -1 1 1 0 -1 -1 -1 -1 0 0 0
-2 -2 -1 -1 0 0 0 2 2 1 1 3 3 5 5 5 4 4 6 6 6 5 4 4 4 4 2 1 0 1 1 1 1 0 -1 -2 -2 -2 -1 -1 -1 -1 -2 -2 0 0 0 -1 -1 -1 -1 -1 -1 -1 -1
-2 -1 -2 -1 -3 0 -1 0 2 2 2 4 5 6 6 9 9 9 9 9 9 9 9 6 6 6 6 6 6 6 6 6 6 6 3 2 1 0 1 0 -1 -1 -1 -1 -1 -1 -2 -1 -1 -1 -1 -1 -1 -1 -1
-1 -1 0 0 1 0 0 0 0 1 1 1 3 4 5 5 6 6 6 6 6 6 6 5 4 4 4 4 4 4 4 4 2 1 1 1 1 0 0 -1 -1 -1 -1 -1 0 -1 -1 -1 -1 -1 -1 -2 -2 -2 -2
-1 0 0 0 0 0 0 0 0 2 3 5 5 5 6 7 7 7 7 7 7 7 6 6 6 5 4 4 4 4 4 4 4 4 2 1 0 0 0 1 1 -1 -1 -1 0 0 0 0 0 0 0 0 0 -3 -3
0 -2 -2 -2 -1 0 0 1 1 1 2 4 5 6 7 8 8 8 8 8 8 8 8 8 8 5 5 6 6 6 6 6 6 6 5 3 2 2 2 2 0 -1 -1 -1 -1 -1 -1 -1 -1 -1 -1 -1 -1 -1 -2
-1 -1 -1 -1 -1 0 0 0 0 0 1 3 4 7 7 8 8 8 7 6 6 6 6 4 3 1 1 0 -1 -1 -1 0 0 0 -2 -2 -1 -1 -1 -1 -1 -1 -1 -1 -1 0 0 -1 -1 0 0 0 -1 -1 -1
0 2 2 1 1 1 1 1 1 2 3 4 5 6 6 8 7 8 8 8 7 7 7 5 5 5 2 2 2 0 0 0 1 1 0 -1 -1 -1 0 0 0 1 0 0 0 0 0 0 1 1 0 0 0 0 0
1 0 -1 -1 1 2 1 0 0 1 3 4 4 5 6 8 8 8 8 8 8 8 7 7 7 7 7 6 6 6 6 6 6 5 5 3 3 3 0 0 0 0 0 -1 0 -1 0 -1 -1 -1 -1 -1 -1 -1 -1
1 2 1 0 0 0 0 0 1 2 2 2 5 6 5 5 5 5 5 5 5 5 5 5 5 6 6 6 6 6 6 6 6 6 2 1 0 0 0 0 -1 -1 -1 0 0 0 0 0 0 0 0 -2 -2 -2 0
-1 -1 0 0 0 0 -1 0 0 2 4 5 7 7 8 9 9 9 9 9 9 9 9 9 9 9 6 6 7 7 7 7 7 7 7 7 4 2 3 2 3 2 1 1 1 0 -1 0 0 0 0 1 1 0 -1
-1 -1 -1 0 2 1 1 1 3 5 5 5 5 5 5 5 5 6 5 4 3 3 2 2 2 1 1 0 -1 0 0 0 -1 -2 -2 -2 0 0 0 0 0 0 0 -1 0 0 1 1 0 -1 -1 0 0 -1 -1
0 0 -1 0 0 0 0 1 3 2 3 4 4 3 3 2 2 2 2 3 3 3 3 3 3 3 3 3 1 1 1 1 1 -1 0 -1 0 0 0 1 1 0 0 0 -1 1 -1 1 0 0 0 0 0 0 0
1 2 3 3 1 1 1 2 2 2 2 3 3 4 4 4 5 6 5 6 6 6 3 2 3 3 3 3 2 3 1 1 1 0 1 1 1 1 1 2 2 2 2 1 1 0 0 2 2 1 1 1 1 1 1
1 1 1 1 0 0 -1 -1 2 2 2 2 2 2 3 3 0 0 0 0 0 0 3 3 2 2 3 3 3 3 3 3 3 1 1 2 2 1 1 1 1 1 1 0 0 -1 0 0 0 3 1 1 0 0 0
0 -1 -1 0 1 2 2 2 -1 2 2 2 3 3 3 3 6 6 6 6 6 6 2 2 3 3 3 4 4 4 4 4 4 4 4 4 3 2 0 0 0 2 2 2 1 2 1 1 0 0 0 0 1 0 0
1 2 2 1 0 0 0 2 2 1 1 3 3 3 3 6 6 6 4 3 3 3 3 3 3 2 2 2 2 2 1 1 1 1 0 0 0 0 1 1 -1 -1 0 0 0 0 0 -1 -1 0 0 0 0 -1 0
1 2 1 2 2 2 1 1 2 4 4 4 4 4 4 5 5 5 5 5 5 5 5 3 3 4 4 4 4 4 4 4 3 2 2 2 2 3 2 1 1 2 2 2 1 1 1 1 1 1 1 1 1 0 0
1 1 2 2 2 2 2 2 3 3 3 3 5 5 6 6 4 4 4 4 4 4 6 7 7 4 4 4 4 4 4 4 4 4 4 3 1 1 2 2 1 1 1 1 1 1 1 1 1 1 3 3 3 2 2
1 0 2 1 1 1 1 2 2 3 2 4 6 6 4 4 4 4 4 4 4 4 4 5 5 1 1 1 1 1 1 4 4 3 2 3 2 1 1 2 2 2 2 2 2 1 2 1 2 1 1 1 1 1 1
1 1 1 1 2 2 2 3 3 4 4 5 6 6 6 5 2 2 2 2 2 2 4 4 4 4 4 4 4 4 4 4 3 3 3 3 2 3 1 1 1 3 3 2 1 2 1 2 1 1 1 1 1 4 4
2 1 1 1 1 1 1 2 2 4 4 4 4 4 6 5 5 5 5 5 3 3 3 2 4 2 3 1 1 1 3 3 2 2 1 1 1 1 2 2 3 1 1 1 1 0 1 1 1 2 2 2 2 2 2
1 1 1 1 1 -1 1 2 2 3 2 3 5 5 5 5 5 5 4 3 2 2 1 0 -1 -1 -1 0 0 0 -1 -1 -1 -1 -1 -1 -1 -1 1 1 1 1 1 -1 -1 -1 -1 -1 -1 -1 0 0 0 0 0
0 0 0 0 0 1 2 3 3 3 3 3 3 9 11 11 11 11 11 11 11 11 12 12 10 10 11 11 11 11 11 11 3 3 3 2 1 2 2 2 0 0 1 1 2 2 1 1 -1 1 1 1 -1 -1 0
1 0 2 1 1 1 2 2 2 1 3 3 5 5 5 5 5 5 5 4 3 3 2 1 1 1 1 1 -1 -1 -1 0 -1 -1 -1 -1 -1 -1 -1 -1 0 0 -1 -1 0 1 1 1 1 1 1 -1 -2 -2 -2
1 -1 -1 0 1 1 3 3 3 1 3 4 5 6 6 6 5 6 5 5 5 4 4 4 3 3 2 1 1 1 0 0 0 2 2 1 0 0 -1 0 -3 0 1 1 1 0 0 0 -1 1 1 1 0 0 0
1 1 1 1 1 1 1 2 3 3 4 4 4 4 5 6 7 7 7 7 7 7 7 6 5 4 4 3 3 1 1 2 2 0 0 1 2 1 -1 -1 -1 0 1 1 1 1 1 1 1 0 2 1 1 1 1
0 0 0 3 1 1 1 0 1 1 2 3 5 5 6 6 6 6 6 6 6 6 5 5 5 5 5 5 5 5 5 5 5 3 3 2 1 1 1 0 0 0 1 1 1 1 1 0 0 0 0 0 1 1 1
1 1 1 1 0 0 1 1 1 1 3 3 2 2 4 5 4 4 4 4 4 4 4 4 5 5 5 5 5 5 5 5 4 4 3 1 1 1 1 1 1 2 0 0 0 0 0 0 0 0 0 1 1 1 1
-1 0 1 1 1 1 1 1 3 3 2 2 4 5 5 6 6 6 6 6 6 6 6 5 4 4 5 5 5 5 5 5 3 3 1 1 1 1 1 1 0 0 0 0 0 0 0 0 0 0 0 0 0 -1 0
0 0 -1 -1 0 0 0 0 1 1 2 3 4 4 4 5 5 5 5 5 5 5 6 6 4 4 4 4 4 4 4 3 2 2 2 2 2 1 -1 -1 0 0 0 1 1 1 0 0 0 -1 0 0 0 0 1
1 1 1 0 -1 0 1 1 1 1 3 5 5 5 8 8 7 7 7 7 7 7 6 6 6 6 6 6 6 6 4 3 3 2 2 2 2 3 1 1 1 1 1 1 1 0 1 0 0 0 1 1 0 0 0
2 2 1 -2 1 1 1 1 2 3 3 4 4 4 5 5 5 5 5 5 5 4 4 4 5 5 5 2 2 1 2 1 1 0 -1 -1 0 0 0 1 1 1 1 0 0 0 -1 0 0 1 0 0 0 0 0
1 1 0 1 1 1 1 1 1 1 3 4 4 4 5 5 4 4 4 4 4 4 4 4 3 3 3 3 3 3 3 3 4 4 1 0 1 0 0 0 0 0 -1 -2 -2 1 1 1 1 0 0 0 0 0 1
2 1 1 1 1 1 1 1 1 1 3 4 4 5 5 4 4 4 5 5 3 3 3 2 2 2 2 3 2 2 2 2 2 0 0 0 0 1 1 1 1 1 1 1 1 1 0 0 0 0 0 0 1 1 1
1 1 0 0 -1 0 0 0 1 -1 1 2 2 2 3 3 4 4 4 4 4 4 4 4 2 1 1 1 1 1 1 1 1 1 1 1 -1 -1 0 0 0 -1 -1 -1 0 0 1 1 1 1 0 0 0 0 -1
-1 -1 1 1 0 -1 0 1 1 1 1 0 1 1 2 3 3 3 3 3 3 3 4 4 2 2 0 0 0 0 0 0 0 0 1 1 0 -1 -1 0 0 -1 -1 0 0 0 0 0 0 1 1 1 0 0 0
-1 -1 0 1 1 1 0 0 0 0 3 3 3 2 2 2 1 1 2 3 2 0 0 0 1 0 0 0 -1 -1 1 1 1 1 0 0 0 0 0 0 1 1 0 -1 -1 -1 -1 -1 0 0 0 -1 0 0 0
0 2 1 1 1 1 1 2 2 2 4 4 3 3 4 5 4 4 4 3 3 3 3 3 2 2 2 1 1 3 3 2 1 1 1 1 1 1 1 0 0 1 1 1 1 1 2 2 1 1 1 1 1 -1 0
1 1 1 1 0 1 1 1 1 1 3 3 3 5 5 5 5 5 5 5 5 5 4 3 3 2 2 1 1 1 1 1 1 1 0 0 1 1 1 0 0 0 2 1 1 0 0 1 1 1 1 1 1 1 1
1 1 1 1 1 1 2 2 2 2 3 2 4 4 5 5 4 4 3 3 2 2 2 2 2 1 0 0 1 1 1 0 1 1 1 1 1 1 1 0 1 1 1 1 1 0 1 1 1 1 1 1 1 1 0
2 2 2 1 1 0 0 2 2 3 3 3 3 4 4 3 3 4 4 4 3 3 2 1 1 1 1 0 3 0 2 1 2 2 2 2 1 1 1 0 0 0 0 1 1 1 1 1 1 1 0 0 0 0 0
0 0 0 0 0 0 0 0 0 0 0 3 3 3 3 4 4 4 4 4 2 2 2 2 1 1 1 1 1 1 1 0 0 0 0 0 1 0 -1 -1 2 2 2 0 0 0 0 0 0 0 1 1 0 0 0
-1 -1 -1 -1 -1 -1 0 0 0 0 0 1 2 4 4 4 4 4 4 4 4 4 4 3 3 3 2 2 2 2 2 2 2 2 2 0 2 1 1 0 0 0 0 -1 -1 -1 0 -1 -1 -1 0 0 1 -1 0
-1 -1 -1 -1 0 0 1 1 0 0 1 3 3 3 2 2 2 2 2 2 2 7 9 9 9 9 10 144 144 144 141 142 141 4 4 1 1 2 2 3 3 1 -1 -1 -1 -1 -1 -1 -1 -1 -1 -1 -2 -2 -2
0 0 0 0 0 -1 -1 -1 1 1 2 2 3 1 1 1 3 3 3 3 3 3 2 2 2 3 3 1 1 1 1 1 1 1 0 0 -1 0 -1 -1 -1 -1 1 1 0 0 0 -1 0 0 0 0 -2 0 1
-1 -1 -1 -1 -1 1 1 0 0 0 2 4 4 4 3 3 2 2 2 2 2 2 2 2 3 3 3 3 3 3 3 3 2 1 1 0 0 0 0 0 0 0 0 0 0 -2 -2 -1 1 1 0 0 0 0 -1
0 -1 -1 -1 0 -1 0 0 0 1 2 1 2 2 2 1 -1 -1 -1 -1 -1 -1 1 1 2 2 2 2 2 2 2 2 1 3 0 0 -1 0 -1 0 0 1 1 1 1 -1 0 -1 -1 -1 0 0 0 0 -1
0 -1 -1 1 1 1 1 1 1 1 1 2 2 3 3 6 6 6 6 6 6 2 2 2 4 4 2 2 2 2 2 2 2 1 1 1 1 1 1 0 -1 -1 -1 -1 -1 -1 -1 -1 -1 0 -1 -1 -1 -1 -2
-1 1 1 1 0 0 1 1 2 1 1 1 2 3 2 3 3 3 3 3 3 3 2 2 2 2 2 2 2 2 2 2 2 0 1 1 1 1 2 2 1 -1 -1 -1 1 1 0 0 1 1 -1 -1 -1 0 -1
1 0 -1 -1 -1 0 0 1 1 2 3 3 2 2 3 3 3 3 2 2 2 3 2 2 1 1 1 -1 1 -1 0 -1 -1 -1 -1 -1 1 0 0 0 0 0 1 1 1 2 0 1 0 1 0 0 0 0 0
0 0 -1 -1 -1 -1 -1 -1 0 1 1 2 2 3 3 3 2 2 2 2 2 2 2 3 3 2 2 2 2 2 2 2 2 2 2 0 0 0 0 0 0 -1 -1 -1 1 0 1 1 1 1 0 0 0 0 0
0 0 1 1 0 0 0 0 2 2 2 2 2 4 2 2 2 2 2 2 2 2 2 2 1 4 4 4 3 3 3 3 3 3 1 1 0 1 1 1 0 -1 -1 -1 -1 -1 -1 -1 -1 -1 -1 -1 0 0 0
-1 -1 -1 -1 1 1 1 1 1 2 2 2 2 3 3 3 3 3 3 3 3 3 3 1 1 2 2 2 2 2 2 2 2 2 2 1 1 1 2 1 1 -1 -1 -1 0 -1 0 0 0 1 1 1 1 1 1
-3 -1 0 -1 -1 -1 -2 0 -2 0 -2 0 0 0 0 1 4 4 4 4 4 4 17 21 23 23 23 23 23 23 21 16 15 12 7 5 2 2 2 1 -1 -1 -1 -1 0 0 0 0 -1 -1 -1 -1 -1 -1 -2
0 0 -1 0 -1 -1 -1 -1 -1 -1 -1 0 0 0 2 2 3 3 3 3 3 3 13 18 25 25 27 27 26 26 26 26 25 23 21 15 12 11 10 9 9 7 5 3 3 3 3 1 1 1 2 2 2 2 2
-1 -1 -1 -2 -2 -1 -1 -2 -2 -2 -2 0 0 0 1 4 6 6 6 6 6 6 15 26 30 31 30 29 29 29 29 29 26 26 21 16 11 8 8 8 7 6 5 4 4 2 1 1 0 0 0 0 -1 -1 -2
-3 -3 -3 -3 -3 -1 -1 -1 -1 -1 0 0 0 1 3 4 12 25 25 27 27 28 28 28 28 25 23 14 12 8 8 6 6 7 7 3 1 1 -1 -1 -1 0 0 0 -1 -1 -1 -1 0 0 0 -1 -2 -1 -1
-1 -2 -1 -1 0 -1 -1 -1 -1 -1 -1 -1 -1 1 1 4 4 4 4 4 4 24 35 35 35 35 35 33 33 26 15 13 8 8 8 7 5 3 3 2 3 1 2 0 0 0 0 0 0 0 0 -2 -2 -2 -2
-1 -1 0 -2 0 -2 0 -1 0 0 0 -1 -1 -1 3 3 3 3 3 3 3 3 29 45 45 44 43 41 38 38 33 21 14 14 12 8 6 6 5 4 2 1 0 0 0 0 0 0 0 0 0 0 0 -1 -2
-3 -2 -2 -1 -1 -1 -1 -2 -2 1 1 0 0 0 2 6 10 10 10 28 32 34 39 39 39 39 39 34 20 10 10 7 6 6 5 4 4 3 2 1 0 0 0 0 0 1 1 -1 -1 -1 -1 -1 -1 -1 -1
-2 -2 -2 -1 -1 -1 -3 -3 -1 0 4 8 14 16 19 19 18 13 6 6 3 3 3 2 2 0 0 0 1 0 1 0 0 -1 0 0 0 0 0 -1 -1 -1 0 0 0 0 0 0 0 0 0 0 0 -1 0
-2 -2 -2 -1 -2 -1 1 1 -1 -1 -1 -1 -2 -1 0 5 5 5 17 21 26 27 27 27 27 27 27 24 21 16 13 12 12 11 12 11 10 9 5 5 5 4 2 1 0 0 0 -1 -1 -1 -1 0 -1 -1 -1
-1 -2 -2 -1 -1 -1 -2 -1 -1 -1 -1 -1 -1 0 0 2 9 9 9 9 9 9 23 31 31 31 29 26 22 19 14 5 1 0 0 0 0 0 0 0 0 0 0 -1 -1 -1 -1 -1 0 -2 0 0 0 -1 -1
-2 0 0 0 0 0 -1 -1 -1 -1 0 -2 -2 -2 -1 2 2 2 2 2 2 19 23 24 24 24 24 24 24 16 6 6 3 2 0 -1 -1 -1 -1 -1 0 1 1 1 1 -1 -1 -2 -1 -1 0 -1 0 -1 -1
-1 -2 -2 -2 -2 -2 -2 -2 -2 0 0 0 0 1 4 5 8 14 16 18 18 16 11 5 4 4 2 0 0 0 0 0 -1 -1 -1 -1 -2 -2 -2 -2 -1 -1 -2 -2 -2 -2 -1 -1 -1 -1 -1 -2 -2 -2 -2
-2 -1 -1 -2 -2 -2 -1 -1 -1 -1 -2 0 0 2 3 7 11 16 20 20 20 20 20 18 18 16 13 10 5 5 5 2 1 0 0 -1 -1 -1 -1 -1 -1 -1 0 0 0 0 1 -1 -1 -1 -1 0 -1 -1 -1
0 0 0 0 0 0 0 0 0 0 0 0 0 0 1 2 6 6 6 6 6 6 16 24 24 24 24 24 24 22 21 16 13 11 7 5 5 5 2 2 2 2 1 1 1 1 1 1 1 1 0 0 1 1 1
-1 -1 -1 -1 -1 0 0 0 0 0 1 0 1 1 1 0 0 0 0 0 0 0 2 2 1 1 1 1 1 1 17 22 24 24 24 24 24 24 19 13 8 7 5 3 4 3 3 3 3 3 3 2 2 2 2
0 0 0 1 0 1 0 1 1 1 0 0 0 1 1 0 0 2 2 2 2 2 2 2 2 9 15 18 18 18 18 18 18 18 19 19 18 14 10 10 9 6 6 5 5 4 5 5 6 5 4 4 1 4 2
-1 0 1 2 1 0 0 0 0 -2 -2 0 0 0 4 4 4 4 4 4 4 4 16 20 20 20 20 20 20 22 26 26 24 23 23 23 15 10 10 6 4 4 4 4 3 2 2 2 2 2 2 3 2 4 2
1 0 1 0 0 0 0 0 0 0 0 0 -1 -1 0 0 0 2 4 4 4 4 4 4 16 16 16 16 16 16 16 16 19 19 12 11 7 6 5 5 4 3 3 4 4 2 2 2 3 3 3 2 2 1 1
0 -1 -1 -1 -1 0 0 0 0 0 1 1 1 1 1 1 8 13 16 17 17 16 11 7 7 5 4 4 2 2 2 2 2 2 1 1 0 0 1 1 1 1 1 1 0 0 0 0 0 0 1 1 -1 -1 0
0 2 2 1 1 1 0 0 0 1 1 1 0 0 1 4 6 6 6 6 6 6 22 25 25 27 27 27 28 27 26 26 26 15 13 12 9 10 9 8 8 8 6 6 5 5 4 4 2 2 1 1 0 0 0
1 0 0 0 -1 -1 0 1 1 1 1 1 1 1 0 -1 -1 1 6 8 8 8 8 8 8 20 22 22 22 22 22 22 19 11 8 3 3 2 2 2 1 1 1 2 2 2 1 1 2 2 2 1 0 0 1
0 0 1 0 0 0 -1 -1 0 0 0 0 0 2 2 3 6 6 6 6 6 6 16 29 29 22 21 21 21 18 12 7 6 5 3 3 3 3 3 3 2 1 1 1 1 1 0 1 0 1 0 0 0 0 0
0 0 0 0 0 0 0 0 0 0 0 0 0 0 3 8 13 13 13 14 19 19 19 15 14 9 7 6 5 5 4 6 4 5 4 3 3 3 0 0 0 -1 -1 2 2 0 0 0 1 0 -1 -1 1 1 1
0 0 0 0 0 0 3 0 0 0 0 0 1 1 1 0 -1 0 0 3 3 0 -1 -1 -1 -1 -2 -2 -1 -1 -1 -1 0 0 -1 -1 -1 -1 -1 -1 -1 1 1 1 0 0 0 1 3 4 9 9 9 9 9
0 0 1 1 1 1 1 0 1 2 2 2 2 2 4 8 9 15 16 16 13 10 10 7 6 6 5 3 3 3 3 3 3 2 1 1 1 1 0 0 0 1 1 1 0 0 0 0 0 0 0 0 0 0 -1
0 2 2 0 0 0 2 1 3 4 7 10 13 18 22 22 14 12 6 5 4 2 1 1 1 1 0 0 1 1 1 1 1 1 0 2 2 2 0 0 1 1 1 1 0 -1 -1 -1 0 0 0 0 0 0 0
0 0 0 0 0 1 0 1 0 -1 -1 0 0 0 2 4 7 15 20 21 21 19 15 14 10 8 4 4 3 3 3 3 2 2 2 2 1 1 0 0 0 0 0 0 0 0 0 0 0 1 1 2 0 0 0
0 0 1 1 1 1 1 0 1 0 0 0 0 0 0 0 0 0 1 2 2 2 2 2 2 2 2 13 13 20 38 38 44 44 43 43 44 44 44 45 47 47 47 47 47 47 24 17 17 14 12 12 12 12 8
0 0 0 0 0 0 0 -1 -1 -1 -1 1 1 1 3 3 3 3 3 3 3 14 21 34 36 38 36 37 37 37 37 37 35 27 21 15 15 15 14 11 10 11 10 6 6 5 5 5 4 3 2 2 3 3 3
-1 0 0 0 0 0 0 0 0 0 0 0 0 2 2 3 3 3 3 3 3 14 20 20 20 20 20 20 20 20 25 25 22 18 14 9 8 5 3 2 0 2 2 2 1 1 1 1 1 0 1 0 0 0 0
-1 -1 -1 1 -1 1 -1 1 0 0 0 -1 -1 1 2 3 7 7 7 7 7 7 22 26 26 29 30 30 30 30 29 25 16 12 11 11 10 9 8 6 5 5 5 4 2 2 1 2 1 2 2 2 1 1 1
-1 -1 -1 0 -1 -1 -1 -1 0 0 1 1 0 0 0 0 0 0 0 2 4 7 7 13 13 21 25 26 29 29 27 26 24 16 13 11 10 10 10 9 9 4 3 1 1 1 1 0 0 0 0 0 -1 0 0
1 0 0 0 0 0 0 0 0 1 1 2 2 2 4 4 14 19 22 26 26 23 23 22 15 9 6 5 4 4 1 1 0 2 0 1 1 1 1 0 0 0 0 1 1 1 1 0 0 0 0 0 0 0 -1
0 1 1 -1 -1 -1 1 -1 -1 -1 0 0 2 3 3 4 12 23 23 24 23 21 15 11 8 7 7 6 3 3 3 3 3 2 2 2 1 2 1 2 2 2 1 1 1 1 1 1 0 0 1 1 0 0 0
0 0 0 1 0 1 0 1 3 4 5 8 16 19 20 19 17 13 7 6 6 2 2 2 2 2 1 1 1 1 1 1 1 1 1 1 1 2 2 2 0 0 0 -1 -1 -1 0 0 0 1 0 0 0 0 1
-1 0 0 0 -1 0 0 0 -1 -1 0 0 1 0 2 2 6 6 6 6 6 6 18 25 26 27 29 29 29 25 25 22 11 8 8 7 6 7 7 7 3 2 2 0 0 0 3 0 0 0 0 0 0 0 0
0 -1 -1 -1 0 0 0 0 1 1 0 0 1 1 1 6 12 18 24 27 29 30 30 28 25 23 17 14 8 5 5 3 3 2 2 2 2 2 2 0 0 0 0 0 0 0 1 1 0 -1 -1 -1 -1 -1 0
0 0 0 0 0 -1 -1 -1 -1 0 0 0 0 -1 -1 -1 -1 0 1 3 7 7 7 7 7 7 26 27 29 29 28 25 24 16 12 7 7 5 3 2 2 2 2 2 1 1 1 1 1 1 1 1 1 1 1
0 1 -1 0 -1 0 -1 -1 -1 -1 0 0 0 0 0 0 1 3 8 8 8 8 8 8 8 15 19 20 20 20 20 20 20 18 10 8 7 5 4 4 3 2 2 2 2 2 1 1 1 1 1 2 1 1 0
-1 -1 -1 0 0 0 0 0 0 0 0 0 1 1 5 6 6 6 6 6 13 17 17 15 9 8 6 5 5 5 4 4 3 2 1 1 1 1 0 0 0 1 1 1 0 0 2 2 0 0 0 1 1 1 1
-1 -1 -1 -1 -1 0 1 0 -1 -1 -1 -1 -1 0 0 1 2 2 6 6 6 6 6 6 17 22 22 22 22 22 22 16 11 8 6 4 4 4 3 3 3 3 1 1 3 3 3 1 1 1 1 1 0 0 0
0 0 0 0 0 0 1 1 0 0 1 1 1 1 0 1 2 2 -1 -1 1 1 1 0 0 0 0 0 0 -1 0 0 1 0 1 -1 -1 -1 -1 0 0 0 -1 -1 -1 1 -1 0 0 0 0 0 1 -1 1
1 1 1 1 1 0 0 0 1 1 1 1 1 1 1 1 1 3 7 9 9 9 9 16 19 19 12 7 4 3 3 2 2 1 1 2 2 1 1 1 1 1 1 1 0 0 0 0 0 0 1 1 0 -1 0
0 1 1 1 0 0 0 0 1 1 1 1 1 1 2 6 10 10 16 18 18 13 7 6 4 3 3 1 1 1 1 2 1 1 1 1 2 1 1 1 -1 -1 -1 0 0 2 2 2 0 0 0 0 1 0 1
-1 -1 -2 -2 -1 0 0 -2 -2 -2 -1 0 0 -1 0 0 0 0 0 0 0 0 1 1 1 1 1 1 1 1 14 15 21 25 25 28 28 28 30 30 30 29 24 17 10 10 8 8 8 7 3 3 3 3 1
0 1 0 0 0 1 1 1 1 1 1 1 2 2 5 5 8 8 8 8 8 8 13 17 19 23 23 23 23 23 23 24 24 24 18 14 10 8 7 3 3 2 2 2 2 1 0 0 0 1 1 1 1 0 0
0 0 0 0 1 0 1 1 1 2 1 3 2 2 2 6 10 10 10 10 10 10 14 14 14 17 19 20 20 20 19 16 11 7 7 6 5 4 4 2 2 0 0 0 -2 -1 -1 0 1 1 1 0 0 0 0
0 1 1 1 1 1 1 1 0 1 2 2 4 4 4 7 10 15 16 19 24 26 26 27 31 31 31 31 30 25 20 15 11 11 12 12 12 10 10 6 5 3 2 2 2 1 1 0 0 0 0 2 0 0 0
-1 -1 1 1 1 0 -1 -1 0 1 1 1 2 1 2 4 7 8 8 8 8 8 8 16 20 22 22 22 22 22 22 23 23 16 16 10 7 6 5 5 1 1 1 1 1 1 1 0 1 2 2 3 2 0 0
1 0 0 0 0 1 1 -1 -1 1 2 1 1 1 1 5 5 7 7 7 7 7 14 16 17 20 22 22 17 12 7 7 6 6 3 2 2 1 1 -1 -1 -1 1 1 1 1 1 0 0 1 1 1 1 1 1
1 1 0 0 0 1 2 2 4 4 6 13 16 18 18 20 18 16 12 7 6 6 4 3 2 2 1 0 0 0 -1 -1 -1 -1 -1 1 1 0 0 0 0 0 1 0 0 -1 -2 -2 -2 -1 0 0 0 0 0
0 0 0 -1 -1 -1 0 0 0 0 0 -1 -1 1 2 2 5 5 5 5 5 5 17 23 23 23 23 23 23 23 21 14 7 7 7 7 7 7 3 2 0 0 1 1 0 0 0 0 0 -1 -1 0 0 0 0
-1 -1 -1 0 -1 -1 -1 -1 1 1 1 1 1 3 6 11 18 22 22 22 18 11 6 5 4 1 0 -1 -1 -1 -3 -3 -2 -2 -2 -2 -1 0 -1 -1 -1 -1 -1 -1 -1 -1 -1 -1 -1 -1 0 0 0 0 0
1 1 1 0 0 0 0 0 1 1 2 2 1 1 2 5 13 13 13 13 13 29 32 33 35 35 34 33 27 14 8 8 6 6 5 5 4 2 1 1 1 0 0 -1 -1 -2 0 -1 -1 -1 -1 -1 -1 -1 -1
0 -1 -1 -1 0 1 2 1 2 2 4 4 6 14 20 23 23 18 10 6 2 2 1 0 0 0 1 1 1 0 -1 -1 0 0 0 -1 -1 0 0 0 0 0 0 0 0 0 0 0 0 0 0 -1 -1 -2 -1
0 0 0 0 0 -1 0 0 1 1 1 1 2 3 3 9 17 26 30 33 33 32 32 32 32 25 15 12 7 7 7 7 5 5 4 0 0 0 0 0 0 0 0 0 0 0 0 0 0 0 1 1 1 -2 0
-1 -1 -1 -2 -2 1 1 0 0 4 5 7 10 18 20 21 21 15 11 5 5 4 3 2 1 1 1 1 1 0 0 0 0 -1 -1 -1 -1 1 1 -1 -1 -1 0 0 0 -1 -1 -1 -1 -1 -1 -1 -1 0 0
-2 0 0 0 0 0 0 0 0 2 2 4 9 14 22 24 24 24 24 24 24 15 10 7 5 3 2 2 2 0 0 0 0 0 0 0 -1 1 -1 0 0 0 -2 -2 -2 0 0 0 0 -1 -1 -1 -1 -1 -1
0 0 0 -1 -1 -1 -1 -1 -1 -1 -1 -1 0 0 0 1 7 7 7 7 7 29 30 31 31 31 30 28 28 24 16 11 9 8 8 7 6 4 4 1 1 1 1 1 0 0 0 1 0 0 0 0 0 0 -1
-1 -1 -1 -1 -1 -1 -1 0 0 0 0 0 0 0 3 3 8 11 19 25 25 29 29 26 25 24 22 16 11 8 7 4 3 2 1 1 0 -1 -1 -1 1 1 1 1 1 0 0 -1 -1 -1 0 0 -1 -1 -1
-1 -1 0 0 0 0 0 0 0 -1 -1 1 1 1 1 2 4 4 4 4 4 4 15 28 30 31 31 29 29 28 25 22 13 11 8 8 7 7 7 4 4 3 2 2 2 0 0 0 0 0 1 1 1 -1 -1
-1 -1 -2 -1 -2 -2 -3 -3 -1 -1 -2 -2 -1 1 2 2 8 8 8 8 8 8 18 26 29 31 31 32 32 31 31 31 27 20 14 14 13 11 11 9 8 6 6 4 3 3 3 1 0 1 0 0 0 0 1
0 0 0 0 0 0 0 -1 -1 0 0 -1 -1 1 2 3 8 11 21 22 22 21 16 10 7 5 3 3 3 1 1 0 1 0 0 0 -1 0 0 0 0 0 1 1 0 0 0 -1 -1 -1 -1 -1 -1 -1 0
-1 -1 -1 -1 -1 -1 -1 -1 -1 0 -1 1 1 1 1 6 14 20 21 21 20 14 9 8 5 1 0 0 0 0 0 0 1 1 1 1 1 1 1 1 0 0 0 1 0 0 0 -1 -1 -1 0 0 -1 -1 0
1 1 1 1 -1 -1 0 1 1 -1 -1 0 1 1 2 3 4 4 4 4 4 4 4 24 37 37 40 40 39 39 40 41 41 41 41 41 41 41 23 15 13 10 9 7 7 7 7 5 5 4 4 3 3 2 2
1 1 1 0 0 2 2 0 0 0 0 0 2 1 1 1 1 4 8 8 8 8 8 8 8 22 25 26 27 27 24 23 23 16 11 7 5 3 3 3 1 3 2 2 2 1 1 1 1 1 1 1 0 0 0
1 1 0 0 1 2 1 1 1 1 1 1 1 1 1 2 3 4 7 9 9 9 9 9 9 15 17 17 17 17 17 17 17 17 17 16 14 14 11 11 9 7 6 6 6 6 4 2 2 2 1 1 1 2 2
0 0 0 0 1 1 1 1 2 2 2 2 2 3 3 5 9 12 12 14 15 15 14 13 9 9 5 5 5 5 3 3 3 3 3 2 1 1 2 2 2 2 0 0 1 1 0 0 1 1 1 1 1 1 1
2 2 1 1 1 1 0 0 0 0 0 2 0 2 2 3 2 3 3 6 9 9 9 9 9 9 19 29 34 34 29 26 21 21 15 9 8 5 5 4 4 4 5 5 3 2 2 2 2 2 1 1 1 0 1
0 0 0 0 0 0 0 0 -1 -1 1 1 3 2 2 2 1 0 0 0 0 0 0 0 2 3 7 7 7 7 7 7 14 22 25 25 28 28 33 33 34 37 39 39 36 36 36 36 36 36 15 13 12 10 10
0 0 0 0 0 0 0 -1 -1 1 1 3 2 2 10 7 7 7 3 3 4 4 2 1 1 1 1 1 1 1 1 1 2 2 2 1 1 3 4 4 1 1 1 1 2 2 2 2 3 3 1 1 0 1 1
0 0 0 0 -1 -1 -1 0 0 0 0 0 2 2 1 1 0 0 2 4 10 10 15 16 18 18 19 19 13 12 9 4 4 4 2 4 2 1 1 1 2 1 2 1 3 3 3 1 1 1 2 2 2 2 1
1 1 0 1 1 1 1 1 1 1 0 0 0 -1 -1 -1 0 1 0 2 6 10 10 10 10 10 10 20 20 20 20 20 20 20 20 35 35 34 31 28 23 21 21 17 12 11 11 11 11 11 11 11 3 2 1
1 1 1 1 1 0 -1 -1 0 0 1 0 0 0 0 0 2 5 8 8 8 8 8 8 22 28 28 31 32 32 32 32 31 22 16 10 8 8 8 8 6 5 4 3 3 1 1 0 0 -1 0 0 2 0 0
-1 -1 0 0 0 -1 -1 -1 -1 -1 -1 0 0 0 1 1 1 1 4 7 10 10 10 26 45 45 42 37 32 28 20 19 9 9 7 7 6 6 4 4 2 2 1 1 1 1 0 0 1 1 1 3 3 0 0
1 1 2 2 2 2 3 3 4 5 6 6 14 15 24 26 26 27 25 25 24 19 19 13 13 13 13 13 13 1 1 1 1 1 1 1 1 1 1 1 1 1 1 1 1 1 1 1 1 0 2 0 1 0 0
2 1 1 2 2 2 2 4 5 6 7 10 12 19 23 24 24 24 19 11 11 11 11 11 11 4 3 3 3 3 3 3 3 3 1 0 0 1 2 2 2 2 1 1 1 1 0 1 1 1 1 1 1 1 2
0 0 1 2 2 2 2 2 4 4 5 8 15 19 22 22 19 7 7 7 7 7 7 7 4 4 4 4 4 4 4 2 2 1 1 1 1 3 2 2 1 1 1 1 1 1 1 0 0 1 2 2 2 1 1
1 0 0 2 4 5 5 8 10 12 18 19 18 16 9 5 5 5 3 2 -2 -2 -2 -2 -2 2 2 2 3 2 2 2 1 2 2 2 2 2 2 1 0 1 1 2 2 2 2 2 2 1 1 1 1 1 1
2 2 1 1 1 1 5 5 5 14 15 15 14 13 9 3 3 3 2 2 2 2 0 1 0 1 1 2 2 2 1 1 1 1 1 1 1 1 1 1 1 1 1 2 2 2 2 2 2 2 1 0 0 0 2
1 2 2 1 1 2 2 4 4 4 5 8 12 18 20 20 17 9 3 3 3 1 1 1 1 1 1 1 1 2 1 0 0 2 2 2 2 2 2 2 1 2 1 1 1 1 2 3 3 2 1 2 -1 -1 -1
0 1 1 1 1 3 4 7 9 12 12 12 11 8 3 2 0 0 -1 -1 -1 -1 0 -1 0 -1 -1 -2 -1 0 1 0 1 -1 -1 -1 -1 0 0 0 1 -1 1 0 0 0 0 0 0 0 0 1 1 1 0
1 3 3 5 6 9 11 11 12 11 7 6 2 2 0 -1 0 -1 -2 -2 -2 -1 -1 0 0 -2 -2 -2 -1 -1 0 0 0 1 -1 0 0 0 -1 -1 -1 -1 0 0 0 0 0 -1 -1 -1 0 0 0 0 -1
3 4 5 6 9 12 12 11 9 7 6 2 2 0 1 0 1 1 1 0 -1 -1 -1 -1 -1 0 -1 -1 -1 0 0 0 -1 0 0 0 0 0 -1 0 0 2 2 1 1 1 2 -1 -1 -1 1 2 1 2 1
1 1 2 4 4 2 2 4 6 8 14 15 15 13 7 3 2 1 0 1 0 0 0 0 0 0 0 1 2 2 2 1 0 0 0 0 3 3 2 0 0 0 1 1 2 1 2 1 1 1 1 1 0 0 0
0 2 1 1 1 2 2 2 5 7 11 18 18 18 5 2 2 2 1 1 1 0 0 0 0 0 1 0 1 1 1 1 1 0 0 0 0 2 2 1 1 0 0 0 0 0 0 1 2 1 0 0 1 1 1
0 0 0 1 0 0 0 2 3 7 11 16 16 15 4 1 1 1 0 0 -2 -1 -1 -1 2 -1 -1 -1 -1 -1 1 1 1 0 1 1 1 1 0 0 0 0 -1 -1 -1 -1 0 0 0 0 0 0 -1 -1 0
3 4 4 6 7 7 9 13 14 15 15 15 13 10 6 2 0 -1 -1 -1 -1 -1 -1 0 0 0 0 0 -1 -3 -3 -1 -1 -1 -1 0 -2 -2 -1 -1 1 1 1 0 0 0 0 1 1 0 0 0 0 0 0
6 8 10 11 13 15 17 17 15 14 8 3 2 2 2 2 2 2 2 2 2 1 0 0 0 0 -1 -1 -2 0 0 0 0 0 1 1 1 1 1 1 1 1 1 1 1 1 0 1 1 1 1 1 0 0 -1
3 4 4 6 6 10 12 13 12 12 8 5 2 2 0 0 0 0 0 -1 -1 0 0 0 -1 -1 -1 0 1 1 0 0 0 1 1 1 1 1 1 2 2 1 1 0 0 -1 -1 -1 0 0 0 0 1 1 1
2 2 3 2 3 3 3 3 5 11 13 19 19 14 7 2 1 0 0 -1 1 0 2 0 1 -1 1 -1 0 0 0 1 0 1 0 1 -1 0 0 0 0 0 0 1 1 0 0 -1 -1 -1 0 1 1 1 1
3 4 4 4 4 7 8 13 14 15 17 18 18 15 15 9 5 5 5 5 5 5 2 0 0 0 0 0 0 0 0 0 3 3 3 3 3 3 1 1 1 0 0 0 0 0 0 0 0 0 0 0 0 0 0
6 8 10 10 10 11 12 12 12 8 6 5 4 2 1 1 0 0 0 0 0 0 0 -1 -1 -1 -1 -1 -1 -1 0 1 0 0 0 0 0 0 0 1 1 1 1 1 2 2 3 3 3 1 1 1 1 1 1
1 1 1 2 2 4 4 6 6 15 15 19 19 17 15 7 2 2 2 0 -1 -1 -1 -1 -1 0 0 1 1 0 0 0 2 1 1 0 0 1 1 0 0 0 -1 0 0 0 0 0 1 1 -1 -1 0 1 2
2 2 3 6 7 13 14 14 13 8 3 3 3 1 1 0 0 0 0 0 0 1 1 1 0 0 1 1 0 0 0 0 0 0 1 2 2 1 0 0 0 1 1 0 -1 -1 -1 1 1 0 0 0 0 1 0
1 1 1 3 4 6 7 11 12 17 19 19 17 11 7 5 2 1 1 2 2 2 2 1 1 0 0 0 0 0 0 0 0 0 0 1 1 1 1 2 1 0 0 0 0 0 0 0 0 -1 -1 0 1 1 1
0 0 1 1 1 0 2 2 5 5 6 8 12 18 25 25 20 18 8 3 2 2 0 0 0 2 2 -1 -1 -1 0 0 0 -1 -1 -1 0 -2 0 -2 0 0 0 -1 -2 -1 0 0 -1 -1 -2 -2 -2 -2 -2
-1 -1 0 0 0 0 0 1 1 1 1 6 6 12 21 27 27 26 25 24 24 24 15 8 4 4 4 4 4 4 3 3 1 0 0 1 1 1 0 0 -1 0 0 0 1 1 1 1 -2 -2 -1 -1 -1 0 0
1 0 0 0 2 4 4 7 8 13 15 15 14 11 9 3 2 2 2 2 0 0 0 1 0 0 0 1 1 2 1 -1 -1 -1 -1 -1 0 -1 0 0 0 0 0 -1 -1 -2 -1 1 1 1 -1 1 1 1 0
0 0 -1 -1 -1 0 1 2 2 5 7 9 11 19 20 21 21 15 9 7 2 2 0 0 0 -1 -2 -2 0 0 0 0 -1 -1 -1 -1 -1 1 1 1 -1 0 0 0 1 0 0 -2 -2 -2 -1 -1 1 -1 0
1 2 2 1 1 1 2 2 2 2 3 3 9 13 21 24 27 29 30 30 24 24 24 15 8 8 8 8 8 8 8 1 1 0 0 0 0 0 0 0 -1 -1 0 0 -1 -1 -1 1 1 0 -1 -1 -1 -1 0
0 1 1 2 2 2 2 4 6 6 9 13 16 19 21 21 16 8 4 2 2 2 2 2 2 2 1 1 1 1 1 1 1 0 0 1 1 1 1 0 0 0 0 0 -1 -1 -1 0 0 0 0 0 0 -1 0
2 0 1 1 1 2 1 2 3 4 5 5 10 14 24 30 30 30 33 34 34 29 20 10 10 6 4 4 3 2 2 2 2 2 2 2 2 2 2 1 2 1 2 1 1 1 1 1 2 2 1 1 2 2 2
2 1 1 1 1 1 2 2 2 3 5 7 9 13 20 24 24 14 7 5 5 5 5 2 2 2 1 1 1 2 2 0 0 0 0 -1 0 0 0 0 0 0 0 0 1 2 2 1 1 1 0 -1 -1 0 0
4 6 6 13 13 13 13 12 10 9 7 3 3 3 2 1 0 0 0 -1 -1 -1 -1 1 1 1 0 0 0 0 -2 -2 0 0 0 0 0 0 0 0 0 0 0 0 0 -1 1 0 0 0 1 1 0 0 -1
2 2 3 3 6 9 10 13 13 13 10 6 2 1 1 0 0 0 -1 0 0 0 0 0 0 0 1 1 1 0 -1 -1 -1 0 0 0 0 0 1 1 1 1 1 0 0 0 0 0 0 0 -1 -1 -1 0 0
2 4 4 6 6 7 8 12 12 12 10 4 2 1 1 1 1 1 0 0 0 1 1 1 0 0 0 1 1 0 0 0 -1 0 0 0 1 1 -1 -1 0 0 0 0 1 1 1 0 0 0 0 0 0 0 0
3 2 5 6 7 10 11 13 13 10 6 5 2 1 1 1 1 1 1 1 1 0 0 0 1 1 1 1 0 0 0 0 0 0 0 0 1 0 1 1 1 1 0 0 0 1 0 0 0 -1 0 0 1 1 -1
1 1 1 2 3 3 3 3 6 9 10 14 14 11 5 4 1 0 0 1 1 1 1 1 1 1 1 1 1 1 1 1 -1 -1 -1 -1 0 0 0 1 1 0 0 0 1 0 0 0 0 1 1 1 1 1 1
0 0 1 2 1 3 2 3 4 5 8 12 12 19 21 21 11 1 1 1 1 1 0 -2 -2 -2 -2 -2 -2 -2 -3 -3 -1 -1 -1 -1 -1 -1 1 1 0 0 0 0 0 -2 -3 -3 -3 -2 -1 0 1 1 1
0 0 0 3 4 3 4 7 8 12 14 15 15 13 9 4 0 0 -1 -1 -1 -1 0 0 0 0 2 2 2 0 0 0 0 1 1 1 1 -1 0 0 0 -1 -1 0 0 0 0 -1 -1 1 1 1 0 1 0
3 2 2 2 3 4 7 7 8 12 13 17 19 19 20 20 12 8 5 4 1 -1 -1 -1 0 0 0 0 0 0 2 2 2 1 1 1 1 0 0 0 1 1 1 1 0 2 1 1 1 1 0 0 1 1 1
0 1 1 1 2 1 2 3 4 7 8 17 17 12 5 4 4 4 1 0 1 1 1 1 1 1 1 1 1 2 2 1 1 1 2 2 1 -1 -1 1 1 1 1 1 1 1 1 1 2 1 1 1 1 2 1
-1 -1 0 0 0 0 0 1 1 2 3 5 11 18 23 23 11 4 2 2 2 2 0 0 0 0 0 0 0 0 0 -1 -1 0 0 0 0 0 0 -1 -1 -1 -1 -1 0 0 0 0 2 1 1 1 0 0 0
0 0 0 0 1 1 2 3 3 2 2 7 10 16 23 25 28 28 28 27 21 21 15 7 7 7 7 7 7 7 7 1 1 3 3 3 3 3 3 3 1 1 1 1 1 2 2 2 0 0 0 1 1 1 1
2 1 3 1 2 2 5 6 6 10 18 19 19 14 7 6 2 1 0 0 0 1 1 1 0 0 0 0 2 1 1 1 -1 -1 1 1 1 1 0 0 0 0 1 1 1 1 -1 1 0 1 1 1 0 0 -2
1 1 0 0 0 1 1 1 4 4 4 6 12 18 24 24 18 12 7 7 7 7 7 0 0 1 1 1 1 2 2 1 0 -1 0 0 1 1 1 1 2 2 1 0 0 0 0 0 0 0 1 1 1 0 1
1 1 1 1 1 1 1 2 3 3 4 5 10 15 22 25 27 27 25 21 14 7 4 4 4 4 4 2 2 2 2 2 2 -1 0 0 1 1 1 1 2 2 1 1 1 0 0 0 0 0 0 0 0 0 0
1 1 2 2 2 2 1 2 1 3 3 5 9 15 21 21 13 4 2 2 2 2 0 3 2 2 2 2 2 2 2 1 1 -1 1 0 0 0 0 3 3 2 0 1 0 0 0 1 1 1 0 1 1 1 1
1 1 1 1 1 1 2 4 4 7 13 18 18 12 4 2 2 2 1 1 0 0 0 0 0 0 1 1 1 1 1 1 1 1 0 0 1 1 2 1 0 0 0 0 2 2 0 0 0 0 0 0 0 0 1
0 0 0 1 0 1 0 1 2 4 4 6 11 17 22 22 20 6 1 1 1 1 1 1 -1 -1 0 0 -1 -1 -1 -1 -1 -1 -1 0 0 0 0 0 -1 -1 -2 0 -1 0 0 0 -1 -1 0 0 -2 -2 -2
-1 -1 0 0 -1 0 2 6 7 9 14 17 17 9 5 1 1 1 -1 -1 -1 0 0 0 -1 -1 0 0 1 2 1 1 0 0 0 -2 -2 -2 -1 0 -1 0 -1 0 0 0 0 0 0 -1 -1 -1 -2 -2 -2
0 0 0 0 0 1 2 2 2 2 5 7 12 18 25 25 25 24 23 19 8 5 3 2 2 2 2 2 1 1 2 2 2 2 2 1 1 0 0 0 0 1 1 1 1 2 2 1 1 0 1 2 2 2 2
3 3 2 2 3 3 3 3 5 8 8 11 14 16 22 22 15 10 5 5 5 5 5 5 1 1 1 1 1 1 1 1 1 2 1 1 0 0 0 2 2 0 0 1 1 1 1 1 1 1 1 1 1 2 1
3 3 2 2 3 3 5 5 7 9 14 16 16 15 11 4 2 1 1 1 0 2 1 1 0 0 1 1 1 2 2 2 1 1 1 1 1 3 1 1 1 1 2 1 2 1 3 2 2 1 1 1 1 2 2
2 2 2 3 3 3 4 7 8 10 12 12 11 7 6 1 1 1 0 0 0 0 0 0 -1 -1 -1 -1 -1 -1 -1 -1 0 0 0 -1 0 1 1 0 0 0 0 0 0 -1 0 -1 0 0 0 0 -1 -1 -1
1 1 1 0 0 1 1 5 7 7 7 7 6 3 2 1 1 0 0 0 0 0 1 1 1 0 0 1 1 0 0 0 1 0 0 0 0 -1 -1 -1 -1 -1 -1 0 0 0 0 0 0 1 1 1 0 1 0
1 2 3 3 4 6 6 9 10 10 7 2 0 0 -1 0 -1 0 -1 -1 -1 -1 -1 -1 -1 -1 0 -3 0 0 0 1 -1 1 -1 -1 -1 -1 -1 -1 0 0 0 -1 -1 -1 -1 -1 -1 -1 -1 0 0 0 0
1 3 3 3 3 3 4 5 9 12 13 13 11 8 4 3 3 3 2 2 2 2 2 2 2 0 0 0 0 1 1 2 2 1 0 1 0 -1 -1 -1 1 2 1 0 0 0 1 1 1 1 -1 -1 -1 1 1
3 3 4 6 6 6 6 7 10 10 12 14 14 12 6 2 2 3 3 1 1 1 2 2 2 1 1 1 1 0 1 2 2 2 1 1 1 1 1 0 1 2 2 1 1 1 0 0 0 0 0 1 2 2 1
3 3 3 3 3 4 7 9 12 15 18 17 17 16 8 5 3 3 2 1 2 2 2 1 0 0 1 1 1 1 1 1 1 1 0 0 1 2 2 2 2 1 1 1 0 1 1 1 1 0 0 -1 -1 1 1
2 4 4 6 7 9 13 13 13 9 4 2 0 -1 -1 1 1 0 0 -1 -1 1 1 0 0 2 2 1 1 1 0 0 1 1 1 1 0 0 -1 0 0 1 1 1 1 0 -1 -2 -2 -2 0 0 0 0 0
-1 0 0 1 2 3 5 5 8 13 14 17 17 13 10 4 4 4 4 0 -2 -2 -2 -2 -2 -2 -2 -1 -1 -1 -1 -1 -1 -1 -1 -1 -1 0 0 0 0 0 0 1 0 0 0 0 0 0 -1 -1 -1 -2 -1
-1 0 0 0 0 1 2 3 3 3 6 7 9 13 22 22 20 15 12 3 3 3 0 -1 -1 0 0 -2 -2 -1 -1 0 0 0 0 0 0 0 0 -1 -1 -1 -2 -1 -1 -1 -1 -1 -1 0 0 0 0 -1 -1
2 3 6 8 8 11 12 12 12 7 7 3 2 2 0 0 0 0 -3 -2 -2 -1 -1 -1 -1 1 -1 -1 -1 -1 0 0 0 0 -1 1 -1 -1 -1 -1 -1 -1 0 0 0 0 0 0 0 0 0 0 0 -1 -1
2 1 2 3 3 7 9 11 13 13 11 7 2 0 0 0 0 0 0 0 -1 -1 0 1 0 -1 -1 1 1 1 1 1 1 0 0 0 -1 0 0 1 1 1 0 -1 -1 1 1 1 0 0 0 1 0 0 0
4 3 2 2 3 5 5 6 6 8 12 17 17 15 10 6 4 1 1 1 1 1 1 1 1 1 1 1 3 1 2 2 2 3 3 3 1 3 1 -1 -1 1 1 1 2 2 2 1 1 1 0 0 1 2 2
1 0 1 0 2 2 3 6 8 10 14 17 17 14 5 2 1 -1 -1 0 0 0 1 1 -1 -1 -1 0 0 0 0 0 0 0 -1 -1 -1 -1 0 0 0 0 0 0 1 1 0 -1 -1 0 1 0 0 0 0
1 1 1 4 4 4 4 8 8 10 15 16 17 16 5 3 0 0 0 0 0 0 0 0 0 -1 -2 -2 -2 -1 -1 0 0 -1 -2 -2 -2 -1 -1 -1 -1 -1 -1 0 -1 -2 -2 -2 -2 -1 -2 -2 -2 -2 -1
-1 0 0 2 1 1 1 1 2 3 5 8 13 16 22 22 8 2 1 0 -1 -1 -1 -2 -1 -1 0 0 0 0 0 0 0 0 0 0 -1 0 1 1 3 2 2 0 0 -1 -1 -1 -1 0 0 0 0 0 0
1 0 0 0 0 0 0 2 3 2 3 8 9 14 21 30 32 32 32 31 29 24 24 15 5 4 3 3 1 1 1 2 2 2 2 2 2 2 0 -1 -1 -1 0 1 0 1 0 0 0 0 0 0 0 -1 -1
2 1 -1 -1 1 1 1 1 1 3 6 6 13 19 24 32 35 35 33 31 27 23 13 6 6 3 3 2 2 2 1 1 1 1 1 1 1 0 -1 0 0 0 0 0 0 1 0 0 0 -1 -1 -1 0 1 0
1 1 1 0 0 0 1 2 3 3 4 7 9 14 21 26 31 32 32 33 34 34 34 29 17 10 7 6 4 4 1 1 1 2 2 2 2 2 2 0 0 -1 0 0 0 0 -1 -1 0 0 0 0 0 0 0
0 0 0 -1 -1 -1 -1 -1 -1 0 0 2 2 2 5 5 5 5 5 2 2 2 3 2 2 2 2 3 3 4 5 5 7 9 14 19 23 24 23 20 10 5 2 2 2 1 -1 -1 1 1 1 0 1 0 0
2 2 1 1 1 3 3 4 5 5 5 9 10 17 25 29 29 29 30 30 31 31 23 8 8 3 3 3 3 0 0 -1 -1 -1 -1 -1 -1 -1 -1 1 2 1 2 -1 1 0 1 0 0 0 0 0 1 1 1
-1 0 1 1 0 0 0 2 3 3 6 6 10 17 22 28 28 20 17 12 4 4 4 4 4 4 1 1 1 1 1 1 1 0 0 0 -1 -1 -1 -1 -1 -1 0 0 0 0 0 0 -1 1 0 0 -1 -2 -1
1 1 1 3 2 3 2 3 4 5 6 7 9 15 21 25 27 27 25 22 17 7 7 7 7 7 7 1 -1 -2 -2 -2 -2 -2 -2 -1 -1 -3 -3 -3 -3 -3 -3 0 0 0 0 0 0 0 0 1 1 1 0
0 1 1 1 1 1 1 1 1 4 5 7 9 16 20 25 29 31 31 30 28 24 10 5 3 2 1 1 0 0 0 0 0 0 0 0 0 0 0 0 0 0 0 1 1 0 0 -1 0 0 0 2 2 0 0
0 1 1 0 0 0 0 1 1 2 2 3 7 14 16 22 28 28 28 24 20 15 5 5 5 5 5 5 5 1 0 0 0 0 0 0 0 0 0 0 0 0 0 0 0 0 0 0 -1 -1 -1 -1 0 0 0
0 0 0 0 0 0 0 1 2 3 4 7 9 17 22 24 24 15 5 5 5 5 5 5 1 1 1 1 1 1 1 1 1 1 -2 -2 -2 -2 -2 -2 -2 1 0 0 0 0 0 0 1 1 1 0 0 0 -1
-2 -2 -2 -2 -1 -1 -1 -2 -1 -1 -1 -1 0 0 2 3 3 3 3 3 3 9 11 11 11 11 11 11 9 7 7 7 7 7 7 7 3 1 -1 -1 -1 -1 -1 -1 -1 -2 -2 -2 -2 -2 -2 -1 -1 -1 0
-1 -1 -1 0 0 0 -1 0 -1 0 -1 0 1 3 3 9 12 12 12 12 12 12 8 6 6 6 6 6 6 1 1 0 0 0 0 0 0 0 -1 -1 -1 -1 -1 -1 -1 0 0 1 0 -1 -1 -1 0 0 1
-1 -1 -1 -1 -1 -1 -2 -2 -1 -1 1 2 3 4 5 9 9 9 9 9 9 9 9 3 3 3 3 3 3 1 1 1 1 1 1 1 0 -2 -2 -2 -2 -2 -2 -1 0 0 0 0 0 0 -2 -2 -2 0 1
0 0 0 -1 -1 -1 1 1 1 1 1 2 4 7 7 11 11 11 8 6 3 2 1 1 -1 -1 -1 -1 -1 0 -1 -1 -1 1 1 0 0 0 0 0 0 1 -1 -1 -1 -1 -1 -1 -1 -1 1 -1 -1 -1 -1
0 -1 0 0 0 0 0 0 0 0 0 1 1 2 2 8 9 12 12 12 12 12 12 4 2 2 2 2 2 2 1 0 0 0 0 0 0 0 1 1 1 1 1 1 1 1 0 1 0 0 0 0 0 1 0
0 -2 -2 -1 -1 -1 -1 -1 -1 3 3 6 6 9 10 12 12 11 11 10 8 8 6 6 6 5 3 3 3 3 2 2 2 2 2 1 1 0 1 0 0 -1 -2 -2 -2 -1 -1 -1 -1 0 0 0 -1 -1 -1
1 2 2 2 0 0 0 0 2 3 4 7 10 17 17 17 14 13 6 4 4 1 1 1 2 2 2 2 1 1 2 2 2 2 2 2 1 1 1 1 2 2 2 1 4 1 1 1 0 0 0 1 2 2 0
0 0 1 1 1 1 2 2 2 1 1 1 1 1 5 8 10 10 10 10 10 10 14 14 14 14 14 14 14 14 7 3 3 3 3 3 3 3 3 3 0 0 0 0 0 0 0 1 1 1 1 1 1 1 1
0 1 1 1 1 0 1 1 1 2 2 2 2 4 6 12 12 12 12 12 12 12 12 12 12 8 4 4 4 4 4 4 4 2 1 2 1 1 1 2 2 1 1 1 1 2 3 4 4 1 1 2 2 1 1
1 1 1 1 1 1 1 1 1 3 4 5 8 10 10 9 7 4 2 2 1 0 0 1 1 1 0 0 0 1 1 1 1 1 1 2 1 1 1 0 0 2 2 1 1 1 0 0 0 0 0 0 0 1 1
0 0 1 0 1 0 2 2 2 2 0 3 3 6 7 9 13 13 13 13 13 13 13 13 10 3 2 1 1 1 1 1 1 1 1 1 1 2 1 2 1 3 3 3 3 2 1 1 1 1 1 1 1 1 1
1 1 1 0 -1 0 3 3 3 1 3 2 3 2 3 7 12 12 12 12 12 12 14 14 14 14 14 14 14 8 5 3 2 1 0 0 0 0 0 0 0 1 1 1 1 2 2 2 1 1 1 1 2 0 0
1 1 2 2 2 2 2 2 3 4 5 10 11 15 15 13 10 6 5 4 2 2 2 2 2 2 3 3 2 2 2 2 2 2 2 1 1 1 1 0 1 1 1 2 1 2 1 1 0 0 1 2 3 3 0
1 2 2 2 2 2 2 2 5 5 2 2 2 2 5 7 11 11 11 11 11 17 17 17 17 17 17 17 6 0 0 0 0 0 0 0 2 2 0 0 0 1 2 2 2 0 0 0 2 2 2 0 0 0 0
1 0 0 -1 -1 -1 2 2 2 2 3 4 5 5 9 11 11 11 11 12 12 10 9 6 6 7 7 5 4 3 2 2 2 2 2 2 1 1 1 1 1 0 0 0 0 1 0 0 0 0 0 0 0 0 0
1 1 2 2 -1 -1 -1 1 1 1 1 4 5 8 15 15 11 11 11 11 7 5 5 5 2 2 2 2 0 2 0 0 0 1 1 1 1 1 3 3 1 1 1 1 1 0 0 0 1 1 1 1 1 1 1
0 0 0 2 2 3 3 3 0 0 1 3 4 6 6 11 21 27 27 25 22 22 22 11 5 5 5 5 5 5 5 3 2 2 2 2 2 2 1 1 1 2 1 0 0 2 2 2 2 2 2 1 1 -1 1
1 1 0 1 1 1 0 0 1 1 2 2 3 4 6 8 14 22 22 22 22 22 22 22 5 5 5 5 5 5 5 2 2 2 2 0 0 0 0 0 0 0 0 1 1 1 2 2 0 0 1 1 1 0 0
2 1 1 1 1 1 1 2 2 2 2 3 3 4 5 7 7 7 7 7 7 11 17 17 17 17 17 17 17 7 5 5 5 5 5 5 4 2 1 1 1 1 1 1 1 1 2 2 1 1 1 1 1 1 0
1 1 1 1 2 2 1 1 0 0 1 2 2 4 5 7 13 13 13 13 13 13 13 13 11 8 8 8 8 5 4 4 4 4 4 4 1 1 1 3 0 1 1 1 1 1 1 1 0 2 0 3 0 0 0
1 1 1 2 2 2 2 3 3 3 3 6 8 14 14 12 12 7 6 3 3 2 2 2 2 2 1 1 2 2 2 1 1 1 0 0 0 0 2 1 1 1 1 1 1 1 3 3 2 1 0 0 0 1 1
0 1 -1 1 -1 -1 -1 0 0 0 0 1 1 1 3 6 6 6 6 6 6 13 16 16 16 16 16 16 16 15 14 14 14 14 14 14 9 9 9 9 9 9 9 6 5 5 5 5 5 5 5 4 4 4 3
-1 0 0 0 0 2 0 0 0 0 0 -1 0 1 6 11 11 11 11 11 19 19 19 19 19 19 19 20 20 20 20 20 20 20 20 13 9 9 9 9 9 9 5 5 5 5 5 5 5 3 3 3 3 3 3
-1 0 -1 0 0 0 0 0 0 0 0 1 2 3 5 7 9 9 9 9 9 9 7 7 7 7 3 3 3 3 3 3 3 2 2 2 1 2 2 2 1 1 1 1 1 1 1 1 1 1 1 2 2 2 0
-1 -1 -1 -1 -2 1 1 1 1 0 1 3 4 5 8 8 7 3 0 0 0 1 1 1 0 0 0 0 0 0 0 1 1 1 0 0 0 0 1 1 0 0 -1 0 0 0 0 0 0 1 1 1 1 0 0
-1 0 0 0 0 1 1 3 3 2 2 3 3 4 6 8 11 11 11 11 11 11 9 5 5 2 2 2 2 2 2 2 1 1 1 1 1 1 1 1 1 2 2 2 1 1 1 0 0 0 1 1 1 -1 -1
1 0 0 1 1 1 1 2 3 3 2 2 3 5 5 7 8 13 13 13 13 13 13 8 5 5 5 3 3 3 3 3 3 3 3 3 0 0 0 1 1 0 0 0 0 0 0 1 0 1 1 1 1 1 0
0 0 0 0 1 1 1 1 2 1 3 4 4 4 13 15 15 15 15 8 5 2 2 2 2 2 2 -1 0 0 2 2 1 1 1 1 1 1 0 0 0 0 0 0 -1 -1 -1 1 -1 1 -1 -1 -1 0 0
0 0 1 1 1 1 0 1 1 3 3 3 7 10 10 10 6 2 2 1 1 0 0 0 1 1 1 1 1 1 1 1 1 1 0 0 0 0 0 0 0 0 0 0 3 1 1 1 0 0 1 1 1 0 1
-1 0 0 0 0 0 1 1 2 2 2 3 3 5 7 9 9 6 4 3 3 0 0 0 1 1 1 -1 2 1 1 1 1 1 0 1 0 0 0 1 1 1 -1 -1 -1 0 0 0 1 1 0 0 0 0 -1
0 0 0 0 0 0 1 2 2 2 3 4 5 8 8 8 5 4 1 0 1 1 1 1 1 1 2 2 2 2 1 2 1 3 0 0 0 0 1 1 1 1 1 1 0 0 1 1 1 1 1 1 1 0 0
-1 -1 1 2 2 2 0 2 0 2 0 2 5 11 14 14 12 12 12 12 12 12 12 2 1 1 3 3 3 3 3 3 2 1 1 1 1 3 3 2 1 1 2 2 1 1 1 2 2 2 1 1 1 0 0
0 0 0 2 2 2 2 2 2 2 2 2 3 3 4 8 9 9 9 9 6 5 4 2 1 1 1 2 2 0 0 1 1 1 1 1 1 0 0 0 2 1 1 1 2 2 -1 -1 0 1 1 1 1 0 0
2 2 1 2 2 2 2 4 4 5 7 11 12 11 6 6 5 2 2 2 2 2 1 1 2 2 2 2 2 2 2 1 0 0 1 1 1 1 0 1 1 1 0 0 0 0 0 0 0 1 0 0 0 2 2
0 1 2 2 2 1 2 3 3 2 2 2 11 11 10 9 7 5 3 2 2 2 2 3 2 3 1 3 3 3 1 0 0 0 0 0 1 1 1 2 2 1 1 1 2 2 2 2 2 2 2 1 0 0 0
0 1 1 1 1 1 1 2 4 4 6 6 6 9 12 12 12 12 12 12 12 10 10 10 10 10 10 10 10 3 3 3 3 3 3 3 3 3 3 3 1 1 1 1 1 1 2 2 2 0 0 0 1 1 -1
-1 2 2 1 0 1 1 2 2 4 2 3 2 3 4 5 7 7 7 6 5 5 4 4 3 3 3 3 1 3 3 3 1 1 1 1 1 0 0 1 1 1 1 1 1 1 1 0 0 1 1 1 0 1 0
2 2 1 -1 -1 -1 1 2 3 3 4 4 5 7 7 6 5 4 4 4 4 4 3 4 1 3 1 1 1 2 2 2 0 2 1 1 1 0 0 0 2 2 0 0 0 1 1 1 0 0 0 0 0 0 0
-1 -1 0 1 0 1 0 2 2 2 2 2 8 8 11 13 15 20 20 20 20 20 20 19 11 9 7 7 7 7 7 7 6 2 2 2 1 1 1 1 1 1 1 1 1 0 0 0 -1 -1 0 0 1 1 1
2 2 1 1 1 1 0 0 -1 2 0 2 3 5 6 6 6 6 6 6 6 11 11 11 11 11 11 11 11 5 2 2 2 2 2 2 2 2 1 1 1 1 1 1 3 3 1 1 2 2 1 1 1 1 2
2 3 2 2 2 1 0 0 1 1 0 0 3 4 6 8 12 13 13 13 13 13 13 7 3 3 3 3 3 3 3 2 2 2 2 2 2 2 2 2 2 2 2 2 2 2 2 2 2 3 1 1 1 1 1
2 2 2 2 2 2 3 3 3 3 3 3 3 5 10 14 14 14 14 14 14 6 3 3 3 3 3 3 3 1 1 1 1 2 2 2 2 2 2 1 2 2 2 2 2 1 1 1 1 1 1 0 1 1 2
2 2 2 1 1 1 1 1 1 2 2 4 5 9 10 10 7 4 4 2 2 3 3 3 3 4 3 1 1 1 2 2 2 2 1 2 1 1 1 3 3 3 2 3 2 2 2 2 2 1 1 1 1 2 3
1 1 1 1 2 2 2 1 0 1 0 2 2 5 6 10 12 12 9 8 4 4 4 3 2 2 2 2 -1 -1 0 1 2 2 1 1 1 1 1 1 0 0 1 1 0 0 0 2 1 1 1 0 1 1 1
0 1 0 1 1 1 1 1 1 1 2 2 2 2 5 10 14 16 16 16 16 16 16 5 4 3 3 3 3 3 3 3 3 3 2 0 0 1 1 1 1 2 2 2 0 0 0 1 1 1 1 0 2 0 2
-1 -1 0 0 0 0 1 1 2 2 4 4 5 10 17 17 12 4 4 4 1 1 1 0 1 1 2 2 2 2 1 2 1 1 1 1 1 2 2 2 1 0 0 0 1 1 1 2 2 1 1 1 1 1 1
0 0 0 0 0 0 -1 -1 0 0 1 2 2 6 12 12 11 9 5 3 0 0 0 0 2 2 1 0 1 0 0 0 0 0 -1 -1 -1 0 0 0 0 -1 1 0 0 0 0 -1 0 0 0 -1 0 0 0
-3 -3 -3 0 -2 -1 -1 0 0 2 3 5 7 10 15 18 18 18 18 18 18 18 11 11 11 11 11 11 11 11 5 2 2 2 2 2 2 2 1 1 1 0 -1 -1 0 0 1 0 0 0 0 0 0 -1 0
-1 -1 -1 -1 -1 0 0 1 1 1 1 1 3 4 4 6 6 6 6 6 6 6 6 3 3 3 3 3 3 3 3 3 3 3 3 3 3 3 0 0 1 1 1 1 1 1 1 1 0 1 0 -1 -2 -2 0
0 0 0 0 0 0 0 0 1 2 2 2 2 2 3 4 6 6 6 6 6 6 6 6 8 8 8 7 7 7 7 7 7 5 5 5 5 5 5 5 2 1 1 1 1 1 1 3 3 1 1 1 1 1 1
0 0 -2 -2 -1 0 0 0 0 0 1 1 1 2 4 4 6 8 8 8 8 8 8 8 9 9 9 9 9 9 7 7 7 7 7 7 7 4 3 3 3 3 3 3 3 4 3 3 3 3 3 3 3 2 1
-1 -1 0 0 0 0 0 1 1 1 3 3 4 6 8 8 7 7 7 7 7 7 6 6 6 6 6 6 6 6 3 3 3 3 3 3 3 3 2 2 2 2 1 0 0 0 0 0 0 0 0 -1 0 0 0
1 -1 -1 -1 0 0 0 0 0 0 0 1 1 6 6 5 4 4 4 4 4 4 6 6 6 5 4 3 3 2 3 2 1 1 1 1 1 1 1 0 0 0 3 1 1 0 -1 -1 -1 -2 0 0 0 -1 -1
0 0 -1 -1 -1 -1 0 0 0 1 2 2 3 5 7 7 7 6 5 5 5 4 1 1 1 1 1 1 1 1 1 0 0 0 0 0 0 0 0 0 -1 -2 -2 -3 -1 -1 -1 -1 -1 -1 -1 -1 0 0 0
-1 -1 -1 0 0 0 0 0 0 0 1 1 2 3 4 6 8 8 8 8 8 8 8 6 6 6 6 6 6 4 3 3 3 3 3 3 3 4 4 4 4 4 4 0 0 2 2 1 0 0 0 0 0 0 -1
-1 -1 -1 -1 -1 0 0 1 1 1 1 2 3 3 4 5 5 5 5 5 5 5 5 5 5 5 5 5 5 5 3 3 3 1 1 1 1 1 1 0 0 0 0 0 0 1 1 1 -1 -1 -1 0 -2 -1 -1
1 1 0 0 1 1 -1 -1 1 2 2 3 6 12 18 19 19 19 19 19 19 14 10 10 10 10 10 10 10 5 2 2 2 1 1 1 2 2 2 2 2 2 2 1 1 1 1 1 2 4 4 4 2 2 2
2 2 1 1 1 2 2 3 3 3 3 4 6 6 10 14 14 12 12 12 12 12 6 4 2 2 2 2 2 2 2 2 3 3 1 1 1 2 2 2 2 4 4 1 1 2 2 2 2 2 2 1 2 2 2
2 2 2 2 3 4 3 4 4 4 5 5 5 9 11 14 14 14 14 14 14 14 8 4 1 1 2 3 3 3 2 1 2 1 2 2 2 3 1 2 2 2 2 2 1 1 2 2 2 2 2 1 1 1 3
1 0 0 1 1 0 0 1 1 1 4 4 5 5 10 16 18 18 18 18 18 18 10 6 6 6 6 6 6 6 2 2 2 2 2 1 2 1 1 1 1 2 2 2 1 1 1 2 2 2 2 2 1 2 2
1 0 0 3 3 2 2 2 3 3 4 5 10 12 12 12 10 5 3 3 2 2 3 3 2 2 2 1 1 3 3 1 1 2 2 3 3 3 2 2 2 2 2 2 2 2 2 2 1 1 2 2 2 1 2
1 1 2 2 2 2 3 3 3 3 6 6 7 9 13 13 13 11 5 4 2 2 1 2 2 2 2 2 2 1 1 2 2 2 2 2 2 1 1 1 1 2 3 3 3 2 2 2 2 2 2 2 1 1 1
2 5 5 4 3 2 3 2 2 2 4 6 8 13 15 15 11 11 10 6 3 3 3 3 3 2 2 1 0 0 0 0 1 1 1 1 0 0 1 2 2 2 3 2 2 2 2 2 0 0 1 1 2 2 2
0 0 1 1 1 1 0 0 0 1 -2 2 2 3 3 5 7 11 11 11 11 11 11 5 4 4 2 -1 -1 -1 -1 -1 -1 0 1 0 1 0 -1 -1 0 0 0 1 1 1 1 0 0 0 0 0 0 0 1
1 1 -1 -1 0 0 1 0 0 0 0 1 3 6 8 9 9 9 9 9 9 9 4 2 2 2 2 0 0 0 1 1 1 2 1 1 1 1 -1 1 1 1 1 1 1 0 0 0 0 0 1 1 1 -1 -1
0 0 0 1 1 1 0 0 0 0 0 0 2 2 5 9 16 17 17 17 17 17 17 4 2 2 2 2 2 2 2 0 0 -1 0 0 0 1 2 3 3 2 1 1 1 1 1 2 2 2 1 1 1 1 1
0 0 0 1 0 0 0 0 2 2 2 4 7 8 13 13 13 13 5 5 4 0 0 2 2 1 1 2 2 1 1 1 0 0 2 2 1 1 1 0 0 0 0 0 0 1 1 1 -1 -1 0 2 0 0 0
1 0 2 0 0 -1 -1 -1 1 3 4 4 5 5 11 11 9 6 4 3 3 2 0 0 0 0 0 0 0 1 1 1 1 1 1 1 1 1 1 0 0 1 1 1 1 -1 -1 -1 -1 0 0 0 0 0 0
0 0 0 2 2 0 0 0 1 2 2 3 3 4 9 9 9 5 4 1 1 1 2 2 2 1 2 1 2 2 2 2 0 0 0 0 0 -1 -1 -1 1 1 2 2 1 0 0 0 0 1 0 1 0 0 0
1 0 0 0 1 1 2 1 1 1 0 0 0 2 6 9 9 9 9 9 9 32 32 25 23 23 23 23 9 8 8 8 8 8 8 8 3 1 -2 -2 -1 0 -1 0 0 0 0 0 0 0 -1 1 1 1 1
-1 -2 -2 0 0 0 0 -1 -1 -1 1 3 5 10 13 18 18 18 18 18 18 18 9 6 6 6 6 6 6 6 3 0 0 -3 -3 -2 -1 0 0 0 0 0 -1 -1 -1 -1 0 -1 -1 -1 0 0 0 0 0
-1 -2 -1 -1 1 1 1 0 1 1 1 1 3 4 6 12 13 13 13 13 13 13 7 3 3 3 3 3 3 3 3 0 0 -1 -1 0 0 0 -1 0 1 1 -1 -1 -1 0 -1 -1 -1 -2 -1 -2 -1 0 1
-1 -2 -2 -2 -2 -3 -1 -1 -1 0 0 0 0 1 4 5 5 5 5 5 5 7 9 9 9 9 9 9 7 6 6 6 6 6 6 2 1 1 1 1 1 1 1 0 -1 -2 -3 -2 -2 -1 -1 -1 -1 -1 -1
-1 -3 -3 -2 -2 -2 -2 -2 -1 0 4 5 10 12 14 14 11 11 11 11 11 5 3 3 3 3 3 1 0 -1 -1 -1 -1 0 0 -2 -2 -1 -1 -1 -1 -3 -3 -3 -3 -3 -2 -2 -2 -2 -2 -4 -4 -2 -2
-3 -3 -2 -2 -2 -1 -1 -1 -2 -2 0 0 3 5 5 8 10 10 10 10 10 10 7 4 4 4 4 4 4 4 0 0 0 0 0 0 0 -2 -2 -1 -1 0 0 0 -2 -3 -3 -3 -3 -3 -3 -3 -3 -3 -2
