2 2 2 2 4 4 4 4 4 4 3 3 3 6 6 6 12 12 12 23 23 23 30 30 30 36 36 36 35 35 35 31 31 31 29 29 29 30 30 30 31 31 31 30 30 30 32 32 32 30 
0 2 2 2 1 1 1 3 3 3 5 5 5 10 10 10 16 16 16 22 22 22 23 23 23 23 23 23 27 27 27 27 27 27 35 35 35 34 34 34 35 35 35 33 33 33 29 29 29 25 
1 4 4 4 3 3 3 3 3 3 9 9 9 11 11 11 19 19 19 27 27 27 27 27 27 29 29 29 34 34 34 33 33 33 34 34 34 34 34 53 53 53 53 53 53 39 40 40 40 40 
-6 -10 -10 -10 -9 -9 -9 -7 -7 -7 -7 -7 -7 -1 -1 -1 4 4 4 7 7 7 7 7 7 3 3 3 -1 -1 -1 8 8 8 8 8 8 16 16 16 14 14 14 15 15 15 14 14 14 14 
3 3 4 4 4 2 2 2 1 1 1 4 4 4 8 8 8 19 19 28 42 42 45 62 62 91 91 91 91 91 93 93 82 82 82 83 83 83 75 75 75 47 42 40 8 8 7 5 5 5 
3 2 2 2 3 3 3 3 3 3 7 7 7 8 8 8 16 16 16 29 29 29 35 35 35 43 43 43 43 43 43 43 57 57 62 62 62 62 62 62 65 65 65 64 64 64 60 60 60 61 
3 2 2 2 1 1 1 7 7 7 6 6 6 8 8 8 12 12 12 20 20 20 25 25 25 24 24 24 32 32 32 33 33 33 35 35 35 39 39 39 42 42 42 44 44 44 44 44 61 61 
1 1 1 1 2 2 2 5 5 5 8 8 8 8 8 8 13 13 13 25 25 25 33 33 33 42 42 42 48 48 48 48 48 48 54 54 54 55 55 55 56 56 56 62 62 62 63 63 63 59 
4 2 2 2 3 3 3 5 5 5 7 7 7 5 5 5 9 9 9 21 21 21 28 28 31 46 46 52 52 52 52 52 70 70 81 81 81 85 85 88 98 98 113 123 136 147 161 161 161 147 
2 3 3 3 3 3 3 5 5 5 5 5 5 10 10 10 16 16 16 29 29 29 36 36 36 43 43 43 39 39 39 39 47 61 61 61 60 60 45 45 45 45 45 41 41 41 46 46 46 54 
3 4 4 4 4 4 4 4 4 4 4 4 4 11 11 11 17 17 19 31 31 31 43 43 44 60 60 60 60 60 64 77 77 77 91 91 91 98 98 99 111 111 111 111 111 111 98 98 98 83 
2 4 4 4 3 3 3 5 5 5 4 4 4 6 6 6 13 13 14 30 30 30 40 40 40 55 55 55 55 55 74 87 94 95 110 110 110 107 107 107 113 113 118 132 132 132 135 135 135 119 
1 -3 -3 -3 -1 -1 -1 1 1 1 3 3 3 6 6 6 11 11 17 29 29 33 43 43 63 63 63 63 63 93 124 126 152 152 144 144 144 140 140 140 132 132 138 143 143 147 155 155 156 156 
-3 -3 -1 -1 -1 -3 -3 -3 -2 -2 -2 5 5 5 6 6 6 15 15 20 30 30 32 38 38 58 58 58 58 58 79 79 72 72 72 63 63 63 58 58 58 68 68 72 79 79 79 75 75 74 
0 0 -1 -1 -1 2 2 2 1 1 1 3 3 3 6 6 8 18 18 28 35 35 36 46 46 54 54 54 54 54 69 69 65 65 65 60 60 60 55 55 55 56 56 56 62 62 62 51 51 51 
-2 0 0 0 0 0 0 -2 -2 -2 -1 -1 -1 2 2 2 7 7 11 22 22 25 31 31 47 47 47 47 47 83 88 93 93 93 81 81 77 59 59 59 59 59 59 60 60 60 67 67 67 68 
-2 -2 1 1 1 0 0 0 0 0 0 3 3 3 9 9 10 17 17 22 28 28 29 34 34 43 43 43 43 43 59 61 72 72 72 67 67 67 62 62 62 59 59 59 58 58 62 67 67 67 
-1 -1 0 0 0 -1 -1 -1 1 1 1 3 3 3 6 6 6 12 12 24 29 29 36 49 49 86 86 86 86 86 106 113 113 113 113 87 87 87 82 82 82 82 82 82 89 89 89 83 83 83 
-3 -3 -1 -1 -1 -1 -1 -1 -1 -1 -1 3 3 3 6 6 7 14 14 20 26 26 26 29 29 33 39 39 39 45 45 45 45 45 49 54 54 54 61 61 61 61 61 61 59 59 60 65 65 65 
-1 2 2 2 0 0 0 2 2 2 2 2 2 6 6 9 15 15 16 27 27 27 30 30 30 33 33 38 38 38 38 38 58 81 81 81 81 66 66 66 63 63 63 67 67 68 73 73 73 72 
-2 -1 -1 -1 -1 -1 -1 0 0 0 2 2 2 8 8 8 15 15 18 29 29 29 34 34 41 53 53 53 53 53 63 73 73 74 75 75 75 77 77 77 77 77 77 87 87 89 97 97 97 99 
-1 1 1 1 0 0 0 0 0 0 3 3 3 9 9 9 13 13 17 28 28 28 36 36 45 56 56 56 56 56 56 59 59 59 59 59 59 62 62 62 65 65 65 62 62 62 65 65 65 63 
-2 -2 -2 -2 1 1 1 -2 -2 -2 1 1 1 4 4 5 12 12 12 21 21 21 25 25 27 34 34 42 53 53 53 53 53 53 47 47 47 46 46 47 53 53 53 53 53 53 54 54 54 52 
-1 0 0 0 0 0 0 0 0 0 5 5 5 7 7 9 14 14 18 27 27 27 33 33 37 49 49 49 49 49 54 61 61 61 58 58 58 53 53 53 57 57 57 50 50 50 54 54 54 51 
0 0 0 0 0 -1 -1 -1 0 0 0 2 2 2 9 9 9 19 19 27 29 29 29 30 30 36 47 47 47 47 47 47 47 85 86 86 86 83 62 62 61 67 67 70 73 73 73 70 70 70 
1 -3 -3 -3 0 0 0 3 3 3 3 3 3 7 7 10 15 15 19 29 29 29 37 37 42 42 42 42 42 62 86 86 86 86 64 64 64 61 61 61 63 63 64 72 72 72 66 66 66 67 
-1 0 0 0 1 1 1 0 0 0 2 2 2 4 4 6 12 12 15 25 25 25 28 28 28 33 33 44 44 44 44 44 71 95 95 95 95 81 81 81 77 77 77 82 82 82 81 81 81 73 
-2 -1 -1 -1 0 0 0 -1 -1 -1 4 4 4 4 4 4 12 12 13 25 25 26 31 31 35 46 46 46 46 46 46 46 64 64 58 58 58 53 53 53 54 54 54 58 58 58 58 58 58 53 
2 0 0 0 1 1 1 0 0 0 5 5 5 7 7 8 17 17 19 30 30 31 36 36 44 44 44 44 44 66 94 94 94 94 94 98 98 93 93 93 91 91 91 84 84 84 85 85 85 82 
1 1 1 1 -1 -1 -1 -1 -1 -1 0 0 0 3 3 3 8 8 10 20 20 20 28 28 31 36 36 50 50 50 50 50 72 108 110 131 131 130 122 119 86 86 85 81 81 81 83 83 83 76 
2 2 0 0 0 0 0 0 1 1 1 0 0 0 4 4 5 13 13 21 32 32 36 46 46 75 75 75 75 75 77 86 99 99 99 97 97 94 81 81 81 87 87 87 87 87 87 85 85 85 
-2 -2 0 0 0 -2 -2 -2 -2 -2 -2 0 0 0 5 5 5 15 15 22 31 31 31 39 39 44 44 44 44 44 57 79 79 79 79 69 69 69 70 70 70 65 65 65 63 63 63 64 64 64 
-2 -1 -1 -1 0 0 0 0 0 0 1 1 1 4 4 5 11 11 14 21 21 21 26 26 29 38 38 41 45 45 45 45 45 45 45 49 49 49 49 49 44 44 45 50 50 50 53 53 53 53 
1 1 1 1 0 0 0 1 1 1 0 0 0 1 1 1 7 7 9 22 22 22 28 28 35 45 45 45 46 46 46 46 46 67 84 84 100 113 113 113 101 101 101 82 82 82 83 83 83 79 
0 0 2 2 2 -1 -1 -1 2 2 2 3 3 3 8 8 8 17 17 22 29 29 33 43 43 72 72 72 72 72 84 84 83 83 78 60 60 60 55 55 55 59 59 59 57 57 57 51 51 51 
-1 -1 -1 -1 -1 0 0 0 1 1 1 4 4 4 8 8 8 12 12 20 24 24 27 37 37 47 47 47 47 47 73 74 75 75 75 66 66 64 65 65 65 70 70 70 62 62 62 56 56 56 
-2 -2 1 1 1 2 2 2 5 5 5 4 4 4 11 11 11 18 18 22 28 28 32 35 35 56 56 56 56 56 90 98 98 98 96 72 72 72 66 66 66 69 69 69 68 68 68 64 64 64 
0 -1 -1 -1 2 2 2 1 1 1 2 2 2 7 7 7 17 17 19 29 29 33 38 38 38 41 41 41 42 42 42 42 42 42 42 42 39 41 41 41 34 34 34 42 42 42 38 38 38 37 
1 0 0 0 0 0 0 0 0 0 5 5 5 8 8 8 17 17 19 23 23 23 31 31 31 40 40 48 48 48 48 48 61 61 58 58 58 57 57 57 62 62 62 54 54 54 52 52 52 55 
-2 -2 2 2 2 0 0 0 3 3 3 3 3 3 7 7 8 18 18 31 40 40 43 52 52 70 70 70 70 61 61 61 61 61 61 66 66 66 62 62 62 58 58 58 59 59 59 59 59 59 
0 0 0 0 2 2 2 -1 -1 -1 2 2 2 6 6 6 7 7 10 20 20 21 28 28 28 36 36 39 46 46 46 46 46 58 58 58 58 58 76 78 84 84 84 72 72 72 68 68 68 70 
2 -2 -2 -2 2 2 2 2 2 2 4 4 4 5 5 5 12 12 15 24 24 24 31 31 34 46 46 46 48 48 48 48 60 60 65 65 65 62 62 62 67 67 67 63 63 63 62 62 62 60 
1 2 2 2 2 2 2 0 0 0 4 4 4 5 5 5 11 11 15 26 26 26 31 31 34 47 47 47 47 47 61 72 72 73 80 80 80 68 68 66 68 68 68 73 73 73 71 71 71 66 
0 0 2 2 2 0 0 0 1 1 1 4 4 4 9 9 9 17 17 22 29 29 30 38 38 56 56 56 56 56 80 89 99 99 99 98 98 98 96 96 96 91 91 91 87 87 87 82 82 82 
1 0 0 0 3 3 3 -2 -2 -1 3 3 3 2 2 4 12 12 17 31 32 36 43 43 46 46 46 46 46 46 48 62 62 71 83 83 83 79 79 75 60 60 60 65 65 65 68 68 68 65 
2 2 -1 -1 -1 2 2 2 0 0 0 2 2 2 6 6 6 14 14 21 27 27 27 32 32 36 49 49 49 49 49 49 56 56 56 58 58 58 59 59 59 59 59 59 60 60 60 64 64 64 
3 4 4 4 0 0 0 1 1 1 4 4 4 6 6 6 10 10 14 22 22 22 28 28 37 47 59 59 59 59 93 104 104 104 97 97 94 92 92 92 96 96 96 83 83 83 83 83 83 82 
0 1 1 1 1 1 1 3 3 3 0 0 0 5 5 5 10 10 16 22 22 22 27 27 31 41 41 55 55 55 55 55 89 98 101 101 101 88 88 88 85 85 85 91 91 91 90 90 90 84 
1 0 0 0 0 0 0 3 3 3 4 4 4 6 6 6 10 10 12 25 25 25 32 32 43 47 63 63 63 63 112 115 151 160 160 159 152 132 132 128 112 112 130 130 129 129 129 120 120 120 
16 16 16 16 16 16 16 16 16 16 16 16 16 16 16 16 16 16 16 20 20 20 21 21 21 18 18 18 25 26 26 33 36 41 51 69 69 69 69 81 96 96 96 83 83 83 85 85 85 88 
0 0 1 1 1 2 2 2 2 2 2 4 4 4 5 6 9 14 19 24 25 28 31 34 40 51 54 54 54 54 67 70 74 77 77 81 81 81 81 82 82 81 81 81 74 73 70 60 60 60 
0 1 1 1 3 3 3 4 3 3 3 5 5 5 5 5 11 14 17 20 24 24 29 29 32 34 40 43 43 43 43 43 54 58 58 58 58 58 63 64 69 69 69 70 69 69 65 65 66 69 
1 1 1 3 3 3 0 0 0 3 3 3 4 4 6 9 12 13 16 26 26 28 29 33 39 41 43 43 43 43 43 54 54 55 58 59 64 66 66 69 69 69 66 66 66 64 64 64 63 63 
1 1 1 1 1 1 1 1 3 3 3 6 5 5 5 10 10 13 16 24 26 27 30 34 36 48 52 52 52 52 54 54 52 52 52 54 62 66 70 76 76 69 69 67 64 64 64 69 71 72 
1 1 1 2 2 2 1 1 1 1 1 1 4 5 5 8 12 13 17 25 27 33 35 36 40 49 61 61 61 61 61 64 64 64 67 67 70 73 74 79 80 80 84 82 82 79 77 77 76 76 
3 3 2 2 2 1 1 1 3 3 3 5 5 5 7 7 9 11 15 21 25 28 30 33 39 49 54 54 54 54 54 78 79 83 83 83 83 85 93 94 97 101 105 106 108 108 108 103 98 98 
2 2 2 3 2 2 2 2 2 1 1 1 5 5 6 10 10 17 19 25 36 36 43 57 59 82 82 82 82 115 115 114 105 91 91 91 92 97 98 102 105 105 100 100 99 95 93 92 92 92 
0 0 0 2 2 2 1 1 1 2 2 2 5 6 6 8 13 17 19 28 35 37 43 49 55 65 65 65 65 90 96 117 121 125 130 130 128 128 127 126 126 126 133 133 133 123 123 122 121 121 
2 2 0 0 0 1 1 1 1 1 1 2 2 2 4 4 6 14 17 22 24 27 27 31 37 49 54 54 54 54 67 67 74 77 77 83 87 87 89 91 91 86 86 86 84 84 84 85 86 86 
0 0 0 -1 -1 -1 1 1 1 3 5 5 5 5 5 9 10 12 18 26 26 31 34 39 42 54 65 65 65 65 59 57 55 54 54 54 56 59 59 59 59 59 60 60 60 61 62 62 60 60 
20 20 20 11 2 2 2 4 4 4 2 2 2 1 1 1 1 1 1 2 2 2 0 0 0 0 0 0 0 0 0 0 0 0 1 1 1 1 1 1 0 0 0 -1 -1 -1 2 2 2 3 
3 0 0 0 0 0 0 1 1 1 3 3 3 5 5 5 11 11 19 27 27 30 36 36 48 48 48 48 48 59 72 72 72 72 70 70 78 86 94 105 111 111 111 110 110 110 101 101 101 105 
2 2 0 0 0 3 4 4 2 2 2 4 4 4 6 6 8 14 16 20 23 30 31 33 43 61 61 61 61 61 104 115 115 101 91 77 75 75 75 77 86 92 104 115 115 119 119 100 100 97 
2 2 0 0 0 4 4 4 2 2 2 4 4 4 10 10 10 18 18 26 33 33 37 49 49 71 71 71 71 71 71 61 54 54 54 61 61 63 77 77 81 89 89 89 84 84 83 78 78 78 
0 1 1 1 3 3 3 7 7 7 4 4 4 8 8 8 11 11 14 22 22 22 27 27 27 36 36 42 51 51 51 51 51 51 51 67 67 65 65 65 68 68 68 68 68 68 72 72 72 73 
0 0 0 0 1 1 1 2 2 2 2 2 2 8 8 8 11 11 16 25 25 25 35 35 43 43 43 43 43 62 67 72 72 72 71 71 75 81 81 81 84 84 84 82 82 82 77 77 77 78 
1 1 1 1 1 2 2 2 1 1 1 2 2 2 6 6 6 11 11 20 25 25 29 33 33 43 53 53 53 53 53 62 62 62 62 62 83 87 93 93 93 89 89 89 80 80 80 86 86 86 
2 2 2 2 4 4 4 3 3 3 5 5 5 8 8 8 11 11 12 24 24 24 30 30 38 46 47 47 51 51 51 51 51 51 51 67 71 76 76 76 84 84 84 90 90 90 93 93 93 98 
-1 0 0 0 -1 -1 -1 1 1 1 0 0 0 2 2 2 7 7 10 20 20 27 34 34 42 55 60 102 102 102 102 210 388 388 385 275 208 153 137 131 114 114 119 126 127 127 119 102 78 35 
-3 0 0 0 1 1 1 0 0 0 2 2 2 4 4 4 10 10 16 25 25 27 34 34 51 51 51 51 51 69 69 56 56 51 44 44 44 51 51 59 69 69 69 75 75 75 65 65 65 63 
-1 -1 1 1 1 2 2 2 1 1 1 4 4 4 5 5 12 15 15 26 32 32 36 44 44 68 68 68 68 68 71 71 80 80 80 71 71 71 67 67 67 61 61 61 65 65 65 68 68 68 
1 2 2 2 0 0 0 1 1 1 0 0 0 3 3 3 8 8 10 20 20 20 26 26 31 37 37 52 52 52 52 52 76 79 79 79 77 69 69 69 66 66 66 75 75 75 77 77 77 72 
0 0 1 1 1 1 1 1 3 3 3 2 2 2 7 7 7 14 14 20 24 24 24 26 26 35 46 49 49 49 49 70 70 70 70 70 88 88 85 85 81 77 77 77 80 80 80 85 85 85 
0 0 0 0 -1 -1 -1 1 1 1 2 2 2 5 5 5 8 8 8 21 21 22 30 30 34 45 47 47 47 47 56 59 59 59 55 55 55 59 59 62 67 67 67 68 68 68 67 67 67 61 
0 0 2 2 2 0 0 0 0 0 0 4 4 4 8 8 12 19 19 30 36 36 43 47 47 70 70 70 70 70 71 71 75 75 75 72 72 72 71 71 71 72 72 72 74 74 74 73 73 73 
0 0 2 2 2 2 2 2 1 1 1 6 6 6 8 8 9 19 19 29 33 33 34 39 39 46 46 46 46 46 60 60 64 64 64 68 68 68 71 71 71 71 71 71 70 70 70 70 70 70 
0 1 1 1 1 1 1 1 1 1 3 3 3 6 6 6 13 13 17 27 27 27 36 36 47 53 61 61 61 61 82 91 91 91 76 76 76 74 74 74 74 74 74 77 77 77 72 72 72 66 
1 0 0 0 -1 -1 -1 2 2 2 4 4 4 3 3 3 7 7 8 20 20 20 24 24 25 30 30 34 43 43 43 40 40 40 40 47 49 57 57 57 62 62 62 65 65 65 61 61 61 63 
2 2 1 1 1 0 0 0 2 2 2 2 2 3 8 8 11 16 16 27 33 33 39 45 45 61 61 61 61 61 77 80 93 93 103 111 117 119 125 125 125 125 125 125 119 119 119 116 116 116 
-1 1 1 1 1 1 1 2 2 2 3 3 3 5 5 5 12 12 12 21 21 21 25 25 29 38 41 57 57 57 57 57 78 78 84 84 84 83 83 83 85 85 85 81 81 80 82 82 82 80 
0 -1 -1 -1 2 2 2 -1 -1 -1 3 3 3 8 8 8 14 14 18 30 30 37 39 39 54 54 54 54 54 69 69 69 69 69 64 64 64 67 67 67 73 73 73 77 77 77 76 76 76 78 
1 0 0 0 1 1 1 1 1 1 3 3 3 2 2 3 7 7 14 28 28 30 36 36 46 46 46 46 46 68 69 78 78 78 69 69 69 74 74 74 78 78 78 75 75 74 73 73 73 74 
1 1 4 4 4 4 4 4 3 3 3 4 4 4 7 7 9 16 16 23 30 30 32 36 36 41 50 50 50 50 50 56 65 65 73 83 83 90 95 95 95 93 93 93 88 88 88 84 84 83 
3 3 1 1 1 1 1 1 0 0 2 4 4 4 7 7 11 16 16 20 25 25 27 32 32 45 45 45 45 45 67 93 93 93 93 93 105 105 101 101 101 90 90 90 90 90 90 91 91 91 
1 1 1 1 1 2 2 2 4 4 4 2 2 2 3 3 4 15 15 20 25 25 27 35 35 44 44 44 44 44 60 66 69 69 69 69 69 69 70 70 70 74 74 74 74 74 74 72 72 72 
1 1 1 1 2 2 2 3 3 3 2 2 2 6 6 7 11 11 17 26 26 26 33 33 37 46 48 48 48 48 59 67 67 67 72 72 72 75 75 76 82 82 82 81 81 81 78 78 78 78 
1 3 3 3 3 3 3 2 2 2 1 1 1 3 3 3 7 7 10 21 21 21 28 28 35 44 50 50 50 50 68 76 76 76 78 78 78 78 78 78 85 85 87 91 91 91 91 91 91 83 
1 2 2 2 3 3 3 2 2 2 5 5 5 9 9 9 14 14 18 26 26 27 33 33 39 46 46 46 46 46 53 53 53 53 53 58 58 61 61 61 58 58 58 62 62 62 63 63 63 60 
1 1 1 1 1 1 1 3 3 3 2 2 2 4 4 4 8 8 8 20 20 20 24 24 25 32 32 41 41 41 69 69 69 69 69 69 68 73 73 75 82 82 82 90 90 90 88 88 88 87 
4 4 0 0 0 0 0 0 4 4 4 5 5 5 8 8 10 18 18 26 32 32 36 46 46 73 73 73 73 73 73 73 71 71 76 85 85 89 96 96 96 90 90 90 86 86 86 84 84 84 
0 2 2 2 1 1 1 1 1 1 2 2 2 4 4 4 10 10 16 25 25 25 30 30 38 48 50 50 50 50 61 70 70 70 70 70 70 75 75 79 84 84 92 95 95 98 104 104 104 103 
1 1 2 2 2 3 3 3 1 1 1 5 5 5 7 7 8 16 16 22 28 28 31 35 35 35 45 45 45 45 45 45 45 51 51 59 59 60 63 63 63 69 69 69 66 66 69 73 73 73 
2 1 1 1 3 3 3 1 1 1 4 4 4 3 3 3 9 9 9 20 20 20 22 22 25 31 31 48 48 48 48 48 84 101 106 106 106 95 95 95 96 96 98 106 106 106 110 110 110 104 
1 1 2 2 2 2 2 2 2 2 2 5 5 5 5 5 6 14 14 23 29 29 29 36 36 40 46 46 47 55 55 55 55 55 67 74 74 83 93 94 98 103 103 106 113 113 115 120 120 120 
0 0 0 0 0 0 0 1 1 1 2 2 2 8 8 8 13 13 15 27 27 27 31 31 37 48 50 50 50 50 74 82 86 99 106 106 106 111 111 111 105 105 105 105 105 105 97 97 96 95 
0 2 2 2 4 4 4 1 1 1 3 3 3 5 5 5 12 12 18 25 25 25 30 30 32 45 45 45 45 45 61 61 61 61 61 73 73 81 81 85 92 92 100 111 113 123 127 127 127 129 
2 2 2 2 2 3 3 3 4 4 4 5 5 5 7 7 7 16 16 22 32 32 32 39 39 45 57 57 57 57 57 72 84 84 86 88 88 88 79 79 77 79 79 79 81 81 81 79 79 79 
2 1 1 1 3 3 3 0 0 0 4 4 4 3 3 3 12 12 13 21 21 25 32 32 38 46 49 49 49 49 62 70 70 70 70 70 70 73 73 73 79 79 82 83 83 83 84 84 84 87 
1 0 0 0 1 1 1 4 4 4 0 0 0 4 4 4 13 13 15 24 24 25 31 31 37 46 49 49 50 50 50 50 50 70 78 78 84 87 87 90 99 99 101 115 117 117 111 111 110 102 
4 1 1 1 1 1 1 2 2 2 3 3 3 4 4 4 8 8 12 25 25 25 35 35 39 48 49 49 49 49 49 49 60 67 75 75 82 86 86 90 93 93 93 92 92 92 93 93 93 92 
3 3 3 3 1 1 1 3 2 2 3 3 3 7 7 7 15 15 15 20 20 20 16 16 16 14 14 14 5 5 5 0 0 0 1 1 1 4 4 4 1 1 1 1 1 1 2 2 2 1 
1 0 0 0 1 1 1 0 0 0 4 4 4 4 4 4 6 6 6 20 20 21 33 33 33 24 24 24 15 15 15 15 15 15 4 4 4 5 5 5 3 3 3 1 1 1 1 1 1 1 
1 1 4 4 4 2 2 2 3 3 3 2 2 2 7 7 7 17 17 23 35 35 35 37 37 37 26 26 26 18 18 18 10 10 10 5 5 5 3 3 3 1 1 1 4 4 4 2 2 2 
0 1 1 1 2 2 2 2 2 2 3 3 3 7 7 7 8 8 10 21 21 22 33 33 35 42 42 42 29 29 29 20 20 20 8 8 8 3 3 3 2 2 2 1 1 1 1 1 1 0 
0 0 0 0 3 3 3 4 4 4 5 5 5 7 7 7 11 11 15 32 32 35 50 50 53 55 55 55 35 35 35 17 17 17 3 3 3 4 4 4 4 4 4 1 1 1 1 1 1 1 
3 1 1 1 1 1 1 2 2 2 3 3 3 5 5 5 6 6 7 21 21 22 33 33 33 33 33 33 23 23 23 12 12 12 8 8 8 2 2 2 5 5 5 2 2 2 0 0 0 1 
1 2 2 2 5 5 5 1 1 1 3 3 3 7 7 7 12 12 18 32 37 39 52 52 52 29 29 28 19 19 19 6 6 6 2 2 2 3 3 3 3 3 3 1 1 1 3 3 3 3 
2 1 1 1 2 2 2 0 0 0 5 5 5 6 6 6 8 8 13 25 25 26 42 42 46 52 52 52 31 31 31 18 18 18 5 5 3 6 6 6 1 1 1 3 3 3 2 2 2 0 
3 3 1 1 1 2 2 2 4 4 4 3 3 3 7 7 7 17 17 22 33 33 33 34 34 34 25 25 25 16 16 16 6 6 6 5 5 5 3 3 3 3 3 3 2 2 2 1 1 1 
0 0 0 0 0 0 0 2 2 2 5 5 5 5 5 5 14 14 16 32 32 32 36 36 36 25 25 25 17 17 17 6 6 6 5 5 5 3 3 3 2 2 2 0 0 0 2 2 2 2 
-1 -1 -1 -1 2 2 2 1 1 1 3 3 3 4 4 4 9 9 9 21 21 21 28 28 28 25 25 25 16 16 16 7 7 7 6 6 6 4 4 4 1 1 1 1 1 1 -1 -1 -1 2 
-1 -1 2 2 2 2 2 2 2 2 2 3 3 3 8 8 8 16 16 20 34 34 34 36 36 36 29 29 29 20 20 20 8 8 8 5 5 5 3 3 3 1 1 1 3 3 3 1 1 1 
2 2 3 3 3 -1 -1 -1 2 2 2 4 4 4 8 8 8 17 17 21 32 32 32 30 30 30 20 20 20 11 11 11 9 9 9 4 4 4 2 2 2 2 2 2 2 2 2 2 2 2 
1 1 4 4 4 1 1 1 2 2 2 3 3 3 6 6 6 11 11 20 33 33 33 36 36 36 31 31 31 23 23 23 12 12 12 7 7 7 4 4 4 1 1 1 3 3 3 2 2 2 
-1 0 0 0 0 0 0 2 2 2 2 2 2 4 4 4 9 9 10 24 24 24 30 30 30 22 22 22 17 17 17 8 8 8 7 7 7 5 5 5 3 3 3 3 3 3 0 0 0 -1 
0 0 0 0 0 0 0 2 2 2 3 3 3 6 6 6 13 13 16 26 26 26 25 25 25 15 15 15 13 13 13 5 5 5 4 4 4 -1 -1 -1 1 1 1 0 0 0 -1 -1 -1 1 
0 1 1 1 0 0 0 2 2 2 4 4 4 7 7 7 14 14 14 22 22 22 24 24 24 21 21 21 13 13 13 10 10 10 4 4 4 1 1 1 2 2 2 0 0 0 -1 -1 -1 3 
2 1 1 1 2 2 2 5 5 5 2 2 2 6 6 6 9 9 9 21 21 21 28 28 28 24 24 24 17 17 17 10 10 10 8 8 8 2 2 2 4 4 4 4 4 4 2 2 2 1 
3 3 3 3 3 3 3 4 4 4 2 2 2 7 7 7 16 16 19 27 27 27 27 27 27 17 17 17 10 10 10 7 7 7 3 3 3 -1 -1 -1 1 1 1 1 1 1 1 1 1 1 
0 0 0 0 1 1 1 1 1 1 0 0 0 5 5 5 13 13 14 28 28 28 31 31 31 17 17 17 10 10 10 8 8 8 4 4 4 2 2 2 0 0 0 1 1 1 1 1 1 1 
1 1 2 2 2 0 0 0 2 2 2 6 6 6 7 7 7 17 17 21 31 31 31 24 24 24 16 16 16 10 10 10 7 7 7 2 2 2 3 3 3 4 4 4 2 2 2 5 5 5 
2 2 2 2 2 2 2 0 0 0 2 2 2 7 7 7 17 17 19 26 26 26 23 23 23 16 16 16 7 7 7 4 4 4 3 3 3 -1 -1 -1 0 0 0 2 2 2 0 0 0 1 
0 1 1 1 2 2 2 3 3 3 2 2 2 4 4 4 8 8 12 23 23 23 26 26 26 17 17 17 11 11 11 10 10 10 5 5 5 2 2 2 4 4 4 1 1 1 1 1 1 1 
0 1 1 1 0 0 0 1 1 1 0 0 0 5 5 5 7 7 8 21 21 21 29 29 29 22 22 22 12 12 12 13 13 13 4 4 4 2 2 2 3 3 3 -1 -1 -1 1 1 1 0 
0 4 4 4 5 5 5 1 1 1 2 2 2 7 7 7 16 16 16 23 23 23 22 22 22 10 10 10 9 9 9 6 6 6 2 2 2 3 3 3 1 1 1 -1 -1 -1 3 3 3 -1 
-1 3 3 3 0 0 0 2 2 2 2 2 2 1 1 1 6 6 9 24 24 24 29 29 29 22 22 22 11 11 11 6 6 6 2 2 2 1 1 1 -1 -1 -1 0 0 0 3 3 3 2 
-1 -1 1 1 1 3 3 3 2 2 2 2 2 2 6 6 6 15 15 20 31 31 31 23 23 23 15 15 15 12 12 12 3 3 3 0 0 0 -1 -1 -1 1 1 1 3 3 3 0 0 0 
1 3 3 3 3 3 3 -1 -1 -1 0 0 0 3 3 3 10 10 12 21 21 21 24 24 24 15 15 15 11 11 11 7 7 7 3 3 3 0 0 0 2 2 2 2 2 2 2 2 2 0 
3 3 2 2 2 -1 -1 -1 3 3 3 4 4 4 6 6 6 15 15 20 26 26 26 19 19 19 10 10 10 7 7 7 2 2 2 2 2 2 4 4 4 2 2 2 3 3 3 2 2 2 
0 1 1 1 2 2 2 1 1 1 2 2 2 5 5 5 17 17 17 22 22 22 20 20 20 7 7 7 7 7 7 0 0 0 1 1 1 0 0 0 0 0 0 -1 -1 -1 1 1 1 1 
2 0 0 0 1 1 1 2 2 2 0 0 0 1 1 1 6 6 6 22 22 22 28 28 28 16 16 16 6 6 6 2 2 2 2 2 2 1 1 1 3 3 3 0 0 0 1 1 1 -1 
1 1 1 1 0 0 0 1 1 1 2 2 2 3 3 3 11 11 15 31 31 31 33 33 33 18 18 18 4 4 4 2 2 2 2 2 2 1 1 1 -2 -2 -2 1 1 1 -1 -1 -1 2 
1 -2 -2 -2 2 2 2 1 1 1 2 2 2 4 4 4 10 10 11 28 28 28 29 29 29 19 19 19 7 7 5 0 0 0 1 1 1 3 3 3 1 1 1 2 2 2 1 1 1 -2 
1 1 1 1 -1 -1 -1 1 1 1 2 2 2 4 4 4 8 8 8 20 20 23 34 34 34 29 29 29 12 12 12 12 12 12 2 2 2 5 5 5 3 3 3 0 0 0 2 2 2 1 
1 1 1 1 3 3 3 3 3 3 2 2 2 5 5 5 14 14 16 29 29 29 28 28 28 15 15 15 20 20 20 10 10 10 6 6 6 4 4 4 1 1 1 0 0 0 0 0 0 0 
-1 1 1 1 2 2 2 5 5 5 3 3 3 3 3 3 10 10 14 24 24 24 27 27 27 15 15 15 15 15 15 5 5 5 3 3 3 1 1 1 2 2 2 1 1 1 4 4 4 0 
3 3 1 1 1 2 2 2 1 1 1 2 2 2 10 10 10 19 19 23 34 34 34 27 27 27 19 19 19 11 11 11 11 11 11 6 6 6 2 2 2 0 0 0 4 4 4 1 1 1 
4 -2 -2 -2 4 4 4 0 0 0 1 1 1 4 4 4 8 8 12 26 26 26 27 27 27 12 12 12 12 12 12 6 6 6 1 1 1 1 1 1 1 1 1 2 2 2 1 1 1 1 
0 0 0 0 1 1 1 3 3 3 3 3 3 6 6 6 13 13 18 31 31 31 32 32 32 22 22 22 9 9 9 2 2 2 -1 -1 -1 2 2 2 1 1 1 0 0 0 0 0 0 2 
-1 2 2 2 3 3 3 0 0 0 2 2 2 5 5 5 12 12 17 32 34 34 41 41 41 22 22 21 11 11 11 6 6 6 3 3 3 2 2 2 2 2 2 1 1 1 0 0 0 1 
4 4 3 3 3 4 4 4 2 2 2 4 4 4 4 4 4 15 15 22 36 37 37 34 34 34 21 21 21 10 10 10 10 10 10 1 1 1 1 1 1 1 1 1 1 1 1 2 2 2 
0 0 -1 -1 -1 0 0 0 2 2 2 2 2 2 8 8 8 17 17 24 37 37 37 28 28 28 19 19 19 9 9 9 5 5 5 2 2 2 2 2 2 -1 -1 -1 3 3 3 1 1 1 
2 2 0 0 0 1 1 1 1 1 1 6 6 6 8 8 8 18 18 33 41 41 41 32 32 30 20 20 20 12 12 12 4 4 4 1 1 1 2 2 2 2 2 2 1 1 1 0 0 0 
0 -3 -3 -3 0 0 0 4 4 4 3 3 3 4 4 4 11 11 18 30 30 30 28 28 28 13 13 13 13 13 13 4 4 4 4 4 4 1 1 1 1 1 1 0 0 0 1 1 1 1 
-1 0 0 0 0 0 0 0 0 0 0 0 0 7 7 7 9 9 13 22 22 22 22 22 22 11 11 11 6 6 6 3 3 3 4 4 4 3 3 3 0 0 0 1 1 1 0 0 0 1 
1 0 0 0 3 3 3 3 3 3 1 1 1 5 5 5 9 9 12 22 22 22 17 17 17 12 12 12 3 3 3 1 1 1 1 1 1 2 2 2 -1 -1 -1 -2 -2 -2 3 3 3 1 
0 0 3 3 3 3 3 3 3 3 3 5 5 5 8 8 8 19 19 27 36 36 36 33 33 33 20 20 20 10 10 10 9 9 9 4 4 4 2 2 2 2 2 2 0 0 0 0 0 0 
1 1 2 2 2 2 2 2 5 5 5 7 7 7 7 7 7 15 15 24 35 35 35 44 44 44 38 38 38 20 20 20 13 13 13 12 12 12 6 6 6 5 5 5 0 0 0 2 2 2 
2 2 2 2 2 2 2 2 4 4 4 6 6 6 10 10 10 19 19 27 41 43 43 53 53 53 53 53 53 35 35 35 27 27 27 16 16 16 8 8 8 5 5 5 2 2 2 1 1 1 
0 0 0 0 2 2 2 2 2 2 6 6 6 9 9 9 16 16 19 33 33 33 43 43 43 39 39 39 32 32 32 25 25 25 14 14 14 10 10 10 5 5 5 4 4 4 2 2 2 0 
1 1 -1 -1 -1 3 3 3 5 5 5 7 7 7 12 12 12 15 15 20 28 28 28 36 36 42 51 51 51 42 42 42 32 32 32 26 26 26 14 14 14 17 17 17 6 6 6 4 4 4 
3 -1 -1 -1 1 1 1 2 2 2 1 1 1 7 7 7 10 10 14 25 25 25 36 36 36 37 37 37 31 31 31 22 22 22 16 16 16 8 8 8 3 3 3 3 3 3 4 4 4 0 
0 2 2 2 2 2 2 4 4 4 6 6 6 10 10 10 16 16 17 27 27 27 30 30 30 22 22 22 15 15 15 11 11 11 5 5 5 4 4 4 1 1 1 0 0 0 3 3 3 1 
0 0 0 0 2 2 2 2 2 2 3 3 3 5 5 5 8 8 8 24 24 24 33 33 33 36 36 36 21 21 21 11 11 11 8 8 8 3 3 3 1 1 1 3 3 3 0 0 0 1 
2 2 2 2 2 0 0 0 5 5 5 5 5 5 7 7 7 17 17 24 33 33 33 42 42 42 31 31 31 21 21 21 6 6 6 4 4 4 3 3 3 1 1 1 2 2 2 1 1 1 
0 2 2 2 2 2 2 0 0 0 0 0 0 5 5 5 8 8 9 24 24 24 33 33 33 30 30 30 23 23 23 10 10 10 6 6 6 3 3 3 1 1 1 0 0 0 2 2 2 1 
0 0 0 0 2 2 2 2 2 2 1 1 1 5 5 5 5 5 10 23 23 23 38 38 38 29 29 29 18 18 18 6 6 6 3 3 3 4 4 4 2 2 2 0 0 0 0 0 0 1 
-2 0 0 0 3 3 3 2 2 2 3 3 3 6 6 6 8 8 8 21 21 22 35 35 35 26 26 26 16 16 16 4 4 4 1 1 1 -2 -2 -2 1 1 1 1 1 1 3 3 3 1 
2 2 1 1 1 -2 -2 -2 3 3 3 4 4 4 5 5 5 13 13 21 34 34 37 39 39 39 25 25 25 18 18 18 5 5 5 4 4 4 1 1 1 2 2 2 2 2 2 2 2 2 
1 2 2 2 0 0 0 3 3 3 5 5 5 5 5 5 10 10 10 20 20 20 24 24 24 18 18 18 14 14 14 12 12 12 9 9 9 3 3 3 3 3 3 1 1 1 2 2 2 4 
3 0 0 0 3 3 3 1 1 1 3 3 3 6 6 6 12 12 12 26 26 26 30 30 30 21 21 21 16 16 16 9 9 9 4 4 4 2 2 2 2 2 2 0 0 0 1 1 1 0 
2 2 2 2 2 2 2 2 2 2 3 3 3 5 5 5 11 11 11 24 24 24 30 30 30 28 28 28 17 17 17 7 7 7 3 3 3 1 1 1 3 3 3 2 2 2 2 2 2 0 
0 -1 -1 -1 3 3 3 1 1 1 2 2 2 2 2 2 8 8 9 20 20 20 32 32 32 26 26 26 19 19 19 11 11 11 6 6 6 3 3 3 3 3 3 3 3 3 1 1 1 3 
1 3 3 3 1 1 1 1 1 1 2 2 2 3 3 3 7 7 7 23 23 23 27 27 27 19 19 19 12 12 12 9 9 9 6 6 6 1 1 1 0 0 0 3 3 3 2 2 2 4 
1 -1 -1 -1 0 0 0 2 2 2 1 1 1 4 4 4 12 12 12 21 21 21 22 22 22 13 13 13 9 9 9 6 6 6 1 1 1 2 2 2 4 4 4 1 1 1 0 0 0 1 
2 2 2 2 0 0 0 3 3 3 2 2 2 5 5 5 7 7 10 24 24 24 24 24 24 12 12 12 9 9 9 6 6 6 2 2 2 4 4 4 4 4 4 2 2 2 2 2 2 2 
0 1 1 1 -1 -1 -1 2 2 2 0 0 0 8 8 8 18 18 19 23 23 23 21 21 21 12 12 12 10 10 10 3 3 3 3 3 3 2 2 2 1 1 1 1 1 1 1 1 1 -2 
2 1 1 1 4 4 4 2 2 2 3 3 3 3 3 3 8 8 13 22 22 22 21 21 21 10 10 10 10 10 10 3 3 3 2 2 2 0 0 0 1 1 1 1 1 1 1 1 1 1 
-1 -2 -2 -2 1 1 1 -1 -1 -1 2 2 2 6 6 6 9 9 9 21 21 21 25 25 25 16 16 16 7 7 7 4 4 4 1 1 1 0 0 0 0 0 0 -1 -1 -1 1 1 1 0 
-1 2 2 2 0 0 0 1 1 1 3 3 3 5 5 5 18 18 18 22 22 22 23 23 23 9 9 9 5 5 5 4 4 4 2 2 2 -1 -1 -1 1 1 1 -2 -2 -2 -1 -1 -1 3 
2 1 1 1 -1 -1 -1 3 3 3 0 0 0 7 7 7 12 12 12 21 21 21 24 24 24 10 10 10 10 10 10 7 7 7 1 1 1 4 4 4 1 1 1 3 3 3 -1 -1 -1 1 
0 2 2 2 1 1 1 5 5 5 5 5 5 4 4 4 13 13 15 28 28 28 31 31 31 22 22 22 9 9 9 5 5 5 3 3 3 4 4 4 3 3 3 0 0 0 0 0 0 -1 
2 1 1 1 2 2 2 3 3 3 0 0 0 3 3 3 7 7 7 21 21 21 25 25 25 16 16 16 6 6 6 5 5 5 3 3 3 3 3 3 1 1 1 3 3 3 0 0 0 1 
3 3 1 1 1 4 4 4 1 1 1 4 4 4 8 8 8 17 17 20 27 27 27 20 20 20 15 15 15 12 12 12 4 4 4 1 1 1 1 1 1 1 1 1 3 3 3 2 2 2 
1 0 0 0 3 3 3 1 1 1 1 1 1 6 6 6 8 8 13 24 24 25 36 36 36 28 28 28 19 19 19 8 8 8 7 7 7 2 2 2 2 2 2 2 2 2 1 1 1 -3 
-1 1 1 1 0 0 0 -1 -1 -1 4 4 4 4 4 4 12 12 13 29 29 29 34 34 34 25 25 25 14 14 14 14 14 14 2 2 2 3 3 3 1 1 1 -2 -2 -2 2 2 2 2 
2 0 0 0 -1 -1 -1 1 1 1 3 3 3 3 3 3 8 8 10 27 27 27 31 31 31 17 17 17 9 9 9 2 2 2 0 0 0 2 2 2 3 3 3 2 2 2 4 4 4 -1 
0 1 1 1 1 1 1 0 0 0 0 0 0 2 2 2 9 9 14 28 28 28 35 35 35 19 19 19 10 10 10 9 9 9 2 2 2 2 2 2 3 3 3 -2 -2 -2 -1 -1 -1 -1 
0 0 0 0 0 0 0 0 0 0 2 2 2 3 3 3 11 11 11 22 22 22 31 31 31 26 26 26 14 14 14 12 12 12 8 8 8 1 1 1 0 0 0 3 3 3 0 0 0 1 
0 2 2 2 0 0 0 3 3 3 5 5 5 5 5 5 13 13 18 32 35 35 41 41 41 23 23 23 17 17 17 3 3 3 0 0 0 2 2 2 2 2 2 1 1 1 -1 -1 -1 -1 
-2 -2 1 1 1 0 0 0 0 0 0 3 3 3 5 5 7 17 17 23 31 31 31 23 23 23 14 14 14 8 8 8 1 1 1 0 0 0 1 1 1 0 0 0 -1 -1 -1 -1 -1 -1 
-2 0 0 0 1 1 1 2 2 2 1 1 1 3 3 3 9 9 10 24 24 24 32 32 32 19 19 19 9 9 9 6 6 6 3 3 3 -1 -1 -1 1 1 1 -1 -1 -1 -2 -2 -2 0 
1 1 3 3 3 2 2 2 -1 -1 -1 1 1 1 2 2 2 10 10 28 33 49 60 60 59 58 27 27 27 14 14 14 8 8 8 4 4 4 1 1 1 -3 -3 -3 1 1 1 1 1 1 
-1 -1 1 1 1 1 1 1 0 0 0 2 2 2 6 6 6 18 18 27 34 34 34 23 23 23 13 13 13 11 11 11 5 5 5 2 2 2 -1 -1 -1 1 1 1 1 1 1 -1 -1 -1 
-2 0 0 0 0 0 0 2 2 2 5 5 5 6 6 6 12 12 13 22 22 22 23 23 23 13 13 13 10 10 10 5 5 5 0 0 0 1 1 1 4 4 4 -1 -1 -1 0 0 0 2 
1 1 1 1 3 3 3 2 2 2 4 4 4 8 8 8 13 13 13 31 31 31 36 36 36 37 37 37 22 22 22 16 16 16 5 5 5 1 1 1 2 2 2 1 1 1 -1 -1 -1 2 
2 2 2 2 1 1 1 3 3 3 4 4 4 8 8 8 13 13 17 29 29 29 37 37 37 35 35 35 27 27 27 17 17 17 12 12 12 6 6 6 3 3 3 0 0 0 1 1 1 0 
0 1 1 1 2 2 2 3 3 3 3 3 3 6 6 6 11 11 12 21 21 21 31 31 31 33 33 33 27 27 27 23 23 23 13 13 13 10 10 10 4 4 4 1 1 1 -1 -1 -1 -2 
1 -1 -1 -1 4 4 4 0 0 0 3 3 3 6 6 6 13 13 17 29 29 29 35 35 35 28 28 28 19 19 19 8 8 8 7 7 7 3 3 3 0 0 0 1 1 1 -2 -2 -2 -1 
2 0 0 0 -1 -1 -1 3 3 3 1 1 1 4 4 4 9 9 9 21 21 21 28 28 28 20 20 20 11 11 11 8 8 8 2 2 2 0 0 0 1 1 1 1 1 1 0 0 0 -1 
-2 -2 1 1 1 2 2 2 4 4 4 4 4 4 8 8 8 18 18 21 35 35 35 29 29 29 20 20 20 12 12 12 7 7 7 2 2 2 2 2 2 0 0 0 0 0 0 0 0 0 
-1 0 0 0 0 0 0 2 2 2 1 1 1 3 3 3 10 10 10 20 20 20 25 25 25 24 24 24 16 16 16 13 13 13 11 11 11 5 5 5 4 4 4 3 3 3 -2 -2 -2 3 
2 0 0 0 1 1 1 0 0 0 2 2 2 5 5 5 11 11 13 25 25 25 25 25 25 16 16 16 10 10 10 8 8 8 4 4 4 1 1 1 1 1 1 1 1 1 -1 -1 -1 1 
0 0 0 0 1 1 1 2 2 2 5 5 5 10 10 10 18 18 18 21 21 21 20 20 20 17 17 17 10 10 10 7 7 7 3 3 3 1 1 1 3 3 3 3 3 3 0 0 0 1 
1 4 4 4 1 1 1 1 1 1 2 2 2 11 11 11 18 18 18 26 26 26 20 20 20 18 18 18 9 9 9 2 2 2 0 0 0 0 0 0 0 0 0 -1 -1 -1 1 1 1 -1 
-1 1 1 1 2 2 2 4 4 4 3 3 3 3 3 3 8 8 13 28 33 41 57 58 66 66 55 54 23 23 23 10 10 10 6 6 6 3 3 3 0 0 0 0 0 0 2 2 2 1 
1 1 3 3 3 2 2 2 1 1 1 3 3 3 8 8 8 17 17 20 30 30 30 27 27 27 15 15 15 13 13 13 5 5 5 0 0 0 -1 -1 -1 1 1 1 1 1 1 0 0 0 
3 -1 -1 -1 3 3 3 1 1 1 2 2 2 4 4 4 9 9 10 22 22 25 39 39 39 31 31 28 12 12 12 5 5 5 1 1 1 2 2 2 0 0 0 0 0 0 3 3 3 -2 
1 1 1 1 0 0 0 3 3 3 3 3 3 4 4 4 14 14 15 27 27 27 37 37 37 39 39 39 25 25 25 15 15 15 10 10 10 5 5 5 0 0 0 1 1 1 1 1 1 -1 
2 0 0 0 0 0 0 2 2 2 3 3 3 4 4 4 11 11 11 23 23 23 31 31 31 24 24 24 13 13 13 7 7 7 0 0 0 0 0 0 0 0 0 3 3 3 0 0 0 -2 
0 2 2 2 1 1 1 2 2 2 6 6 6 10 10 10 16 16 16 25 25 25 27 27 27 26 26 26 17 17 17 1 1 1 1 1 1 2 2 2 0 0 0 1 1 1 1 1 1 1 
5 2 2 2 3 3 3 3 3 3 4 4 4 11 11 11 15 15 15 22 22 22 21 21 21 18 18 18 9 9 9 4 4 4 3 3 3 3 3 3 0 0 0 3 3 3 4 4 4 3 
4 5 5 5 10 10 10 10 10 10 14 14 14 18 18 18 19 19 19 20 20 20 15 15 15 6 6 6 4 4 4 1 1 1 2 2 2 0 0 0 2 2 2 -1 -1 -1 2 2 2 1 
1 2 2 2 1 1 1 3 3 3 9 9 9 8 8 8 19 19 19 22 22 22 25 25 25 14 14 14 6 6 6 3 3 3 2 2 2 1 1 1 -2 -2 -2 2 2 2 0 0 0 0 
3 4 4 4 6 6 6 5 5 5 8 8 8 10 10 10 16 16 16 22 22 22 23 23 23 22 22 22 15 15 15 9 9 9 4 4 4 0 0 0 2 2 2 1 1 1 0 0 0 3 
2 1 1 1 4 4 4 4 4 4 7 7 7 13 13 13 15 15 15 23 23 23 19 19 19 8 8 8 1 1 1 3 3 3 1 1 1 0 0 0 0 0 0 1 1 1 1 1 1 -1 
5 3 3 3 2 2 2 2 2 2 8 8 8 10 10 10 18 18 18 22 22 22 27 27 27 24 24 24 3 3 3 2 2 2 4 4 4 3 3 3 0 0 0 4 4 4 2 2 2 -1 
4 2 2 2 3 3 3 6 6 6 9 9 9 15 15 15 17 17 17 26 26 26 29 29 29 22 22 22 7 7 7 5 5 5 5 5 5 4 4 4 2 2 2 3 3 3 2 2 2 -1 
4 4 4 4 6 6 6 2 2 2 4 4 4 12 12 12 18 18 18 22 22 22 25 25 25 24 24 24 8 8 8 5 5 5 4 4 4 2 2 2 1 1 1 2 2 2 2 2 2 0 
2 1 1 1 1 1 1 4 4 4 7 7 7 14 14 14 19 19 19 23 23 23 28 28 28 16 16 16 3 3 3 -1 -1 -1 1 1 1 4 4 4 1 1 1 0 0 0 2 2 2 -1 
-1 1 1 1 2 2 2 5 5 5 10 10 10 15 15 15 17 17 17 21 21 21 24 24 24 7 7 7 6 6 6 3 3 3 0 0 0 2 2 2 0 0 0 0 0 0 2 2 2 0 
1 2 2 2 1 1 1 6 6 6 5 5 5 10 10 10 16 16 16 21 21 21 25 25 25 26 26 26 9 9 9 5 5 5 5 5 5 2 2 2 4 4 4 2 2 2 2 2 2 2 
1 5 5 5 5 5 5 5 5 5 9 9 9 13 13 13 19 19 19 27 27 27 28 28 28 27 27 27 9 9 9 4 4 4 2 2 2 1 1 1 3 3 3 0 0 0 2 2 2 3 
2 5 5 5 4 4 4 1 1 1 4 4 4 7 7 7 18 18 18 25 25 25 27 27 27 27 27 27 16 16 16 4 4 4 2 2 2 3 3 3 1 1 1 2 2 2 0 0 0 3 
3 1 1 1 3 3 3 4 4 4 6 6 6 12 12 12 19 19 19 25 25 25 27 27 27 24 24 24 4 4 4 3 3 3 3 3 3 2 2 2 0 0 0 2 2 2 1 1 1 1 
0 1 1 1 1 1 1 3 3 3 3 3 3 10 10 10 15 15 15 21 21 21 23 23 23 23 23 23 26 26 26 12 12 12 8 8 8 5 5 5 0 0 0 3 3 3 3 3 3 0 
1 4 4 4 4 4 4 4 4 4 8 8 8 10 10 10 18 18 18 25 25 25 28 28 28 32 32 32 15 15 12 7 7 7 6 6 6 4 4 4 0 0 0 0 0 0 4 4 4 3 
1 1 1 1 4 4 4 6 6 6 8 8 8 12 12 12 19 19 19 23 23 23 29 29 29 21 21 21 6 6 6 5 5 5 3 3 3 1 1 1 3 3 3 2 2 2 1 1 1 0 
3 5 5 5 1 1 1 2 2 2 3 3 3 8 8 8 15 15 15 23 23 23 24 24 24 23 23 23 8 8 8 6 6 6 3 3 3 2 2 2 0 0 0 3 3 3 3 3 3 4 
1 0 0 0 4 4 4 6 6 6 7 7 7 12 12 12 17 17 17 27 27 27 30 30 30 10 10 8 5 5 5 2 2 2 0 0 0 4 4 4 2 2 2 -1 -1 -1 4 4 4 1 
1 4 4 4 2 2 2 5 5 5 7 7 7 10 10 10 18 18 18 22 22 22 27 27 27 12 12 12 6 6 6 0 0 0 0 0 0 3 3 3 2 2 2 1 1 1 1 1 1 1 
3 2 2 2 3 3 3 4 4 4 5 5 5 9 9 9 14 14 14 21 21 21 26 26 26 23 23 23 29 29 29 11 11 10 8 8 8 4 4 4 -1 -1 -1 3 3 3 1 1 1 0 
4 2 2 2 3 3 3 8 8 8 9 9 9 12 12 12 19 19 19 23 23 23 23 23 23 7 7 7 4 4 4 2 2 2 2 2 2 2 2 2 0 0 0 0 0 0 2 2 2 1 
1 3 3 3 3 3 3 6 6 6 6 6 6 13 13 13 16 16 16 25 25 25 28 28 28 31 31 31 14 14 13 8 8 8 3 3 3 0 0 0 3 3 3 1 1 1 2 2 2 1 
2 2 2 2 3 3 3 7 7 7 9 9 9 11 11 11 17 17 17 21 21 21 21 21 21 23 23 23 26 26 26 11 11 11 5 5 5 5 5 5 -1 -1 -1 2 2 2 1 1 1 2 
4 3 3 3 3 3 3 9 9 9 8 8 8 10 10 10 17 17 18 24 24 24 25 25 25 24 24 24 29 29 29 8 8 8 3 3 3 4 4 4 1 1 1 4 4 4 0 0 0 1 
3 2 2 2 3 3 3 7 7 7 8 8 8 11 11 11 17 17 17 26 26 26 29 29 29 27 27 27 27 27 27 6 6 6 7 7 7 5 5 5 5 5 5 2 2 2 1 1 1 1 
3 2 2 2 2 2 2 5 5 5 8 8 8 8 8 8 17 17 17 22 22 22 26 26 26 23 23 23 23 23 23 6 6 6 3 3 3 4 4 4 2 2 2 2 2 2 1 1 1 3 
2 3 3 3 4 4 4 4 4 4 6 6 6 8 8 8 17 17 17 23 23 23 27 27 27 24 24 24 29 29 29 15 15 15 9 9 9 4 4 4 3 3 3 0 0 0 0 0 0 1 
0 4 4 4 4 4 4 7 7 7 11 11 11 15 15 15 19 19 19 24 24 24 24 24 24 9 9 9 7 7 7 5 5 5 5 5 5 0 0 0 2 2 2 0 0 0 0 0 0 1 
0 2 2 2 2 2 2 3 3 3 5 5 5 8 8 8 16 16 16 22 22 22 24 24 24 22 22 22 25 25 25 31 31 31 13 13 13 9 9 9 5 5 5 2 2 2 3 3 3 2 
0 3 3 3 4 4 4 3 3 3 5 5 5 12 12 12 18 18 18 27 27 27 29 29 29 40 40 40 37 31 28 5 5 5 5 5 5 1 1 1 4 4 4 0 0 0 1 1 1 1 
1 3 3 3 4 4 4 2 2 2 5 5 5 7 7 7 14 14 14 20 20 20 22 22 22 20 20 20 23 23 23 8 8 8 8 8 8 1 1 1 2 2 2 3 3 3 3 3 3 2 
3 3 3 3 1 1 1 4 4 4 5 5 5 8 8 8 13 13 13 23 23 23 21 21 21 22 22 22 27 27 27 13 13 13 6 6 6 3 3 3 1 1 1 3 3 3 4 4 4 -1 
4 2 2 2 2 2 2 5 5 5 7 7 7 8 8 8 19 19 19 27 27 27 29 29 29 27 27 27 27 27 29 29 29 28 9 9 9 4 4 4 3 3 3 2 2 2 1 1 1 4 
0 3 3 3 4 4 4 5 5 5 3 3 3 5 5 5 10 10 10 20 20 20 27 27 27 24 24 24 35 35 35 8 8 5 6 6 6 4 4 4 3 3 3 2 2 2 1 1 1 2 
3 0 0 0 1 1 1 2 2 2 4 4 4 10 10 10 16 16 16 22 22 22 23 23 23 12 12 12 6 6 6 3 3 3 4 4 4 2 2 2 1 1 1 1 1 1 1 1 1 1 
1 0 0 0 3 3 3 5 5 5 8 8 8 11 11 11 19 19 19 24 24 24 27 27 27 21 21 21 5 5 5 3 3 3 2 2 2 2 2 2 1 1 1 1 1 1 1 1 1 1 
0 3 3 3 0 0 0 4 4 4 7 7 7 14 14 14 18 18 18 20 20 20 18 18 18 17 17 17 16 16 16 6 6 6 3 3 3 3 3 3 1 1 1 2 2 2 0 0 0 3 
0 4 4 4 2 2 2 2 2 2 7 7 7 11 11 11 17 17 17 23 23 23 25 25 25 9 9 9 5 5 5 4 4 4 2 2 2 2 2 2 -1 -1 -1 2 2 2 1 1 1 1 
4 3 3 3 2 2 2 4 4 4 6 6 6 9 9 9 16 16 16 23 23 23 26 26 26 29 29 29 29 29 32 32 30 25 5 5 5 1 1 1 2 2 2 2 2 2 1 1 1 0 
2 3 3 3 4 4 4 3 3 3 6 6 6 8 8 8 17 17 17 25 25 25 29 29 29 31 31 31 36 36 45 45 43 40 9 9 9 4 4 4 1 1 1 2 2 2 -1 -1 -1 2 
1 -1 -1 -1 2 2 2 2 2 2 5 5 5 8 8 8 18 18 18 26 26 26 31 31 31 35 35 35 18 18 15 3 3 3 2 2 2 2 2 2 1 1 1 3 3 3 1 1 1 0 
1 3 3 3 2 2 2 2 2 2 4 4 4 10 10 10 15 15 15 22 22 22 24 24 24 25 25 25 22 22 22 4 4 4 3 3 3 1 1 1 1 1 1 2 2 2 1 1 1 2 
4 2 2 2 2 2 2 3 3 3 9 9 9 13 13 13 18 18 18 20 20 20 17 17 17 4 4 4 5 5 5 2 2 2 1 1 1 -1 -1 -1 2 2 2 0 0 0 -1 -1 -1 1 
4 2 2 2 2 2 2 1 1 1 5 5 5 7 7 7 17 17 17 28 28 28 38 38 38 39 39 44 44 44 44 44 29 27 3 3 3 1 1 1 2 2 2 1 1 1 3 3 3 1 
1 1 1 1 3 3 3 2 2 2 6 6 6 12 12 12 19 19 19 26 26 26 32 32 32 33 33 33 3 3 3 0 0 0 4 4 4 3 3 3 1 1 1 0 0 0 1 1 1 -1 
3 1 1 1 2 2 2 2 2 2 4 4 4 8 8 8 15 15 15 26 26 26 28 28 28 38 38 38 29 28 18 1 1 1 3 3 3 2 2 2 2 2 2 1 1 1 -1 -1 -1 0 
0 2 2 2 3 3 3 4 4 4 6 6 6 10 10 10 18 18 18 22 22 22 25 25 25 19 19 19 5 5 5 0 0 0 2 2 2 2 2 2 1 1 1 3 3 3 1 1 1 4 
3 5 5 5 1 1 1 2 2 2 3 3 3 8 8 8 18 18 18 26 26 26 30 30 42 42 42 42 26 26 26 5 5 5 2 2 2 2 2 2 2 2 2 -1 -1 -1 0 0 0 1 
2 1 1 1 3 3 3 4 4 4 8 8 8 12 12 12 18 18 18 22 22 22 26 26 26 21 21 21 6 6 6 1 1 1 3 3 3 0 0 0 2 2 2 0 0 0 1 1 1 1 
4 3 3 3 1 1 1 2 2 2 8 8 8 6 6 6 16 16 16 23 23 23 25 25 25 26 26 26 20 20 14 5 5 5 2 2 2 3 3 3 2 2 2 1 1 1 2 2 2 2 
1 3 3 3 2 2 2 4 4 4 3 3 3 5 5 5 15 15 15 22 22 22 23 23 23 27 27 27 27 27 27 4 4 4 5 5 5 1 1 1 1 1 1 3 3 3 2 2 2 -2 
1 1 1 1 2 2 2 1 1 1 4 4 4 7 7 7 12 12 12 21 21 21 26 26 26 26 26 26 19 19 19 2 2 2 3 3 3 3 3 3 4 4 4 0 0 0 0 0 0 1 
4 3 3 3 3 3 3 2 2 2 2 2 2 7 7 7 16 16 17 28 28 28 39 39 39 44 44 44 44 44 44 24 24 15 4 4 4 3 3 3 3 3 3 3 3 3 0 0 0 2 
2 1 1 1 1 1 1 1 1 1 4 4 4 3 3 3 10 10 10 21 21 21 23 23 23 31 31 40 43 40 38 5 5 5 5 5 5 1 1 1 4 4 4 3 3 3 2 2 2 1 
1 2 2 2 0 0 0 -1 -1 -1 2 2 2 4 4 4 13 13 15 24 24 24 27 27 27 24 24 24 18 18 18 0 0 0 2 2 2 4 4 4 4 4 4 2 2 2 3 3 3 3 
4 0 0 0 1 1 1 4 4 4 6 6 6 7 7 7 16 16 16 20 20 20 22 22 22 21 21 21 21 21 21 1 1 1 3 3 3 2 2 2 3 3 3 1 1 1 2 2 2 2 
1 4 4 4 2 2 2 2 2 2 6 6 6 13 13 13 17 17 18 24 24 24 27 27 27 35 35 35 15 15 15 11 11 11 5 5 5 5 5 5 1 1 1 5 5 5 2 2 2 2 
2 1 1 1 3 3 3 3 3 3 6 6 6 8 8 8 17 17 17 27 27 27 30 30 30 28 28 28 28 28 35 36 36 36 4 4 4 1 1 1 3 3 3 1 1 1 1 1 1 4 
1 4 4 4 4 4 4 5 5 5 5 5 5 7 7 7 17 17 17 23 23 23 28 28 28 21 21 21 20 20 20 4 4 4 1 1 1 3 3 3 1 1 1 2 2 2 1 1 1 -1 
3 3 3 3 5 5 5 4 4 4 5 5 5 10 10 10 16 16 16 25 25 25 28 28 28 20 20 20 3 3 3 1 1 1 3 3 3 2 2 2 -1 -1 -1 -1 -1 -1 0 0 0 2 
2 0 0 0 4 4 4 4 4 4 3 3 3 7 7 7 17 17 17 27 27 27 34 34 34 33 31 30 3 3 3 3 3 3 4 4 4 0 0 0 2 2 2 1 1 1 -1 -1 -1 3 
2 1 1 1 0 0 0 2 2 2 2 2 2 7 7 7 16 16 16 20 20 20 25 25 25 21 21 21 4 4 4 3 3 3 2 2 2 2 2 2 0 0 0 4 4 4 1 1 1 0 
2 1 1 1 4 4 4 2 2 2 2 2 2 5 5 5 11 11 11 20 20 20 21 21 21 21 21 21 7 7 7 8 8 8 3 3 3 1 1 1 1 1 1 0 0 0 1 1 1 0 
0 2 2 2 3 3 3 3 3 3 2 2 2 7 7 7 16 16 17 29 29 29 39 39 39 19 19 14 4 4 4 3 3 3 1 1 1 1 1 1 -1 -1 -1 0 0 0 4 4 4 1 
5 2 2 2 5 5 5 1 1 1 2 2 2 6 6 6 12 12 12 23 23 23 25 25 25 30 30 30 9 9 7 7 7 7 2 2 2 1 1 1 3 3 3 4 4 4 1 1 1 0 
0 2 2 2 3 3 3 3 3 3 3 3 3 6 6 6 17 17 17 23 23 23 26 26 26 22 22 22 5 5 5 2 2 2 5 5 5 2 2 2 3 3 3 2 2 2 1 1 1 0 
1 1 1 1 2 2 2 3 3 3 3 3 3 4 4 4 9 9 9 23 23 23 26 26 26 29 29 32 37 37 37 7 7 7 4 4 4 6 6 6 2 2 2 1 1 1 2 2 2 1 
-2 0 0 0 0 0 0 1 1 1 3 3 3 6 6 6 14 14 14 22 22 22 27 27 27 25 25 25 16 16 16 1 1 1 1 1 1 4 4 4 1 1 1 3 3 3 0 0 0 3 
1 5 5 5 1 1 1 4 4 4 2 2 2 7 7 7 12 12 12 23 23 23 20 20 20 12 12 12 4 4 4 2 2 2 3 3 3 2 2 2 2 2 2 2 2 2 3 3 3 0 
4 1 1 1 1 1 1 3 3 3 4 4 4 6 6 6 13 13 13 23 23 23 26 26 26 34 34 34 7 7 7 5 5 5 4 4 4 0 0 0 2 2 2 0 0 0 -1 -1 -1 2 
-1 3 3 3 1 1 1 5 5 5 6 6 6 4 4 4 11 11 11 25 25 25 27 27 27 30 30 30 28 28 26 4 4 4 -1 -1 -1 4 4 4 1 1 1 -1 -1 -1 1 1 1 1 
9 12 12 12 11 11 11 10 10 10 14 14 14 12 12 12 16 16 16 27 27 27 32 32 32 42 40 40 12 12 12 12 12 12 10 10 10 11 11 11 13 13 13 12 12 12 12 12 12 8 
10 12 12 12 13 13 13 9 9 9 13 13 13 13 13 13 16 16 16 20 20 20 27 27 27 25 25 25 29 29 29 14 14 14 12 12 12 11 11 11 11 11 11 9 9 9 12 12 12 11 
11 11 11 11 12 12 12 10 10 10 12 12 12 12 12 12 16 16 16 21 21 21 25 25 25 29 29 29 17 17 17 9 9 9 8 8 8 10 10 10 12 12 12 8 8 8 10 10 10 10 
9 12 12 12 12 12 12 14 14 14 14 14 14 15 15 15 17 17 17 21 21 21 24 24 24 21 21 21 12 12 12 10 10 10 10 10 10 10 10 10 10 10 10 8 8 8 11 11 11 12 
11 12 12 12 12 12 12 10 10 10 12 12 12 13 13 13 17 17 17 24 24 24 24 24 24 22 22 22 12 12 12 10 10 10 10 10 10 10 10 10 11 11 11 10 10 10 8 8 8 10 
10 10 10 10 9 9 9 11 11 11 15 15 15 12 12 12 17 17 17 24 24 24 29 29 29 32 32 32 13 13 13 10 10 10 11 11 11 14 14 14 10 10 10 11 11 11 11 11 11 10 
10 13 13 13 10 10 10 11 11 11 12 12 12 11 11 11 16 16 16 21 21 21 27 27 27 31 31 31 16 16 16 11 11 11 12 12 12 10 10 10 9 9 9 10 10 10 10 10 10 10 
12 9 9 9 11 11 11 12 12 12 13 13 13 16 16 16 17 17 17 27 27 27 32 32 32 33 33 34 35 35 35 12 12 12 11 11 11 10 10 10 12 12 12 10 10 10 9 9 9 11 
10 11 11 11 10 10 10 11 11 11 12 12 12 13 13 13 14 14 14 22 22 22 25 25 25 31 31 31 42 42 42 18 18 17 10 10 10 10 10 10 10 10 10 11 11 11 12 12 12 9 
12 13 13 13 10 10 10 12 12 12 14 14 14 15 15 15 16 16 18 26 26 26 29 29 29 40 40 40 17 17 17 10 10 10 11 11 11 11 11 11 9 9 9 8 8 8 10 10 10 11 
9 9 9 9 10 10 10 11 11 11 12 12 12 13 13 13 15 15 15 22 22 22 24 24 24 30 30 30 17 17 17 9 9 9 9 9 9 12 12 12 9 9 9 10 10 10 10 10 10 10 
9 10 10 10 11 11 11 12 12 12 11 11 11 13 13 13 17 17 17 21 21 21 24 24 24 28 28 28 29 29 29 12 12 12 11 11 11 11 11 11 13 13 13 12 12 12 11 11 11 10 
11 9 9 9 11 11 11 12 12 12 10 10 10 14 14 14 17 17 17 23 23 23 26 26 26 33 33 33 45 45 45 21 21 17 10 10 10 10 10 10 10 10 10 10 10 10 10 10 10 11 
12 11 11 11 10 10 10 13 13 13 13 13 13 12 12 12 15 15 15 25 25 25 30 30 30 41 41 41 37 31 24 11 11 11 10 10 10 9 9 9 9 9 9 11 11 11 12 12 12 10 
13 10 10 10 10 10 10 11 11 11 13 13 13 13 13 13 18 18 18 25 25 25 25 25 25 30 30 30 16 16 15 10 10 10 11 11 11 12 12 12 11 11 11 11 11 11 8 8 8 9 
9 9 11 11 11 11 11 11 11 11 11 13 13 13 15 15 15 19 19 23 36 36 36 42 42 64 64 64 64 79 266 266 44 19 19 19 19 19 9 9 9 9 9 9 9 9 9 12 12 12 
10 11 11 11 11 11 11 11 11 11 9 9 9 12 12 12 13 13 13 20 20 20 28 28 28 27 27 36 36 34 30 12 12 12 8 8 8 14 14 14 11 11 11 11 11 11 10 10 10 9 
11 9 9 9 12 12 12 10 10 10 11 11 11 12 12 12 14 14 14 20 20 20 22 22 22 24 24 24 29 29 29 31 31 31 34 34 34 18 18 18 10 10 10 9 9 9 10 10 10 9 
10 10 10 10 11 11 11 11 11 11 11 11 11 13 13 13 16 16 16 24 24 24 30 30 30 34 34 34 43 43 43 26 26 24 11 11 11 11 11 11 13 13 13 10 10 10 11 11 11 10 
10 9 9 9 9 9 9 9 9 9 11 11 11 14 14 14 14 14 14 24 24 24 30 30 30 30 30 30 14 14 14 14 14 14 13 13 13 13 13 13 9 9 9 10 10 10 10 10 10 9 
13 13 13 13 12 12 12 10 10 10 13 13 13 15 15 15 18 18 18 26 26 26 31 31 31 34 34 34 20 20 19 11 11 11 10 10 10 12 12 12 12 12 12 11 11 11 11 11 11 12 
11 12 12 12 12 12 12 11 11 11 12 12 12 13 13 13 18 18 18 25 25 25 30 30 30 30 30 30 13 13 13 15 15 15 13 13 13 13 13 13 14 14 14 9 9 9 9 9 9 13 
12 10 10 10 13 13 13 12 12 12 12 12 12 13 13 13 18 18 18 28 28 28 35 35 35 37 37 37 31 31 35 35 35 35 14 14 14 12 12 12 14 14 14 12 12 12 9 9 9 12 
10 12 12 12 12 12 12 11 11 11 13 13 13 12 12 12 16 16 16 21 21 21 25 25 25 25 25 25 18 18 18 12 12 12 9 9 9 13 13 13 9 9 9 13 13 13 9 9 9 11 
9 11 11 11 12 12 12 14 14 14 11 11 11 15 15 15 16 16 16 25 25 25 30 30 30 32 32 32 33 33 33 11 11 11 10 10 10 11 11 11 9 9 9 10 10 10 9 9 9 13 
12 11 11 11 13 13 13 11 11 11 12 12 12 13 13 13 16 16 16 21 21 21 24 24 24 28 28 28 16 16 16 10 10 10 9 9 9 10 10 10 13 13 13 10 10 10 13 13 13 10 
11 11 11 11 11 11 11 13 13 13 11 11 11 12 12 12 16 16 16 23 23 23 26 26 26 33 33 33 31 31 28 11 11 11 10 10 10 12 12 12 9 9 9 10 10 10 10 10 10 9 
