2 1 1 1 0 0 0 2 2 2 3 3 3 3 3 3 5 5 7 11 11 11 14 14 15 21 21 21 21 21 21 18 18 18 19 19 19 18 18 18 18 18 18 18 18 18 18 18 18 18 
1 1 1 1 0 0 0 2 2 2 2 2 2 5 5 5 7 7 7 10 10 10 10 10 10 12 12 12 15 15 15 16 16 16 18 18 18 18 18 18 21 21 21 19 19 19 16 16 16 15 
0 1 1 1 1 1 1 1 1 1 5 5 5 6 6 6 10 10 10 13 13 13 13 13 13 17 17 17 17 17 17 20 20 20 18 18 18 18 18 25 25 25 25 25 25 21 22 22 22 22 
-4 -6 -6 -6 -6 -6 -6 -5 -5 -5 -5 -5 -5 -2 -2 -2 0 0 0 2 2 2 2 2 2 1 1 1 0 0 0 2 3 3 3 3 3 6 6 6 6 6 6 5 5 5 5 5 5 5 
1 1 0 0 0 1 1 1 0 0 0 1 1 1 4 4 4 9 9 16 18 22 25 32 33 50 50 50 50 50 53 53 47 47 47 44 44 44 40 39 39 26 21 21 6 6 5 2 2 2 
1 0 0 0 0 0 0 1 1 1 2 2 2 4 4 4 7 7 8 14 14 14 16 16 17 24 24 24 24 24 24 24 33 33 35 35 35 34 34 34 36 36 36 36 36 36 36 36 36 35 
1 1 1 1 1 1 1 1 1 1 1 1 1 4 4 4 6 6 6 9 9 9 11 11 11 14 14 14 17 17 17 19 19 19 21 21 21 22 22 22 22 22 22 24 24 24 24 24 31 31 
-2 1 1 1 0 0 0 0 0 0 3 3 3 4 4 4 6 6 7 12 12 12 15 15 16 21 21 22 26 26 26 26 26 26 29 29 29 31 31 31 33 33 33 35 35 35 36 36 36 35 
0 0 0 0 0 0 0 2 2 2 2 2 2 1 1 1 4 4 4 10 10 10 14 14 18 23 26 29 29 29 29 29 41 42 44 44 44 48 48 48 53 53 62 64 73 83 87 89 89 76 
1 1 1 1 0 0 0 1 1 1 2 2 2 5 5 5 8 8 9 14 14 15 18 18 21 26 26 26 23 23 23 23 26 31 31 31 30 30 25 25 25 25 25 24 24 24 26 26 26 32 
0 1 1 1 1 1 1 0 0 0 2 2 2 4 4 4 8 8 10 16 17 17 21 21 25 30 33 33 33 33 38 43 44 46 50 50 50 53 53 56 63 63 63 60 60 60 54 54 54 45 
0 1 1 1 1 1 1 1 1 1 2 2 2 3 3 3 6 6 7 15 15 17 19 19 23 27 30 30 30 30 42 45 50 53 55 55 55 56 56 56 59 59 65 69 71 71 74 73 73 62 
-1 -1 -1 -1 -1 -1 -1 0 0 0 -1 -1 -1 2 2 2 4 4 9 14 14 18 23 23 34 34 34 34 34 53 68 72 83 83 82 82 81 79 79 79 76 76 78 82 82 84 88 88 91 91 
-1 -1 -1 -1 -1 -2 -2 -2 -2 -2 -2 0 0 0 2 2 4 6 6 11 15 15 16 21 21 31 31 31 31 31 42 42 39 39 39 34 34 34 33 33 33 37 37 39 44 44 45 45 40 40 
-1 -1 -2 -2 -2 -1 -1 -1 -1 -1 -1 0 0 0 1 1 4 9 9 12 17 17 19 24 24 31 31 31 31 31 38 38 37 37 37 33 33 33 31 31 31 32 32 32 34 34 34 30 30 29 
-2 -1 -1 -1 -2 -2 -2 -1 -1 -1 -1 -1 -1 0 0 0 3 3 6 10 10 13 17 17 26 26 26 26 26 45 48 49 49 49 44 44 42 34 34 34 33 33 33 32 32 34 36 36 36 36 
-2 -2 -1 -1 -1 -1 -1 -1 0 0 0 0 0 0 3 3 3 8 8 12 15 15 15 17 17 24 24 24 24 24 33 38 40 40 40 37 37 35 34 34 34 34 34 34 34 34 35 39 39 39 
-2 -2 -1 -1 -1 -2 -2 -2 -1 -1 -1 0 0 0 2 2 2 6 6 12 15 15 20 26 27 45 45 45 45 45 58 65 65 64 61 50 50 49 44 44 44 46 46 49 52 52 52 49 49 47 
-2 -2 -2 -2 -2 0 0 0 -1 -1 -1 0 0 0 2 2 3 7 7 10 12 12 14 15 15 17 21 21 22 25 25 25 25 25 28 32 32 32 33 33 33 34 34 34 33 33 34 36 36 36 
-2 0 0 0 0 0 0 0 0 0 -1 -1 0 2 2 3 6 6 10 14 14 14 16 16 16 18 18 21 21 21 21 21 30 42 42 42 42 36 36 36 33 33 34 35 35 37 39 39 39 40 
-2 -1 -1 -1 -1 -1 -1 -1 -1 -1 0 0 1 2 2 2 6 6 9 14 14 15 17 17 21 28 30 30 30 30 39 43 43 43 42 42 42 42 42 42 42 42 43 49 49 51 54 54 54 54 
-1 -1 -1 -1 -1 -1 -1 0 0 0 0 0 0 3 3 3 6 6 9 14 14 16 19 19 25 31 33 33 33 33 33 33 33 33 34 34 34 35 35 36 40 40 40 36 36 37 39 39 39 38 
-2 -2 -2 -2 0 0 0 -1 -1 -1 0 0 0 0 0 2 5 5 7 11 11 11 13 13 15 18 18 24 28 28 28 28 28 28 27 27 26 26 26 27 30 30 30 30 30 30 29 29 29 29 
-1 -1 -1 -1 0 0 0 -1 -1 -1 0 0 2 2 2 4 6 6 10 14 14 14 19 19 21 27 27 27 27 27 31 33 33 33 33 33 33 31 31 31 33 33 33 30 30 30 30 30 30 30 
-2 -2 -1 -1 -1 -1 -1 -1 0 0 0 0 0 0 3 3 5 10 10 11 15 15 15 17 17 21 26 26 26 26 26 26 26 48 51 51 50 49 37 37 36 38 38 39 42 42 42 39 39 39 
-1 -1 -1 -1 -1 -1 -1 0 0 0 0 0 0 2 2 4 7 7 11 14 14 15 18 18 23 23 23 23 23 32 45 45 45 45 35 35 35 32 32 32 35 35 36 38 38 38 35 35 35 38 
-2 0 0 0 -1 -1 -1 -1 -1 -1 -1 -1 -1 1 1 1 5 5 9 12 12 12 14 14 14 18 18 23 23 23 23 23 37 49 49 49 49 45 45 45 42 42 42 44 44 44 44 44 44 41 
-2 -1 -1 -1 -2 -2 -2 -1 -1 -1 1 1 1 2 2 2 4 4 8 12 12 13 16 16 19 25 25 25 25 25 25 25 34 34 33 33 33 28 28 28 30 30 30 32 32 32 32 32 32 30 
0 0 0 0 -1 -1 -1 0 0 0 2 2 2 2 2 4 7 7 10 15 15 17 20 20 23 23 23 23 23 36 50 50 50 50 50 53 53 51 51 51 51 51 51 46 46 46 46 46 46 45 
0 0 0 0 -2 -2 -2 -1 -1 -1 -1 -1 -1 0 0 1 4 4 5 10 10 11 14 14 17 20 20 26 26 26 26 26 42 59 61 74 75 75 68 66 50 50 48 45 45 47 47 47 47 43 
0 0 -1 -1 -1 -1 -1 -1 -1 -1 -1 0 0 0 1 1 2 7 7 13 17 17 20 25 26 39 39 39 39 39 44 49 56 56 56 56 56 54 48 48 47 50 50 50 50 50 50 51 51 51 
-2 -2 -1 -1 -1 0 0 0 -1 -1 -1 0 0 0 1 1 3 6 6 11 15 15 17 20 20 27 27 27 27 27 33 43 43 43 43 40 40 41 41 41 40 37 37 36 37 37 37 35 35 35 
-2 -1 -1 -1 -1 -1 -1 -1 -1 -1 -1 -1 -1 1 1 1 5 5 5 10 10 10 14 14 16 20 20 22 25 25 25 25 25 25 25 25 25 25 25 25 26 26 26 28 28 28 28 28 28 30 
-1 0 0 0 -1 -1 -1 -1 -1 -1 -1 -1 -1 0 0 0 2 2 6 10 10 13 15 15 19 24 24 24 27 27 27 27 27 40 44 50 61 64 66 66 60 60 57 47 47 47 47 47 47 47 
-1 -1 0 0 0 -1 -1 -1 -1 -1 -1 1 1 1 3 3 4 8 8 11 14 14 18 23 23 39 39 39 39 39 45 46 46 46 43 33 33 33 30 30 30 32 32 32 31 31 31 29 29 29 
-2 -2 -2 -2 -2 -1 -1 -1 -1 -1 -1 1 1 1 3 3 3 5 5 10 12 12 14 20 20 28 28 28 28 28 42 42 43 43 43 37 37 36 37 37 37 38 38 38 35 35 34 31 31 30 
-1 -1 -1 -1 -1 0 0 0 0 0 0 1 1 1 4 4 5 8 8 11 15 15 15 20 20 33 34 34 34 34 52 60 60 57 54 44 44 40 37 37 39 41 41 41 38 38 38 37 37 37 
0 -1 -1 -1 0 0 0 -1 -1 -1 0 0 0 2 2 3 7 7 11 15 15 17 21 21 22 23 23 23 24 24 24 24 24 24 24 24 23 23 23 23 21 21 21 24 24 24 22 22 22 24 
-1 0 0 0 -2 -2 -2 -1 -1 -1 0 0 0 2 2 5 7 7 8 12 12 13 15 15 17 22 23 29 29 29 29 29 35 35 35 35 35 32 32 33 35 35 35 32 32 31 30 30 31 31 
-1 -1 0 0 0 -1 -1 -1 0 0 0 0 0 1 2 2 6 9 9 17 21 21 23 27 27 36 36 36 36 34 34 34 34 34 35 37 37 37 35 35 35 33 33 33 33 33 33 33 33 33 
-1 -1 -1 -1 -1 -1 -1 0 0 0 0 0 0 0 0 0 3 3 5 9 9 10 13 13 14 19 19 21 24 24 24 24 24 33 33 33 33 33 41 43 44 44 44 38 38 38 37 37 37 38 
-1 0 0 0 0 0 0 0 0 0 0 0 0 1 1 1 6 6 7 12 12 13 16 16 20 24 25 25 28 28 28 28 34 34 35 35 35 37 37 37 38 38 38 36 36 35 35 35 35 33 
-1 0 0 0 0 0 0 0 0 0 0 0 0 2 2 2 4 4 8 12 12 13 16 16 19 25 25 25 25 25 36 41 42 42 45 45 45 40 40 39 38 38 38 41 41 41 41 41 41 37 
-1 -1 -1 -1 -1 -1 -1 -1 0 0 0 1 1 1 2 2 3 7 7 12 14 14 17 21 21 33 33 33 33 33 43 52 52 54 54 56 56 56 52 52 52 51 51 51 50 50 50 45 45 45 
0 0 0 0 1 1 1 0 0 0 1 1 1 1 1 2 5 5 11 14 18 20 25 25 26 26 26 26 26 28 28 32 32 42 45 48 48 45 45 43 35 35 35 35 35 38 38 38 38 37 
1 1 -1 -1 -1 1 1 1 0 0 0 1 1 1 2 2 3 6 6 11 15 15 15 18 18 22 26 26 26 26 26 29 32 32 32 33 33 33 34 34 34 34 34 34 35 35 37 37 37 36 
1 1 1 1 0 0 0 0 0 0 1 1 1 3 3 3 5 5 6 11 11 12 15 15 21 23 32 32 32 32 55 56 59 59 53 53 52 52 52 52 55 55 55 49 49 49 47 47 47 46 
0 0 0 0 0 0 0 1 1 1 0 0 1 1 1 2 4 4 7 10 10 12 14 14 18 21 23 33 33 33 33 33 50 57 57 57 56 49 49 49 48 48 48 51 51 51 50 50 50 47 
0 0 0 0 0 0 0 1 1 1 1 1 1 2 2 2 4 4 6 11 11 13 16 16 25 25 34 34 34 34 61 63 80 86 86 85 84 72 72 70 63 63 70 70 68 68 68 64 64 64 
5 6 6 6 5 5 5 6 6 6 6 6 6 6 6 6 7 7 7 7 7 7 8 8 8 9 9 9 10 12 12 14 18 22 26 35 35 35 35 47 50 53 53 44 44 43 45 45 45 47 
0 0 0 0 0 1 1 1 1 1 1 2 2 2 3 3 5 8 9 12 15 17 20 23 25 33 33 33 33 33 44 45 48 48 48 54 54 54 55 55 55 51 51 51 48 46 46 40 40 40 
0 1 1 1 1 1 1 2 2 2 2 2 2 3 3 3 7 7 8 12 12 12 17 17 18 23 25 27 27 27 27 27 34 38 38 38 38 38 41 41 44 44 44 44 44 44 42 42 42 43 
1 1 1 0 0 0 2 2 2 2 2 2 3 3 3 7 7 7 12 12 13 16 18 18 23 25 29 29 29 29 29 35 35 38 39 41 43 44 44 44 44 44 42 42 42 41 41 41 41 41 
0 0 1 1 1 0 0 0 1 1 1 2 2 2 4 4 4 8 8 11 14 15 16 21 23 30 30 30 30 30 36 36 33 33 34 37 39 42 46 48 48 45 45 45 40 40 40 44 44 44 
0 0 0 1 1 1 0 0 0 0 0 0 3 3 3 5 5 6 9 12 14 19 19 23 25 31 40 40 40 40 40 41 41 42 42 42 45 48 48 52 52 52 53 53 53 51 51 51 48 48 
1 1 2 2 2 0 0 0 2 2 2 2 2 2 2 2 3 8 8 9 14 15 17 22 23 32 32 32 32 32 32 50 52 54 54 56 56 56 60 62 62 66 70 70 68 68 68 65 65 64 
0 0 0 1 1 1 1 1 1 1 1 1 2 2 2 6 7 8 11 14 21 22 27 34 36 51 51 51 51 76 76 72 70 59 59 59 62 62 62 67 67 67 65 65 65 62 62 62 59 59 
1 1 1 2 2 2 1 1 1 0 0 0 2 2 2 6 6 8 11 16 20 24 26 31 33 39 39 39 39 58 61 73 73 77 77 77 77 77 77 77 77 78 82 82 82 76 76 76 74 74 
0 0 1 1 1 0 0 0 0 0 0 2 2 2 4 4 4 7 8 10 14 17 17 21 24 30 30 30 30 30 42 44 46 48 48 52 54 54 59 59 59 56 56 56 53 53 54 56 56 56 
0 0 0 0 0 0 1 1 1 2 2 2 3 3 3 6 6 6 10 14 15 20 20 24 26 33 41 41 41 41 38 38 38 35 35 35 37 37 37 39 39 39 38 38 38 39 39 39 38 38 
12 12 12 9 2 2 2 2 2 2 0 0 0 1 1 1 0 0 0 0 0 0 0 0 0 0 0 0 1 1 1 0 0 0 1 1 1 1 1 1 0 0 0 0 0 0 1 1 1 1 
-1 0 0 0 1 1 1 0 0 0 1 1 1 3 3 3 6 6 10 15 15 17 23 23 28 28 28 28 28 39 58 58 58 58 46 46 53 60 60 66 73 73 73 69 69 69 67 67 67 69 
1 1 1 1 1 0 0 0 3 3 3 2 2 2 5 5 5 8 9 12 14 18 19 23 27 41 41 41 41 41 66 72 72 67 62 48 48 47 50 50 55 59 67 72 74 76 76 63 63 61 
1 1 1 1 1 2 2 2 2 2 2 3 3 3 4 4 4 10 10 15 20 20 22 31 31 58 58 58 58 58 58 40 34 34 35 39 39 44 51 51 57 60 60 60 54 54 54 51 51 51 
1 1 1 1 2 2 2 4 4 4 3 3 3 4 4 4 6 6 7 13 13 13 16 16 16 23 23 26 32 32 32 32 32 32 32 41 41 45 45 45 43 43 43 45 45 45 47 47 47 47 
0 1 1 1 1 1 1 2 2 2 3 3 3 3 3 3 6 6 7 14 14 15 23 23 28 28 28 28 28 44 47 50 50 50 50 50 51 55 55 55 58 58 58 56 56 56 51 51 51 54 
2 2 0 0 0 1 1 1 2 2 2 2 2 2 3 3 3 7 7 9 15 15 15 22 22 26 33 33 33 33 33 39 39 39 39 39 52 55 57 57 57 55 55 55 52 52 52 55 55 55 
2 2 2 2 2 2 2 2 2 2 3 3 3 4 4 4 7 7 8 13 13 14 19 19 22 29 29 29 30 30 30 30 30 30 30 44 44 48 48 50 54 54 54 57 57 57 58 58 58 62 
-1 -2 -2 -2 -1 -1 -1 1 1 1 -1 -1 -1 1 1 1 3 3 4 9 9 13 19 19 24 35 35 74 74 74 74 119 212 215 215 158 135 90 90 84 70 70 70 76 76 76 68 61 61 24 
-1 -2 -2 -2 -1 -1 -1 1 1 1 1 1 1 2 2 2 7 7 8 15 15 16 21 21 30 30 30 30 30 44 44 37 37 33 29 29 29 32 32 37 45 45 45 48 48 48 43 43 43 42 
-1 -1 -1 -1 -1 1 1 1 -1 -1 -1 2 2 2 3 3 3 8 8 12 18 18 19 27 27 53 53 53 53 53 53 47 51 51 51 45 45 45 43 43 43 41 41 41 42 42 42 45 45 45 
-1 0 0 0 0 0 0 0 0 0 0 0 0 1 1 1 4 4 4 10 10 11 13 13 15 22 22 33 33 33 33 33 48 50 50 50 50 43 43 43 42 42 43 48 48 48 47 47 47 45 
1 1 -1 -1 -1 0 0 0 0 0 0 0 0 0 3 3 3 6 6 8 13 13 13 17 17 20 30 30 30 30 30 42 42 42 42 42 54 54 52 52 52 48 48 48 50 50 50 53 53 53 
0 -1 -1 -1 0 0 0 0 0 0 0 0 0 2 2 2 4 4 5 10 10 11 17 17 20 29 29 29 29 29 35 38 38 38 34 34 34 37 37 38 43 43 43 42 42 42 40 40 40 40 
-1 -1 0 0 0 0 0 0 0 0 0 2 2 2 3 3 5 10 10 15 21 21 21 28 28 52 52 52 52 42 42 42 45 45 45 45 45 45 45 45 45 45 45 45 46 46 46 46 46 46 
-1 -1 1 1 1 -1 -1 -1 0 0 0 2 2 2 4 4 5 11 11 14 17 17 19 24 24 27 27 27 27 27 35 36 40 40 40 42 42 42 42 42 42 44 44 44 44 44 44 44 44 44 
0 0 0 0 0 0 0 1 1 1 1 1 1 3 3 3 7 7 7 14 14 16 19 19 27 38 38 38 38 38 48 56 56 56 48 48 48 46 46 46 47 47 47 49 49 49 43 43 43 45 
0 -1 -1 -1 -1 -1 -1 0 0 0 2 2 2 2 2 2 4 4 4 9 9 9 12 12 13 17 17 20 26 26 26 24 24 24 24 31 31 37 37 37 39 39 40 41 41 41 41 41 41 42 
1 1 0 0 0 -1 -1 -1 2 2 2 2 2 2 3 3 3 9 9 15 20 20 22 28 28 38 38 38 38 38 53 54 59 59 68 76 76 79 82 82 82 82 82 82 77 77 76 76 76 76 
0 0 0 0 0 0 0 2 2 2 1 1 1 3 3 3 7 7 7 11 11 11 16 16 17 26 26 36 36 36 36 36 50 50 54 54 54 55 55 55 54 54 54 53 53 53 54 54 54 52 
1 0 0 0 2 2 2 0 0 0 3 3 3 4 4 4 9 9 13 18 18 19 26 26 34 34 34 34 34 46 46 46 46 46 42 42 42 45 45 45 50 50 50 51 51 51 50 50 50 52 
0 1 1 1 1 1 1 2 2 2 2 2 2 3 3 3 5 5 7 14 14 17 22 22 31 31 31 31 31 44 44 47 47 47 44 44 44 47 47 47 50 50 50 49 49 49 48 48 48 47 
2 2 1 1 1 2 2 2 1 1 1 2 2 2 5 5 5 9 9 13 17 17 17 22 22 24 30 30 30 30 30 36 42 42 48 55 55 55 61 61 61 62 62 62 57 57 57 54 54 54 
1 1 0 0 0 -1 -1 -1 0 0 0 2 2 2 5 5 5 10 10 10 15 15 15 20 20 27 27 27 27 27 45 72 72 72 72 68 68 68 67 67 67 59 59 59 57 57 57 62 62 62 
0 0 0 0 0 1 1 1 1 1 1 1 1 1 3 3 3 8 8 9 16 16 16 22 22 27 27 27 27 27 42 42 44 44 44 47 47 47 47 47 47 49 49 49 47 47 47 47 47 47 
2 1 1 1 1 1 1 1 1 1 2 2 2 3 3 4 7 7 8 14 14 14 19 19 22 29 29 29 29 29 40 45 45 45 47 47 47 49 49 49 54 54 54 54 54 54 51 51 51 51 
1 1 1 1 1 1 1 1 1 1 1 1 1 1 1 1 5 5 5 12 12 12 16 16 21 32 32 32 32 32 42 50 50 50 50 50 50 53 53 53 55 55 55 59 59 59 59 59 59 55 
1 0 0 0 2 2 2 1 1 1 3 3 3 5 5 5 8 8 10 16 16 16 20 20 22 30 30 30 30 30 35 35 35 35 35 39 39 42 42 42 40 40 40 41 41 41 42 42 42 39 
0 0 0 0 1 1 1 1 1 1 1 1 1 2 2 2 5 5 5 9 9 10 14 14 14 20 20 25 25 25 53 53 53 53 53 53 44 48 48 48 51 51 53 58 58 58 61 61 61 55 
2 2 0 0 0 1 1 1 1 1 1 3 3 3 5 5 6 9 9 15 20 20 22 29 29 56 56 56 56 56 56 47 49 49 51 58 58 59 61 61 61 60 60 60 57 57 57 56 56 56 
1 0 0 0 1 1 1 1 1 1 1 1 1 3 3 3 6 6 6 13 13 14 18 18 21 32 32 32 32 32 41 46 46 46 47 47 47 49 49 51 57 57 58 63 63 63 68 68 68 66 
0 0 0 0 0 1 1 1 1 1 1 2 2 2 4 4 6 10 10 10 15 15 15 20 20 20 27 27 27 27 27 27 27 32 33 37 37 37 41 41 41 44 44 44 43 43 43 45 45 45 
1 0 0 0 1 1 1 1 1 1 1 1 1 2 2 2 4 4 4 10 10 10 14 14 14 19 19 31 31 31 31 31 52 65 70 70 70 63 63 63 64 64 64 70 70 70 71 71 71 67 
1 1 1 1 1 0 0 0 1 1 1 1 1 1 4 4 4 7 7 12 16 16 16 23 23 23 28 28 28 34 34 34 34 34 41 48 48 52 59 59 61 65 65 69 72 72 73 76 76 76 
1 1 1 1 0 0 0 0 0 0 1 1 1 4 4 4 6 6 7 14 14 14 19 19 24 33 33 33 33 33 49 58 58 65 71 71 71 75 75 75 68 68 68 68 68 68 64 64 63 61 
0 1 1 1 1 1 1 1 1 1 2 2 2 2 2 2 6 6 8 14 14 14 18 18 20 28 28 28 28 28 39 39 39 39 39 46 47 53 53 54 60 60 66 73 73 78 84 84 84 82 
2 2 1 1 1 1 1 1 2 2 2 3 3 3 4 4 4 10 10 11 17 17 17 23 23 26 35 35 35 35 35 47 54 54 56 56 56 56 51 51 51 51 51 51 52 52 52 51 51 51 
0 0 0 0 2 2 2 1 1 1 2 2 2 3 3 3 5 5 7 13 13 13 19 19 24 32 32 32 32 32 40 47 47 47 47 47 47 46 46 48 53 53 53 55 55 55 56 56 56 57 
1 1 1 1 1 1 1 1 1 1 0 0 0 2 2 3 6 6 8 13 13 13 19 19 21 31 31 31 34 34 34 34 34 48 52 52 53 60 60 60 65 65 69 74 74 74 74 74 74 67 
1 0 0 0 0 0 0 0 0 0 1 1 1 2 2 2 6 6 6 14 14 14 21 21 24 32 32 32 32 32 32 32 40 44 51 51 51 57 57 60 61 61 61 59 59 59 62 62 62 60 
1 0 0 0 0 0 0 1 0 0 0 0 0 1 1 1 5 5 5 10 10 10 8 8 8 4 4 4 0 0 0 -1 -1 -1 -1 -1 -1 0 0 0 0 0 0 -1 -1 -1 -1 -1 -1 -1 
0 0 0 0 0 0 0 0 0 0 1 1 1 1 1 1 3 3 3 8 8 8 14 14 14 17 17 17 10 10 10 6 6 6 3 3 3 1 1 1 1 1 1 -1 -1 -1 0 0 0 0 
0 0 1 1 1 1 1 1 1 1 1 1 1 1 3 3 3 5 5 7 12 12 12 15 15 18 20 20 20 11 11 11 6 6 6 2 2 2 1 1 1 0 0 0 0 0 0 1 1 1 
0 0 0 0 0 0 0 1 1 1 2 2 2 2 2 2 4 4 4 8 8 8 12 12 14 20 20 22 23 23 23 13 13 11 3 3 3 2 2 2 1 1 1 0 0 0 0 0 0 0 
0 0 0 0 0 0 0 1 1 1 1 1 1 2 2 2 4 4 5 11 11 12 17 17 25 28 35 35 32 25 24 11 11 9 2 2 2 2 2 2 1 1 1 0 0 0 0 0 0 0 
1 0 0 0 0 0 0 0 0 0 1 1 1 1 1 1 3 3 4 9 9 9 12 12 16 21 22 22 14 14 14 8 8 8 3 3 3 2 2 2 1 1 1 0 0 0 0 0 0 0 
-1 0 0 0 0 0 0 0 0 0 0 0 0 2 2 2 5 5 6 13 14 14 19 19 22 24 24 24 12 12 10 4 4 4 1 1 1 0 0 0 0 0 0 0 0 0 1 1 1 0 
0 0 0 0 0 0 0 0 0 0 2 2 2 1 1 1 4 4 4 10 10 11 14 14 19 24 27 27 26 23 23 10 10 10 3 3 3 0 0 0 1 1 1 1 1 1 1 1 1 0 
0 0 1 1 1 0 0 0 1 1 1 2 2 2 2 2 2 7 7 7 12 12 12 17 17 17 18 18 18 9 9 9 3 3 3 1 1 1 0 0 0 0 0 0 0 0 0 0 0 0 
0 0 0 0 0 0 0 1 1 1 1 1 1 2 2 2 5 5 6 12 12 12 15 15 16 18 18 18 10 10 10 4 4 4 2 2 2 1 1 1 0 0 0 0 0 0 0 0 0 0 
0 0 0 0 0 0 0 0 0 0 0 0 0 1 1 1 3 3 3 8 8 8 11 11 13 14 14 14 9 9 9 4 4 4 2 2 2 1 1 1 0 0 0 1 1 1 0 0 0 0 
0 0 1 1 1 1 1 1 0 0 0 1 1 1 2 2 2 5 5 10 13 13 13 18 18 18 21 21 21 11 11 10 3 3 3 1 1 1 1 1 1 0 0 0 0 0 0 0 0 0 
1 1 0 0 0 0 0 0 1 1 1 1 1 1 2 2 2 6 6 10 12 12 14 18 18 18 14 14 14 6 6 6 6 6 6 2 2 2 0 0 0 0 0 0 0 0 0 0 0 0 
0 0 0 0 0 0 0 0 1 1 1 2 2 2 2 2 2 5 5 7 11 11 11 16 16 21 25 25 25 15 15 14 6 6 6 3 3 3 0 0 0 0 0 0 0 0 0 0 0 0 
0 0 0 0 0 0 0 1 1 1 0 0 0 1 1 1 3 3 3 9 9 9 12 12 12 16 16 16 10 10 10 4 4 4 2 2 2 0 0 0 0 0 0 0 0 0 -1 -1 -1 0 
0 1 1 1 0 0 0 0 0 0 0 0 0 1 1 1 5 5 6 13 13 13 14 14 14 8 8 8 8 8 8 3 3 3 2 2 2 0 0 0 1 1 1 1 1 1 0 0 0 0 
0 -1 -1 -1 0 0 0 1 1 1 1 1 1 2 2 2 4 4 4 11 11 11 12 12 12 13 13 13 6 6 6 3 3 3 2 2 2 0 0 0 0 0 0 0 0 0 0 0 0 1 
0 0 0 0 1 1 1 0 0 0 0 0 0 2 2 2 4 4 4 9 9 9 12 12 12 15 15 15 10 10 10 5 5 5 4 4 4 1 1 1 0 0 0 0 0 0 0 0 0 0 
1 0 0 0 0 0 0 1 1 1 1 1 1 3 3 3 5 5 8 12 12 12 14 14 14 12 12 12 5 5 5 3 3 3 1 1 1 0 0 0 -1 -1 -1 0 0 0 0 0 0 0 
-1 0 0 0 0 0 0 0 0 0 0 0 0 2 2 2 5 5 6 11 11 11 15 15 15 11 11 11 5 5 5 3 3 3 1 1 1 -1 -1 -1 -1 -1 -1 0 0 0 0 0 0 1 
0 0 0 0 0 0 0 0 1 1 1 1 1 1 3 3 3 7 7 9 15 15 15 15 15 15 11 11 11 6 6 6 3 3 3 1 1 1 0 0 0 1 1 1 0 0 0 1 1 1 
0 0 0 0 2 2 2 0 0 0 0 0 0 2 2 2 6 6 9 13 13 13 15 15 15 9 9 9 4 4 4 0 0 0 1 1 1 0 0 0 0 0 0 0 0 0 0 0 0 0 
1 -1 -1 -1 0 0 0 1 1 1 1 1 1 1 1 1 4 4 4 10 10 10 12 12 12 11 11 11 5 5 4 4 4 4 1 1 1 1 1 1 1 1 1 -1 -1 -1 1 1 1 0 
-1 1 1 1 -1 -1 -1 0 0 0 1 1 1 1 1 1 3 3 3 8 8 8 11 11 15 16 16 16 9 9 9 5 5 5 1 1 1 0 0 0 0 0 0 0 0 0 0 0 0 0 
0 0 0 0 0 0 0 1 1 1 1 1 1 4 4 4 6 6 8 13 13 13 11 11 11 7 7 7 4 4 4 1 1 1 0 0 0 0 0 0 0 0 0 0 0 0 0 0 0 0 
0 1 1 1 0 0 0 1 1 1 0 0 0 0 0 0 3 3 4 10 10 12 15 15 15 14 14 13 6 6 6 2 2 2 0 0 0 1 1 1 0 0 0 0 0 0 1 1 1 0 
0 0 0 0 0 0 0 0 0 0 0 1 1 1 2 2 2 5 5 7 11 11 11 16 16 16 8 8 8 6 6 6 1 1 1 0 0 0 0 0 0 0 0 0 0 0 0 0 0 0 
1 1 1 1 0 0 0 0 0 0 0 0 0 1 1 1 3 3 4 9 9 9 12 12 12 8 8 8 6 6 6 3 3 3 2 2 2 0 0 0 1 1 1 0 0 0 0 0 0 0 
0 0 0 0 0 0 0 0 1 1 1 1 1 1 2 2 2 5 5 9 12 12 12 13 13 13 5 5 5 2 2 2 1 1 1 0 0 0 0 0 0 1 1 1 0 0 0 0 0 0 
0 -1 -1 -1 0 0 0 1 1 1 1 1 1 2 2 2 6 6 10 15 15 15 11 11 10 5 5 5 2 2 2 0 0 0 1 1 1 0 0 0 0 0 0 0 0 0 0 0 0 1 
2 1 1 1 1 1 1 1 1 1 1 1 1 2 2 2 3 3 3 9 9 9 13 13 13 12 12 12 4 4 4 1 1 1 1 1 1 1 1 1 0 0 0 1 1 1 1 1 1 1 
1 1 1 1 0 0 0 1 1 1 2 2 2 2 2 2 5 5 8 12 15 15 19 19 19 13 13 12 3 3 3 1 1 1 1 1 1 1 1 1 1 1 1 0 0 0 1 1 1 2 
2 1 1 1 2 2 2 2 2 2 1 1 1 3 3 3 6 6 6 11 13 13 16 16 16 13 13 13 4 4 4 1 1 1 2 2 2 2 2 2 1 1 1 0 0 0 0 0 0 1 
1 1 1 1 1 1 1 0 0 0 1 1 1 2 2 2 4 4 4 9 10 10 12 12 12 18 18 18 10 10 10 6 6 6 2 2 2 0 0 0 1 1 1 1 1 1 2 2 2 1 
0 1 1 1 1 1 1 1 1 1 2 2 2 2 2 2 6 6 7 11 11 11 14 14 14 14 14 14 12 12 12 6 6 6 3 3 3 2 2 2 0 0 0 1 1 1 1 1 1 0 
1 1 1 1 2 2 2 1 1 1 1 1 1 3 3 3 4 4 5 12 12 12 16 16 16 11 11 11 7 7 7 3 3 3 1 1 1 2 2 2 2 2 2 2 2 2 1 1 1 0 
2 2 1 1 1 1 1 1 1 1 1 3 3 3 3 3 3 8 8 9 14 14 14 19 19 19 13 13 13 9 9 9 4 4 4 2 2 2 1 1 1 1 1 1 1 1 1 1 1 1 
1 0 0 0 1 1 1 1 1 1 1 1 1 2 2 2 3 3 5 11 11 11 14 14 14 10 10 10 6 6 6 3 3 3 1 1 1 1 1 1 1 1 1 1 1 1 0 0 0 2 
1 1 1 1 3 3 3 2 2 2 1 1 1 3 3 3 6 6 7 13 14 14 19 19 19 16 16 16 6 6 6 3 3 3 1 1 1 0 0 0 1 1 1 0 0 0 0 0 0 1 
1 2 2 2 2 2 2 1 1 1 2 2 2 2 2 2 5 5 8 14 15 15 19 19 19 19 19 18 7 7 7 4 4 4 1 1 1 1 1 1 2 2 2 1 1 1 1 1 1 1 
2 2 3 3 3 2 2 2 1 1 1 2 2 2 3 3 3 7 7 10 13 13 13 18 18 18 17 17 16 7 7 7 4 4 4 2 2 2 2 2 2 0 0 0 1 1 1 1 1 1 
0 0 1 1 1 0 0 0 2 2 2 1 1 1 4 4 4 7 7 10 15 15 16 19 19 19 13 13 13 4 4 4 3 3 3 1 1 1 0 0 0 1 1 1 1 1 1 0 0 0 
1 1 0 0 0 1 1 1 1 1 1 2 2 2 4 4 4 9 9 11 16 16 16 22 22 22 14 14 13 6 6 6 2 2 2 0 0 0 2 2 2 1 1 1 1 1 1 1 1 1 
1 1 1 1 0 0 0 2 2 2 2 2 2 2 2 2 5 5 7 13 15 15 17 17 17 10 10 10 7 7 7 4 4 4 1 1 1 0 0 0 2 2 2 1 1 1 1 1 1 2 
1 0 0 0 1 1 1 1 1 1 1 1 1 3 3 3 3 3 6 11 11 11 13 13 13 7 7 7 5 5 5 2 2 2 2 2 2 1 1 1 2 2 2 1 1 1 1 1 1 1 
1 0 0 0 0 0 0 1 1 1 0 0 0 1 1 1 3 3 5 9 9 9 10 10 10 5 5 5 1 1 1 1 1 1 -1 -1 -1 0 0 0 0 0 0 0 0 0 1 1 1 0 
0 0 2 2 2 0 0 0 1 1 1 2 2 2 3 3 3 7 7 10 14 14 14 18 18 18 15 15 13 6 6 6 1 1 1 1 1 1 0 0 0 0 0 0 -1 -1 -1 0 0 0 
0 0 1 1 1 0 0 0 1 1 1 2 2 2 3 3 3 6 6 7 13 13 13 16 16 18 22 22 22 16 16 16 8 8 7 4 4 4 2 2 2 1 1 1 0 0 0 0 0 0 
-1 -1 0 0 0 0 0 0 1 1 1 2 2 2 5 5 5 8 8 10 15 15 15 19 19 26 29 32 32 31 31 31 20 19 17 9 9 9 3 3 3 3 3 3 1 1 1 -1 -1 -1 
0 0 0 0 0 0 0 0 0 0 1 1 1 3 3 3 6 6 7 12 12 12 15 15 17 23 26 27 27 27 27 15 15 15 8 8 8 5 5 5 1 1 1 0 0 0 1 1 1 0 
0 0 0 0 0 -1 -1 -1 1 1 1 3 3 3 4 4 4 6 6 6 10 10 10 14 14 16 22 23 30 33 35 35 30 27 27 15 15 15 9 9 9 8 8 8 4 4 4 1 1 1 
0 0 0 0 0 0 0 0 0 0 1 1 1 2 2 2 4 4 4 9 9 9 12 12 14 19 19 21 23 23 23 15 15 15 9 9 9 3 3 3 1 1 1 1 1 1 1 1 1 0 
0 0 0 0 1 1 1 2 2 2 2 2 2 4 4 4 7 7 8 11 11 11 14 14 14 16 16 16 9 9 9 6 6 6 3 3 3 0 0 0 -1 -1 -1 -1 -1 -1 1 1 1 0 
0 0 0 0 0 0 0 1 1 1 1 1 1 2 2 2 3 3 3 8 8 8 13 13 16 21 22 22 17 17 16 6 6 6 4 4 4 1 1 1 1 1 1 0 0 0 0 0 0 -1 
-1 -1 0 0 0 0 0 0 1 1 1 2 2 2 2 2 2 6 6 8 12 12 12 16 16 21 25 25 25 13 13 12 5 5 5 2 2 2 1 1 1 1 1 1 -1 -1 -1 0 0 0 
1 0 0 0 1 1 1 0 0 0 1 1 1 1 1 1 2 2 4 9 9 9 14 14 15 21 21 21 13 13 13 6 6 6 1 1 1 0 0 0 -1 -1 -1 0 0 0 0 0 0 0 
1 0 0 0 0 0 0 0 0 0 -1 -1 -1 1 1 1 3 3 3 8 8 8 13 13 15 21 21 21 13 13 13 5 5 5 2 2 2 0 0 0 0 0 0 0 0 0 0 0 0 0 
0 -1 -1 -1 0 0 0 0 0 0 0 0 0 1 1 1 2 2 2 8 8 9 12 12 15 19 19 19 8 8 8 3 3 3 1 1 1 1 1 1 0 0 0 1 1 1 0 0 0 0 
0 0 0 0 0 0 0 0 0 0 0 3 3 3 2 2 2 5 5 8 13 13 13 18 18 18 20 20 20 9 9 9 3 3 3 0 0 0 1 1 1 0 0 0 0 0 0 0 0 0 
-1 0 0 0 0 0 0 1 1 1 1 1 1 2 2 2 4 4 5 9 9 9 11 11 11 12 12 12 8 8 8 5 5 5 4 4 4 1 1 1 1 1 1 0 0 0 0 0 0 0 
0 0 0 0 -1 -1 -1 0 0 0 0 0 0 2 2 2 4 4 4 11 11 11 11 11 11 15 15 15 10 10 10 5 5 5 3 3 3 1 1 1 0 0 0 0 0 0 0 0 0 0 
1 0 0 0 0 0 0 0 0 0 1 1 1 2 2 2 3 3 3 9 9 9 11 11 13 15 15 15 9 9 9 4 4 4 2 2 2 0 0 0 0 0 0 1 1 1 0 0 0 -1 
0 0 0 0 0 0 0 0 0 0 1 1 1 0 0 0 3 3 3 9 9 9 12 12 12 17 17 17 12 12 12 5 5 5 2 2 2 1 1 1 0 0 0 0 0 0 0 0 0 0 
-1 1 1 1 0 0 0 -1 -1 -1 0 0 0 1 1 1 3 3 3 9 9 9 11 11 11 13 13 13 6 6 6 4 4 4 2 2 2 0 0 0 0 0 0 0 0 0 1 1 1 0 
0 -1 -1 -1 0 0 0 1 1 1 1 1 1 1 1 1 3 3 4 9 9 9 11 11 11 7 7 7 4 4 4 2 2 2 0 0 0 0 0 0 0 0 0 0 0 0 1 1 1 0 
1 0 0 0 0 0 0 0 0 0 0 0 0 0 0 0 3 3 4 10 10 10 13 13 13 7 7 7 5 5 5 0 0 0 0 0 0 1 1 1 0 0 0 1 1 1 1 1 1 1 
0 1 1 1 0 0 0 0 0 0 1 1 1 4 4 4 8 8 11 15 15 15 12 12 12 5 5 5 2 2 2 2 2 2 1 1 1 0 0 0 0 0 0 0 0 0 -1 -1 -1 0 
1 0 0 0 0 0 0 0 0 0 0 0 0 0 0 0 3 3 4 9 9 9 11 11 11 6 6 6 4 4 4 1 1 1 1 1 1 1 1 1 0 0 0 0 0 0 0 0 0 0 
0 0 0 0 0 0 0 0 0 0 0 0 0 1 1 1 3 3 3 9 9 9 10 10 10 9 9 9 3 3 3 1 1 1 0 0 0 0 0 0 0 0 0 0 0 0 0 0 0 0 
0 1 1 1 1 1 1 1 1 1 -1 -1 -1 2 2 2 6 6 7 11 11 11 11 11 11 5 5 5 3 3 3 0 0 0 0 0 0 0 0 0 1 1 1 -1 -1 -1 0 0 0 0 
1 0 0 0 1 1 1 0 0 0 1 1 1 3 3 3 5 5 5 12 12 12 13 13 13 8 8 8 5 5 5 3 3 3 0 0 0 1 1 1 -1 -1 -1 1 1 1 0 0 0 -1 
-1 -2 -2 -2 1 1 1 0 0 0 1 1 1 1 1 1 5 5 5 11 11 12 15 15 15 14 14 14 4 4 4 1 1 1 1 1 1 1 1 1 1 1 1 0 0 0 -1 -1 -1 0 
-1 0 0 0 0 0 0 1 1 1 0 0 0 2 2 2 3 3 3 9 9 9 12 12 12 11 11 11 4 4 4 1 1 1 1 1 1 1 1 1 0 0 0 0 0 0 1 1 1 0 
1 1 0 0 0 1 1 1 1 1 1 0 0 0 2 2 2 6 6 8 11 11 11 13 13 13 7 7 7 5 5 5 2 2 2 0 0 0 0 0 0 0 0 0 1 1 1 0 0 0 
0 -1 -1 -1 1 1 1 0 0 0 0 0 0 1 1 1 3 3 4 10 10 10 14 14 15 20 20 20 13 13 12 6 6 6 2 2 2 1 1 1 0 0 0 1 1 1 0 0 0 0 
0 1 1 1 -1 -1 -1 0 0 0 0 0 0 2 2 2 6 6 6 10 10 10 14 14 16 20 20 20 10 10 10 8 8 8 1 1 1 1 1 1 0 0 0 0 0 0 0 0 0 1 
0 0 0 0 0 0 0 -1 -1 -1 1 1 1 1 1 1 3 3 5 11 11 11 15 15 15 12 12 11 6 6 6 1 1 1 0 0 0 1 1 1 1 1 1 1 1 1 0 0 0 0 
0 0 0 0 1 1 1 0 0 0 0 0 0 1 1 1 4 4 4 11 11 11 17 17 17 14 14 14 6 6 6 4 4 4 2 2 2 0 0 0 1 1 1 0 0 0 1 1 1 0 
1 -1 -1 -1 0 0 0 -1 -1 -1 0 0 0 1 1 1 4 4 4 9 9 9 12 12 13 16 16 16 10 10 9 7 7 7 4 4 4 0 0 0 0 0 0 0 0 0 1 1 1 0 
1 0 0 0 1 1 1 0 0 0 1 1 1 2 2 2 5 5 7 12 13 13 17 17 19 21 21 21 10 10 10 2 2 2 1 1 1 0 0 0 0 0 0 0 0 0 1 1 1 0 
0 0 0 0 0 0 0 0 1 1 1 2 2 2 3 3 3 8 8 10 15 15 15 18 18 18 8 8 8 3 3 3 1 1 1 0 0 0 -1 -1 -1 0 0 0 -1 -1 -1 0 0 0 
0 -1 -1 -1 0 0 0 1 1 1 1 1 1 2 2 2 4 4 6 11 11 11 15 15 15 14 14 14 6 6 6 2 2 2 2 2 2 0 0 0 1 1 1 0 0 0 0 0 0 -1 
0 0 0 0 0 1 1 1 0 0 0 0 0 0 1 1 1 4 4 10 13 17 19 25 28 28 26 21 20 8 8 8 3 3 3 2 2 2 0 0 0 1 1 1 0 0 0 -1 -1 -1 
0 0 0 0 0 0 0 0 0 0 0 1 1 1 3 3 3 8 8 13 17 17 17 19 19 19 8 8 8 4 4 4 3 3 3 0 0 0 1 1 1 1 1 1 1 1 1 0 0 0 
0 1 1 1 0 0 0 0 0 0 1 1 1 3 3 3 4 4 7 12 12 12 12 12 12 8 8 8 6 6 6 3 3 3 0 0 0 0 0 0 1 1 1 0 0 0 0 0 0 1 
0 0 0 0 1 1 1 0 0 0 2 2 2 3 3 3 5 5 5 12 12 12 15 15 17 22 23 23 21 21 20 9 9 9 3 3 3 1 1 1 1 1 1 -1 -1 -1 1 1 1 1 
0 0 0 0 1 1 1 0 0 0 0 0 0 4 4 4 6 6 7 10 10 11 14 14 15 21 21 21 20 20 20 12 12 12 6 6 6 3 3 3 1 1 1 0 0 0 0 0 0 1 
-1 1 1 1 0 0 0 0 0 0 1 1 1 3 3 3 5 5 5 8 8 8 12 12 12 15 15 15 20 20 20 17 17 17 8 8 8 5 5 5 1 1 1 1 1 1 0 0 0 0 
2 0 0 0 1 1 1 1 1 1 2 2 2 2 2 2 6 6 6 12 12 12 16 16 16 20 20 20 12 12 12 5 5 5 2 2 2 2 2 2 0 0 0 -1 -1 -1 0 0 0 0 
0 0 0 0 0 0 0 1 1 1 0 0 0 2 2 2 5 5 5 9 9 9 12 12 12 16 16 16 7 7 7 3 3 3 1 1 1 0 0 0 -1 -1 -1 0 0 0 1 1 1 0 
0 0 1 1 1 0 0 0 1 1 1 2 2 2 3 3 3 6 6 8 13 13 13 16 16 16 14 14 14 7 7 7 3 3 3 1 1 1 -1 -1 -1 0 0 0 0 0 0 0 0 0 
0 0 0 0 0 0 0 0 0 0 2 2 2 1 1 1 5 5 5 7 7 7 10 10 10 13 13 13 13 13 13 9 9 9 5 5 5 2 2 2 2 2 2 1 1 1 -1 -1 -1 0 
1 0 0 0 0 0 0 1 1 1 1 1 1 2 2 2 5 5 5 11 11 11 11 11 11 12 12 12 5 5 5 4 4 4 2 2 2 1 1 1 0 0 0 0 0 0 0 0 0 0 
-1 0 0 0 0 0 0 1 1 1 2 2 2 3 3 3 8 8 8 12 12 12 13 13 13 10 10 10 5 5 5 2 2 2 0 0 0 0 0 0 1 1 1 1 1 1 0 0 0 0 
1 1 1 1 0 0 0 0 0 0 1 1 1 4 4 4 7 7 9 13 13 13 12 12 12 10 10 10 5 5 5 1 1 1 0 0 0 0 0 0 0 0 0 0 0 0 1 1 1 0 
0 0 0 0 0 0 0 1 1 1 2 2 2 2 2 2 3 3 4 11 12 15 22 22 27 30 32 32 21 17 16 6 6 6 2 2 2 1 1 1 0 0 0 0 0 0 0 0 0 -1 
1 1 0 0 0 1 1 1 1 1 1 1 1 1 3 3 3 8 8 9 14 14 14 17 17 17 10 10 10 5 5 5 3 3 3 0 0 0 0 0 0 1 1 1 1 1 1 0 0 0 
0 0 0 0 -1 -1 -1 0 0 0 0 0 0 2 2 2 4 4 4 9 9 9 14 14 16 21 20 20 8 8 6 4 4 4 0 0 0 0 0 0 1 1 1 0 0 0 1 1 1 0 
0 1 1 1 0 0 0 1 1 1 1 1 1 2 2 2 5 5 5 9 9 10 13 13 15 21 21 21 19 19 19 8 8 8 6 6 6 2 2 2 0 0 0 1 1 1 0 0 0 -1 
1 0 0 0 0 0 0 0 0 0 1 1 1 3 3 3 5 5 5 9 9 9 11 11 15 19 19 19 9 9 7 3 3 3 1 1 1 0 0 0 0 0 0 0 0 0 0 0 0 0 
0 1 1 1 1 1 1 2 2 2 2 2 2 4 4 4 7 7 7 12 12 12 14 14 14 14 14 14 8 8 8 2 2 2 1 1 1 1 1 1 -1 -1 -1 0 0 0 1 1 1 -1 
3 1 1 1 1 1 1 2 2 2 2 2 2 5 5 5 7 7 7 10 10 10 12 12 12 11 11 11 3 3 3 2 2 2 1 1 1 1 1 1 1 1 1 1 1 1 1 1 1 0 
1 1 1 1 2 2 2 4 4 4 6 6 6 7 7 7 11 11 11 7 7 7 5 5 5 2 2 2 2 2 2 1 1 1 1 1 1 0 0 0 1 1 1 0 0 0 1 1 1 0 
1 2 2 2 3 3 3 2 2 2 4 4 4 5 5 5 9 9 9 14 14 14 13 13 13 8 8 8 3 3 3 2 2 2 3 3 3 1 1 1 1 1 1 2 2 2 1 1 1 1 
1 3 3 3 3 3 3 3 3 3 4 4 4 5 5 5 8 8 8 11 11 11 12 12 12 14 14 14 8 8 8 4 4 4 2 2 2 2 2 2 1 1 1 2 2 2 0 0 0 2 
1 2 2 2 2 2 2 4 4 4 3 3 3 6 6 6 8 8 8 12 12 12 9 9 9 5 5 5 1 1 1 1 1 1 1 1 1 1 1 1 2 2 2 1 1 1 2 2 2 1 
1 1 1 1 0 0 0 2 2 2 4 4 4 6 6 6 8 8 8 14 14 14 14 14 14 11 11 11 3 3 3 2 2 2 2 2 2 2 2 2 1 1 1 2 2 2 3 3 3 2 
3 2 2 2 3 3 3 4 4 4 4 4 4 7 7 7 10 10 10 16 16 16 18 18 18 12 12 11 5 5 5 3 3 3 3 3 3 2 2 2 1 1 1 2 2 2 1 1 1 1 
2 2 2 2 2 2 2 2 2 2 3 3 3 5 5 5 9 9 9 12 12 12 15 15 15 13 13 13 5 5 5 2 2 2 3 3 3 1 1 1 1 1 1 2 2 2 2 2 2 1 
2 2 2 2 1 1 1 3 3 3 3 3 3 5 5 5 9 9 10 14 14 14 14 14 14 8 8 7 4 4 4 1 1 1 2 2 2 2 2 2 2 2 2 2 2 2 2 2 2 0 
2 2 2 2 2 2 2 4 4 4 5 5 5 7 7 7 11 11 11 12 12 12 11 11 11 5 5 5 3 3 3 2 2 2 1 1 1 2 2 2 1 1 1 1 1 1 2 2 2 1 
2 2 2 2 3 3 3 4 4 4 3 3 3 4 4 4 8 8 8 12 12 12 15 15 15 15 15 15 5 5 5 2 2 2 3 3 3 2 2 2 3 3 3 1 1 1 2 2 2 1 
1 2 2 2 2 2 2 2 2 2 4 4 4 6 6 6 10 10 11 17 17 17 19 19 19 15 15 15 6 6 6 3 3 3 2 2 2 1 1 1 3 3 3 2 2 2 2 2 2 1 
3 2 2 2 2 2 2 3 3 3 3 3 3 4 4 4 8 8 8 13 13 13 15 15 15 18 18 18 8 8 8 4 4 4 2 2 2 2 2 2 1 1 1 1 1 1 2 2 2 2 
0 2 2 2 2 2 2 2 2 2 4 4 4 7 7 7 10 10 10 15 15 15 17 17 17 12 12 12 4 4 4 1 1 1 2 2 2 1 1 1 1 1 1 2 2 2 1 1 1 1 
1 2 2 2 2 2 2 4 4 4 3 3 3 3 3 3 6 6 6 10 10 10 13 13 13 16 16 16 15 15 15 6 6 6 4 4 4 3 3 3 2 2 2 2 2 2 1 1 1 1 
2 2 2 2 2 2 2 3 3 3 4 4 4 5 5 5 9 9 9 14 14 14 18 18 19 19 19 17 6 6 6 4 4 4 3 3 3 1 1 1 1 1 1 1 1 1 2 2 2 2 
1 2 2 2 2 2 2 3 3 3 4 4 4 7 7 7 10 10 10 18 18 18 18 18 18 11 11 10 5 5 5 3 3 3 1 1 1 2 2 2 2 2 2 2 2 2 2 2 2 1 
2 2 2 2 2 2 2 3 3 3 2 2 2 3 3 3 7 7 7 12 12 12 14 14 14 14 14 14 3 3 3 3 3 3 3 3 3 1 1 1 1 1 1 2 2 2 2 2 2 3 
2 2 2 2 3 3 3 3 3 3 4 4 4 5 5 6 10 10 10 16 16 16 14 14 14 4 4 4 3 3 3 2 2 2 1 1 1 2 2 2 0 0 0 1 1 1 3 3 3 1 
2 2 2 2 3 3 3 2 2 2 3 3 3 5 5 5 8 8 8 12 12 13 15 15 15 7 7 6 3 3 3 1 1 1 1 1 1 2 2 2 1 1 1 1 1 1 2 2 2 1 
1 1 1 1 1 1 1 3 3 3 3 3 3 3 3 3 6 6 6 9 9 9 12 12 12 17 17 17 15 15 15 5 5 5 4 4 4 4 4 4 1 1 1 2 2 2 1 1 1 2 
2 2 2 2 2 2 2 3 3 3 4 4 4 6 6 6 11 11 11 13 13 13 11 11 11 5 5 5 3 3 3 1 1 1 2 2 2 2 2 2 0 0 0 0 0 0 1 1 1 2 
2 2 2 2 4 4 4 3 3 3 4 4 4 5 5 5 8 8 8 14 14 14 18 18 18 20 20 20 9 9 7 4 4 4 2 2 2 1 1 1 3 3 3 2 2 2 1 1 1 1 
2 2 2 2 3 3 3 3 3 3 3 3 3 5 5 5 7 7 7 9 9 9 10 10 10 14 14 14 16 16 16 6 6 6 3 3 3 3 3 3 1 1 1 2 2 2 1 1 1 2 
2 1 1 1 2 2 2 4 4 4 4 4 4 5 5 5 6 6 6 12 12 12 12 12 13 17 17 17 14 14 14 4 4 4 3 3 3 1 1 1 2 2 2 2 2 2 0 0 0 2 
3 1 1 1 2 2 2 3 3 3 4 4 4 4 4 4 7 7 7 13 13 13 14 14 15 22 22 22 14 14 13 5 5 5 3 3 3 3 3 3 2 2 2 3 3 3 1 1 1 0 
2 1 1 1 2 2 2 3 3 3 4 4 4 3 3 3 6 6 7 11 11 11 12 12 14 19 19 19 12 12 12 5 5 5 2 2 2 2 2 2 2 2 2 2 2 2 2 2 2 1 
2 2 2 2 3 3 3 2 2 2 2 2 2 4 4 4 8 8 8 11 11 11 11 11 13 19 19 19 16 16 16 7 7 7 3 3 3 2 2 2 2 2 2 1 1 1 1 1 1 0 
2 3 3 3 3 3 3 4 4 4 6 6 6 8 8 8 11 11 11 13 13 13 10 10 10 5 5 5 4 4 4 2 2 2 2 2 2 2 2 2 1 1 1 2 2 2 1 1 1 1 
2 2 2 2 2 2 2 2 2 2 4 4 4 4 4 4 8 8 8 10 10 10 10 10 10 15 15 15 19 19 19 14 14 14 7 7 7 5 5 5 3 3 3 2 2 2 2 2 2 2 
1 3 3 3 3 3 3 2 2 2 3 3 3 5 5 5 8 8 8 14 14 14 18 18 25 28 29 29 14 13 11 4 4 4 2 2 2 2 2 2 3 3 3 2 2 2 1 1 1 1 
2 1 1 1 3 3 3 2 2 2 2 2 2 4 4 4 7 7 7 10 10 10 11 11 11 13 13 13 11 11 11 4 4 4 3 3 3 3 3 3 1 1 1 1 1 1 3 3 3 2 
1 1 1 1 2 2 2 2 2 2 3 3 3 3 3 3 6 6 6 11 11 11 11 11 11 15 15 15 15 15 15 7 7 7 4 4 4 2 2 2 2 2 2 3 3 3 3 3 3 1 
3 2 2 2 1 1 1 3 3 3 3 3 3 4 4 4 8 8 8 13 13 13 14 14 14 21 21 21 21 21 21 14 14 13 6 6 6 2 2 2 2 2 2 2 2 2 1 1 1 2 
1 2 2 2 1 1 1 3 3 3 3 3 3 2 2 2 4 4 4 9 9 9 11 11 11 15 15 19 19 19 19 6 6 5 4 4 4 2 2 2 1 1 1 2 2 2 2 2 2 2 
2 1 1 1 1 1 1 2 2 2 3 3 3 4 4 4 9 9 10 13 13 13 12 12 12 7 7 7 4 4 4 2 2 2 2 2 2 3 3 3 1 1 1 1 1 1 2 2 2 1 
2 2 2 2 1 1 1 3 3 3 4 4 4 5 5 5 9 9 10 14 14 14 17 17 17 11 11 11 3 3 3 2 2 2 2 2 2 2 2 2 1 1 1 2 2 2 1 1 1 1 
1 1 1 1 2 2 2 3 3 3 3 3 3 4 4 4 8 8 8 10 10 10 9 9 9 9 9 9 7 7 7 3 3 3 1 1 1 1 1 1 1 1 1 1 1 1 1 1 1 2 
1 2 2 2 1 1 1 2 2 2 3 3 3 5 5 5 9 9 10 13 13 13 10 10 10 3 3 3 2 2 2 3 3 3 2 2 2 3 3 3 1 1 1 1 1 1 1 1 1 1 
2 2 2 2 2 2 2 2 2 2 4 4 4 4 4 4 6 6 8 12 12 12 14 14 17 21 24 24 24 24 24 13 13 11 2 2 2 2 2 2 2 2 2 2 2 2 2 2 2 1 
1 1 1 1 2 2 2 2 2 2 3 3 3 4 4 4 6 6 7 12 12 12 14 14 14 19 19 24 28 31 31 21 17 16 5 5 5 3 3 3 2 2 2 2 2 2 1 1 1 3 
2 1 1 1 2 2 2 2 2 2 2 2 2 5 5 5 9 9 10 14 14 14 18 18 18 21 21 21 8 8 6 3 3 3 2 2 2 1 1 1 1 1 1 0 0 0 2 2 2 1 
3 3 3 3 1 1 1 2 2 2 2 2 2 4 4 4 8 8 8 11 11 11 12 12 12 17 17 17 11 11 11 3 3 3 2 2 2 2 2 2 2 2 2 1 1 1 2 2 2 2 
3 1 1 1 2 2 2 2 2 2 3 3 3 6 6 6 10 10 10 10 10 10 8 8 8 3 3 3 2 2 2 2 2 2 1 1 1 1 1 1 2 2 2 0 0 0 1 1 1 2 
2 2 2 2 2 2 2 2 2 2 3 3 3 3 3 3 8 8 8 14 14 14 18 18 23 27 34 34 29 29 29 29 11 11 3 3 3 2 2 2 3 3 3 1 1 1 3 3 3 -1 
1 1 1 1 2 2 2 3 3 3 3 3 3 5 5 5 10 10 10 16 16 18 20 20 20 18 14 13 4 4 4 2 2 2 2 2 2 2 2 2 1 1 1 2 2 2 2 2 2 1 
2 1 1 1 2 2 2 2 2 2 2 2 2 4 4 4 6 6 7 14 14 14 17 17 21 25 29 29 12 12 8 2 2 2 1 1 1 3 3 3 3 3 3 2 2 2 1 1 1 1 
2 2 2 2 1 1 1 3 3 3 3 3 3 5 5 5 8 8 9 13 13 13 14 14 14 10 10 10 4 4 4 1 1 1 1 1 1 0 0 0 1 1 1 2 2 2 2 2 2 3 
2 2 2 2 2 2 2 1 1 1 3 3 3 3 3 3 7 7 7 13 13 13 15 15 23 23 23 23 16 16 15 5 5 5 3 3 3 1 1 1 1 1 1 1 1 1 1 1 1 1 
2 1 1 1 2 2 2 2 2 2 4 4 4 6 6 6 10 10 10 13 13 13 14 14 14 10 10 10 4 4 4 2 2 2 2 2 2 1 1 1 1 1 1 1 1 1 1 1 1 0 
3 1 1 1 2 2 2 3 3 3 5 5 5 4 4 4 7 7 7 11 11 11 14 14 15 20 20 20 9 9 7 4 4 4 2 2 2 1 1 1 2 2 2 1 1 1 1 1 1 1 
2 3 3 3 2 2 2 1 1 1 2 2 2 3 3 3 7 7 7 11 11 11 12 12 14 20 20 20 13 13 11 4 4 4 2 2 2 1 1 1 1 1 1 1 1 1 1 1 1 1 
1 1 1 1 2 2 2 2 2 2 3 3 3 2 2 2 5 5 5 11 11 11 13 13 13 18 18 18 9 9 8 3 3 3 1 1 1 2 2 2 2 2 2 1 1 1 0 0 0 1 
1 2 2 2 3 3 3 1 1 1 2 2 2 3 3 3 8 8 8 13 13 15 20 20 27 29 36 36 36 36 27 10 10 8 3 3 3 3 3 3 2 2 2 1 1 1 1 1 1 2 
1 2 2 2 0 0 0 2 2 2 2 2 2 3 3 3 5 5 5 10 10 10 12 12 14 19 24 24 20 16 15 4 4 4 3 3 3 1 1 1 3 3 3 1 1 1 2 2 2 1 
1 1 1 1 1 1 1 2 2 2 3 3 3 2 2 2 7 7 7 11 11 11 13 13 14 18 18 18 9 9 8 3 3 3 3 3 3 2 2 2 2 2 2 3 3 3 2 2 2 1 
1 1 1 1 2 2 2 2 2 2 3 3 3 3 3 3 7 7 7 11 11 11 12 12 12 15 15 15 10 10 10 3 3 3 2 2 2 1 1 1 2 2 2 1 1 1 2 2 2 1 
1 2 2 2 1 1 1 -1 -1 -1 3 3 3 5 5 5 8 8 8 14 14 14 18 18 18 20 20 20 7 7 6 5 5 5 4 4 4 2 2 2 1 1 1 2 2 2 1 1 1 2 
1 2 2 2 2 2 2 1 1 1 4 4 4 4 4 4 7 7 7 14 14 14 14 14 17 23 25 25 25 25 25 17 16 15 4 4 4 2 2 2 2 2 2 0 0 0 1 1 1 2 
2 3 3 3 1 1 1 3 3 3 1 1 1 3 3 3 7 7 8 11 11 11 13 13 13 17 17 17 11 11 9 4 4 4 1 1 1 1 1 1 3 3 3 3 3 3 1 1 1 1 
2 2 2 2 1 1 1 3 3 3 3 3 3 5 5 5 9 9 9 15 15 15 17 17 17 10 10 9 3 3 3 2 2 2 1 1 1 1 1 1 1 1 1 0 0 0 2 2 2 1 
1 2 2 2 2 2 2 2 2 2 3 3 3 4 4 4 8 8 11 15 17 20 23 23 23 14 14 12 3 3 3 1 1 1 3 3 3 1 1 1 1 1 1 1 1 1 0 0 0 2 
2 1 1 1 2 2 2 2 2 2 -1 -1 -1 4 4 4 7 7 7 13 13 13 15 15 15 11 11 11 4 4 4 2 2 2 1 1 1 1 1 1 1 1 1 1 1 1 1 1 1 1 
1 1 1 1 3 3 3 2 2 2 2 2 2 3 3 3 6 6 6 11 11 11 12 12 12 13 13 13 5 5 5 3 3 3 2 2 2 2 2 2 1 1 1 1 1 1 1 1 1 1 
1 1 1 1 2 2 2 2 2 2 3 3 3 3 3 4 9 9 10 17 20 20 21 21 21 9 9 7 2 2 2 3 3 3 1 1 1 1 1 1 1 1 1 2 2 2 2 2 2 1 
2 2 2 2 1 1 1 2 2 2 3 3 3 3 3 3 5 5 6 12 12 12 15 15 15 15 15 15 5 5 5 3 3 3 2 2 2 2 2 2 2 2 2 2 2 2 1 1 1 1 
1 2 2 2 2 2 2 2 2 2 1 1 1 3 3 3 8 8 8 14 14 14 16 16 16 11 11 11 4 4 4 2 2 2 2 2 2 1 1 1 2 2 2 1 1 1 1 1 1 1 
1 2 2 2 2 2 2 1 1 1 2 2 2 3 3 3 4 4 6 11 11 11 13 13 16 21 24 24 19 19 16 4 4 4 2 2 2 3 3 3 1 1 1 1 1 1 2 2 2 1 
2 1 1 1 1 1 1 1 1 1 2 2 2 3 3 3 6 6 6 10 10 10 12 12 12 17 17 17 10 10 9 2 2 2 1 1 1 3 3 3 1 1 1 2 2 2 1 1 1 3 
1 2 2 2 1 1 1 3 3 3 3 3 3 5 5 5 7 7 7 12 12 12 9 9 9 4 4 4 3 3 3 1 1 1 2 2 2 1 1 1 2 2 2 2 2 2 1 1 1 1 
3 1 1 1 0 0 0 2 2 2 2 2 2 3 3 3 7 7 7 13 13 13 17 17 19 19 18 17 4 4 4 3 3 3 2 2 2 1 1 1 1 1 1 0 0 0 1 1 1 1 
2 2 2 2 2 2 2 1 1 1 3 3 3 3 3 3 5 5 6 11 11 11 12 12 15 21 22 22 17 12 11 3 3 3 3 3 3 2 2 2 1 1 1 1 1 1 1 1 1 1 
3 3 3 3 3 3 3 4 4 4 4 4 4 4 4 4 6 6 6 12 12 12 16 16 19 19 16 15 5 5 5 4 4 4 4 4 4 4 4 4 4 4 4 4 4 4 3 3 3 3 
3 4 4 4 5 5 5 3 3 3 4 4 4 5 5 5 6 6 6 7 7 7 10 10 10 12 12 12 13 13 13 4 4 4 4 4 4 3 3 3 3 3 3 2 2 2 4 4 4 3 
3 3 3 3 3 3 3 3 3 3 4 4 4 4 4 4 5 5 5 9 9 9 11 11 13 16 16 16 8 8 7 5 5 5 2 2 2 3 3 3 3 3 3 3 3 3 3 3 3 2 
3 3 3 3 3 3 3 4 4 4 4 4 4 4 4 4 6 6 6 10 10 10 10 10 10 8 8 8 4 4 4 3 3 3 4 4 4 3 3 3 2 2 2 3 3 3 4 4 4 3 
3 5 5 5 4 4 4 4 4 4 4 4 4 4 4 4 7 7 7 10 10 10 10 10 10 8 8 8 5 5 5 3 3 3 3 3 3 3 3 3 5 5 5 3 3 3 3 3 3 3 
3 4 4 4 3 3 3 3 3 3 4 4 4 4 4 4 6 6 6 10 10 10 13 13 13 14 14 14 4 4 4 4 4 4 4 4 4 4 4 4 4 4 4 4 4 4 3 3 3 3 
4 4 4 4 3 3 3 3 3 3 4 4 4 4 4 4 5 5 5 9 9 9 11 11 13 17 17 17 8 8 7 5 5 5 3 3 3 3 3 3 2 2 2 3 3 3 4 4 4 3 
4 3 3 3 3 3 3 4 4 4 5 5 5 5 5 5 7 7 7 11 11 11 12 12 13 20 23 23 16 15 14 5 5 5 3 3 3 3 3 3 3 3 3 3 3 3 3 3 3 3 
3 3 3 3 4 4 4 4 4 4 4 4 4 5 5 5 4 4 4 7 7 7 10 10 11 17 17 20 22 22 22 8 8 8 4 4 4 3 3 3 3 3 3 4 4 4 3 3 3 2 
3 4 4 4 3 3 3 4 4 4 4 4 4 4 4 4 6 6 6 12 12 12 15 15 17 18 18 18 8 8 8 5 5 5 3 3 3 4 4 4 3 3 3 3 3 3 3 3 3 3 
3 3 3 3 3 3 3 4 4 4 4 4 4 4 4 4 6 6 6 10 10 10 11 11 11 14 14 14 7 7 7 5 5 5 2 2 2 3 3 3 3 3 3 3 3 3 3 3 3 2 
3 3 3 3 3 3 3 4 4 4 4 4 4 5 5 5 6 6 6 8 8 8 11 11 11 18 18 18 12 12 12 6 6 6 3 3 3 3 3 3 3 3 3 3 3 3 4 4 4 3 
4 3 3 3 3 3 3 3 3 3 3 3 3 5 5 5 5 5 5 8 8 8 10 10 12 18 18 24 25 24 23 9 9 8 4 4 4 3 3 3 4 4 4 3 3 3 4 4 4 4 
3 3 3 3 2 2 2 3 3 3 4 4 4 4 4 4 5 5 5 10 10 10 13 13 18 22 30 30 14 12 9 3 3 3 3 3 3 3 3 3 3 3 3 4 4 4 3 3 3 3 
4 3 3 3 3 3 3 3 3 3 3 3 3 4 4 4 7 7 7 11 11 11 12 12 14 17 17 17 8 8 8 3 3 3 3 3 3 3 3 3 3 3 3 2 2 2 3 3 3 3 
3 3 4 4 4 4 4 4 4 4 4 5 5 5 5 5 5 7 7 9 14 14 14 21 21 37 37 37 37 110 110 68 18 10 10 10 10 10 4 4 4 2 2 2 3 3 3 4 4 4 
3 4 4 4 3 3 3 4 4 4 3 3 3 3 3 3 4 4 4 8 8 8 12 12 12 17 17 17 14 13 11 3 3 3 4 4 4 5 5 5 4 4 4 3 3 3 3 3 3 3 
3 3 3 3 4 4 4 3 3 3 3 3 3 5 5 5 5 5 5 7 7 7 7 7 7 10 10 10 15 15 16 21 21 21 15 15 14 7 7 7 3 3 3 3 3 3 3 3 3 4 
3 3 3 3 3 3 3 3 3 3 2 2 2 4 4 4 5 5 5 10 10 10 12 12 13 20 20 22 25 25 25 11 11 10 3 3 3 4 4 4 4 4 4 3 3 3 4 4 4 3 
3 3 3 3 3 3 3 3 3 3 4 4 4 5 5 5 5 5 5 10 10 10 13 13 13 13 13 13 6 6 6 5 5 5 3 3 3 4 4 4 3 3 3 3 3 3 3 3 3 2 
4 4 4 4 4 4 4 4 4 4 4 4 4 5 5 5 6 6 7 11 11 11 14 14 15 16 16 16 7 7 7 3 3 3 3 3 3 4 4 4 4 4 4 3 3 3 3 3 3 3 
3 3 3 3 4 4 4 4 4 4 4 4 4 5 5 5 6 6 7 12 12 12 15 15 15 13 13 13 5 5 5 5 5 5 4 4 4 4 4 4 4 4 4 3 3 3 3 3 3 4 
4 4 4 4 4 4 4 4 4 4 4 4 4 4 4 4 6 6 6 11 11 11 14 14 16 22 24 24 23 23 23 15 15 14 5 5 5 4 4 4 4 4 4 4 4 4 3 3 3 3 
3 3 3 3 4 4 4 4 4 4 3 3 3 4 4 4 6 6 6 8 8 8 10 10 10 13 13 13 7 7 7 4 4 4 3 3 3 4 4 4 3 3 3 3 3 3 3 3 3 3 
3 3 3 3 4 4 4 4 4 4 5 5 5 4 4 4 6 6 6 11 11 11 14 14 16 21 21 21 14 14 14 5 5 5 3 3 3 4 4 4 3 3 3 3 3 3 3 3 3 4 
4 4 4 4 3 3 3 3 3 3 4 4 4 4 4 4 5 5 5 9 9 9 10 10 11 13 13 13 6 6 6 4 4 4 3 3 3 3 3 3 4 4 4 3 3 3 4 4 4 4 
3 3 3 3 3 3 3 3 3 3 4 4 4 4 4 4 6 6 6 9 9 9 11 11 13 19 22 22 12 12 11 3 3 3 3 3 3 3 3 3 3 3 3 3 3 3 2 2 2 3 
