1 1 1 1 3 3 3 2 2 2 3 3 3 2 2 2 6 6 6 10 10 10 10 10 11 19 19 19 17 17 17 17 17 17 16 16 16 16 16 16 17 17 17 17 17 17 14 14 14 16 
0 3 3 3 1 1 1 2 2 2 1 1 1 4 4 4 7 7 7 10 10 10 10 10 10 14 14 14 13 13 13 14 14 14 17 17 17 18 18 18 17 17 17 15 15 15 16 16 16 14 
3 0 0 0 3 3 3 5 5 5 3 3 3 5 5 5 10 10 10 11 11 11 11 11 11 16 16 16 19 19 19 17 17 17 22 22 22 20 20 20 13 13 13 13 19 19 18 18 18 18 
10 5 5 5 3 3 3 3 3 3 6 6 8 18 18 18 19 19 19 22 22 22 23 23 23 20 20 20 19 19 19 22 25 25 24 24 24 28 28 28 30 30 30 28 28 28 26 26 26 28 
1 1 -1 -1 -1 -1 -1 -1 -1 -1 -1 0 0 0 2 2 2 10 10 12 12 12 12 12 29 33 38 38 40 44 44 44 38 38 38 38 38 38 34 34 34 22 22 19 4 4 4 2 2 2 
-2 0 0 0 0 0 0 -1 -1 -1 0 0 0 3 3 3 4 4 4 13 13 13 13 13 16 21 21 21 23 23 23 23 27 27 30 30 30 31 31 31 29 29 29 30 30 30 30 30 30 29 
0 0 0 0 0 0 0 1 1 1 0 0 0 1 1 1 4 4 4 7 7 7 4 4 4 4 11 11 14 14 14 15 15 15 17 17 17 18 18 18 18 18 18 21 21 21 20 20 20 16 
1 0 0 0 -2 -2 -2 1 1 1 0 0 0 2 2 2 7 7 7 9 9 9 9 9 9 18 18 18 22 22 22 22 22 22 22 22 22 24 24 24 26 26 26 28 28 28 27 27 27 26 
0 -1 -1 -1 1 1 1 0 0 0 0 0 0 2 2 2 4 4 4 7 7 7 7 7 14 19 19 23 29 29 29 30 30 30 41 41 41 37 37 37 42 42 51 57 61 65 72 72 72 65 
2 0 0 0 0 0 0 0 0 0 2 2 2 3 3 3 9 9 9 12 12 12 12 12 14 20 20 20 21 21 21 21 21 29 29 29 30 30 20 20 20 20 20 22 22 22 24 24 24 27 
-1 0 0 0 0 0 0 1 1 1 1 1 1 2 2 2 7 7 7 13 13 13 13 13 17 26 26 26 30 30 30 35 35 35 40 40 40 46 46 46 50 50 50 52 52 52 44 44 44 41 
1 0 0 0 1 1 1 0 0 0 0 0 0 3 3 3 5 5 5 9 9 9 9 9 16 27 27 27 30 30 33 40 41 43 47 47 47 47 47 47 50 50 50 61 61 61 60 60 60 53 
-2 -2 -2 -2 -1 -1 -1 -1 -1 -1 0 0 0 2 2 2 3 3 4 11 11 11 11 11 26 31 32 32 42 42 53 54 66 66 64 64 64 63 63 63 61 61 63 66 66 66 74 74 74 72 
-2 -2 -2 -2 -2 -2 -2 -2 -2 -2 -2 0 0 0 0 0 0 3 3 6 6 6 6 6 15 24 28 28 28 37 37 37 33 33 33 30 30 30 25 25 26 32 32 33 36 36 36 34 34 34 
-4 -4 -2 -2 -2 -1 -1 -1 -2 -2 -2 0 0 0 0 0 1 4 4 9 9 9 9 9 19 23 27 27 27 29 29 29 30 30 30 29 29 29 26 26 26 24 24 24 28 28 28 24 24 22 
-3 -1 -1 -1 -3 -3 -3 -3 -3 -3 -2 -2 -2 -3 -3 -2 3 3 3 7 7 7 7 7 21 23 27 31 37 38 38 39 39 39 35 35 34 27 27 27 26 26 26 29 29 29 30 30 30 29 
-3 -3 -2 -2 -2 0 0 0 -1 -1 -1 1 1 1 3 3 3 5 5 7 7 7 7 7 14 20 21 21 24 28 28 29 34 34 34 29 29 29 30 30 30 29 29 29 29 29 29 32 32 32 
-2 -2 -2 -2 -2 -3 -3 -3 -1 -1 -1 0 0 0 1 1 1 3 3 9 9 9 9 9 20 30 34 36 48 48 48 48 48 48 48 39 39 39 35 35 35 36 36 38 40 40 40 38 38 38 
-2 -2 -1 -1 -1 0 0 0 -3 -3 -3 0 0 0 3 3 3 5 5 5 4 4 4 4 13 14 18 18 18 22 22 22 21 21 23 26 26 26 29 29 29 29 29 29 29 29 29 34 34 34 
-2 -1 -1 -1 -1 -1 -1 0 0 0 0 0 0 -1 -1 3 6 6 6 13 13 13 13 13 14 15 15 18 18 18 18 18 30 32 36 36 36 37 37 37 33 33 33 36 36 36 42 42 42 40 
-3 -2 -2 -2 -2 -2 -2 -3 -3 -3 -2 -2 -2 2 2 2 5 5 5 9 9 9 9 9 18 22 23 23 28 28 29 32 32 34 37 37 37 35 35 35 37 37 37 40 40 42 47 47 47 48 
-1 -3 -3 -3 -2 -2 -2 0 0 0 -1 -1 -1 2 2 2 4 4 4 8 8 8 8 8 16 24 26 26 25 25 25 26 26 26 25 25 25 28 28 28 29 29 29 28 28 28 28 28 28 29 
-3 -3 -3 -3 0 0 0 -3 -3 -2 -2 -2 -2 0 0 0 3 3 4 6 6 6 6 6 10 16 16 19 24 24 24 24 24 24 21 21 21 21 21 22 27 27 27 26 26 26 25 25 25 25 
-2 -1 -1 -1 -1 -1 -1 -1 -1 -1 -1 -1 -1 2 2 3 4 4 6 14 14 14 14 14 15 22 22 22 26 26 26 30 30 30 26 26 26 25 25 26 27 27 27 26 26 25 25 25 25 23 
-3 -3 -2 -2 -2 -4 -4 -4 -3 -3 -3 -2 -2 -2 2 2 2 7 7 9 9 9 9 9 13 16 20 21 22 25 25 25 25 38 40 40 40 39 28 28 29 30 30 32 35 35 35 33 33 33 
-3 -3 -3 -3 -2 -2 -2 -1 -1 -1 1 1 1 0 0 2 5 5 7 13 13 13 13 13 17 17 17 17 17 30 30 32 32 32 33 33 33 30 30 30 30 30 32 36 36 36 32 32 32 34 
-3 1 1 1 -1 -1 -1 -3 -3 -3 -1 -1 -1 -1 -1 0 3 3 4 9 9 9 9 9 11 16 16 19 19 19 19 19 33 37 39 39 39 41 41 41 37 37 37 40 40 40 41 41 41 36 
-3 -1 -1 -1 -2 -2 -2 -2 -2 -2 0 0 0 1 1 1 3 3 6 10 10 10 10 10 17 20 20 31 31 31 28 32 32 32 30 30 30 24 24 23 26 26 26 31 31 31 29 29 29 27 
-1 -1 -1 -1 -2 -2 -2 -3 -3 -3 1 1 1 3 3 3 5 5 6 12 12 12 12 12 19 19 19 19 19 32 33 39 39 39 46 46 46 43 43 43 43 43 43 42 42 42 40 40 41 41 
-2 -1 -1 -1 0 0 0 -3 -3 -3 -1 -1 -1 0 0 0 2 2 3 7 7 7 8 8 8 8 15 22 26 26 26 32 32 49 52 63 63 61 60 58 40 40 40 39 39 39 39 39 39 36 
-1 -1 -2 -2 -2 -3 -3 -3 -2 -2 -2 -3 -3 -3 0 0 0 4 4 7 7 7 7 7 20 26 27 27 39 39 39 39 48 48 48 47 47 47 43 43 43 44 44 44 43 43 43 44 44 44 
-3 -3 -3 -3 -3 -3 -3 -3 -4 -4 -4 -2 -2 -2 0 0 0 6 6 8 8 8 8 8 16 19 19 19 19 19 28 28 31 31 31 33 33 33 34 34 34 31 31 31 30 30 30 31 31 31 
-3 -2 -2 -2 -3 -3 -3 -2 -2 -2 -2 -2 -1 1 1 1 3 3 6 8 8 8 8 8 12 16 16 17 21 21 21 20 20 20 20 22 22 21 21 21 22 22 23 24 24 24 24 24 24 22 
-1 -1 -1 -1 -2 -2 -2 -3 -3 -3 -2 -2 -2 0 0 0 1 1 2 7 7 7 7 7 14 20 20 20 23 23 24 24 24 30 36 39 46 53 55 55 48 48 48 39 39 38 42 42 42 41 
-3 -3 -2 -2 -2 -3 -3 -3 -1 -1 -1 -1 -1 -1 2 2 3 7 7 7 7 7 7 7 19 35 35 35 37 45 45 45 43 42 41 31 31 28 25 25 26 31 31 31 28 28 27 27 27 26 
-3 -3 -3 -3 -3 -3 -3 -3 -2 -2 -2 1 1 1 1 1 1 4 4 7 7 7 7 7 16 21 26 28 31 37 37 37 38 38 38 34 34 31 31 31 31 34 34 34 30 30 30 27 27 27 
-3 -3 -2 -2 -2 0 0 0 0 0 0 2 2 2 4 4 4 5 5 8 8 8 8 8 16 25 29 32 34 42 46 50 50 50 45 35 35 31 32 32 32 34 34 34 31 31 31 33 33 33 
-1 -2 -2 -2 0 0 0 -1 -1 -1 -2 -2 -2 0 0 0 7 7 7 11 11 11 11 11 15 18 18 19 21 21 21 19 19 19 19 19 19 20 20 20 19 19 19 19 19 19 20 20 20 19 
-3 -1 -1 -1 -1 -1 -1 -3 -3 -2 -1 -1 -1 2 2 2 4 4 7 10 10 10 10 10 12 18 18 21 24 24 24 28 28 28 28 28 26 27 27 27 31 31 31 26 26 26 24 24 24 25 
-3 -3 -1 -1 -1 -2 -2 -2 0 0 0 -1 -1 -1 0 0 0 7 7 14 14 14 14 14 28 29 32 32 32 33 33 33 35 35 35 38 38 38 37 37 37 34 34 34 33 33 33 33 33 33 
-2 -2 -2 -2 1 1 1 -1 -1 -1 -1 -1 -1 3 3 3 1 1 1 6 6 6 7 7 7 7 17 17 21 21 21 27 27 28 28 28 28 28 37 37 41 41 41 34 34 34 32 32 33 35 
0 -3 -3 -3 0 0 0 -2 -2 -2 0 0 0 0 0 1 4 4 4 11 11 11 11 11 15 20 20 23 27 27 27 29 29 29 31 31 31 33 33 33 32 32 32 32 32 32 31 31 29 28 
-1 -1 -1 -1 -2 -2 -2 1 1 1 1 1 1 1 1 1 3 3 3 11 11 11 11 11 15 22 22 24 27 27 31 38 38 38 42 42 42 38 38 38 35 35 35 40 40 40 38 38 37 37 
-1 -1 0 0 0 -2 -2 -2 0 0 0 2 2 2 2 2 2 4 4 7 7 7 7 7 17 27 31 36 36 42 42 48 55 56 56 57 57 57 53 53 53 51 51 51 47 47 47 45 45 45 
0 -2 -2 -2 2 2 2 -1 -1 -1 0 0 0 -1 -1 1 4 4 5 14 14 14 14 14 22 24 24 24 23 23 25 29 29 38 43 44 44 41 41 39 32 32 31 35 35 35 35 35 35 36 
-1 -1 -1 -1 -1 1 1 1 -1 -1 -1 -1 -1 -1 1 1 1 6 6 7 7 7 7 7 15 19 23 23 24 26 26 27 31 31 31 30 30 30 32 32 32 31 31 31 32 32 32 33 33 33 
-1 0 0 0 -1 -1 -1 0 0 0 1 1 1 3 3 3 3 3 4 8 8 8 8 8 17 23 30 33 40 40 51 57 59 59 56 56 54 53 53 54 58 58 58 49 49 49 47 47 47 44 
-2 -1 -1 -1 -1 -1 -1 1 1 1 -2 -2 -2 0 0 0 4 4 5 8 8 8 8 8 15 19 19 28 34 37 40 49 51 57 60 60 60 51 51 51 48 48 50 52 52 52 52 52 52 48 
-2 -2 -2 -2 -1 -1 -1 1 1 1 1 1 1 1 1 1 3 3 3 10 10 10 10 10 17 25 28 33 39 39 57 59 76 85 85 85 84 69 69 67 62 62 69 69 69 69 69 64 64 64 
7 7 7 7 9 9 9 7 7 7 7 7 7 8 8 8 7 7 7 10 10 10 2 2 2 2 10 10 13 14 14 15 17 18 24 33 33 39 43 43 46 49 49 45 45 45 46 46 46 47 
1 1 1 1 1 2 2 2 2 2 2 1 1 1 4 4 4 7 7 9 9 9 9 9 17 24 24 24 25 30 30 30 35 34 34 34 36 36 36 38 38 37 37 37 33 32 32 27 27 26 
0 1 1 1 2 2 2 2 2 2 2 2 2 2 2 3 5 5 6 8 9 9 9 9 14 15 18 19 19 19 19 19 24 24 26 26 26 27 27 30 32 32 32 33 30 30 28 28 28 33 
2 2 2 0 0 0 3 3 3 1 1 1 3 3 3 5 5 5 7 8 13 13 13 13 13 17 21 22 23 23 23 23 23 28 28 28 28 30 31 31 31 30 31 31 31 29 29 29 30 30 
0 0 0 0 0 0 0 0 0 0 0 3 4 4 3 3 3 6 6 7 7 7 7 7 17 22 22 23 23 27 26 26 25 25 25 26 26 30 34 34 34 32 32 32 29 29 31 33 33 33 
0 0 0 0 2 2 1 1 1 -1 -1 -1 2 4 4 5 5 5 9 10 13 13 13 13 14 23 24 27 27 30 30 31 31 30 30 30 34 34 34 37 37 37 38 38 38 37 37 37 35 35 
1 1 1 1 1 0 0 0 1 1 1 2 2 2 3 3 3 6 6 8 9 9 9 9 18 21 23 27 28 28 28 35 36 39 39 40 40 40 42 45 45 47 51 51 49 49 49 48 47 46 
1 3 3 3 3 3 0 0 0 1 1 1 2 2 2 5 5 7 8 11 18 18 18 18 24 35 41 42 44 50 50 49 49 42 41 41 41 44 44 46 46 46 45 45 45 41 41 41 42 39 
1 1 1 0 0 0 2 2 2 1 1 1 3 3 3 3 3 8 9 13 17 17 17 17 22 28 29 31 33 40 41 52 52 53 53 55 57 56 56 55 55 56 58 58 58 53 53 53 55 55 
0 0 0 0 0 0 0 0 0 0 0 1 1 1 3 3 3 5 7 8 8 8 8 8 16 21 23 26 28 31 31 31 33 34 35 37 39 39 40 41 41 40 40 40 40 40 40 40 40 40 
1 1 1 1 1 1 1 1 1 1 1 1 2 2 2 2 2 4 8 12 13 13 13 13 16 26 26 29 29 29 25 25 25 25 25 25 26 27 27 26 26 26 27 27 27 28 28 28 29 29 
10 4 4 4 0 0 0 0 1 1 -1 -1 0 1 1 1 -1 -1 -1 0 0 0 1 1 1 0 0 0 2 2 2 0 0 0 1 1 1 0 0 0 2 2 2 -1 -1 -1 1 1 1 0 
1 -1 -1 -1 0 0 0 0 0 0 0 0 0 0 0 0 5 5 5 11 11 11 11 11 20 26 26 26 29 29 40 40 40 40 34 34 38 48 48 56 60 60 60 60 60 60 54 54 54 56 
0 0 -1 -1 -1 -1 -1 -1 3 2 2 1 1 0 2 2 2 5 6 6 6 6 6 6 18 27 27 31 39 40 46 50 50 46 42 33 33 33 35 35 38 39 46 49 53 53 53 43 43 43 
-1 -1 -1 -1 -1 1 1 1 -1 -1 -1 1 1 1 3 3 3 8 8 8 7 7 7 7 20 22 25 25 39 39 37 28 23 23 23 26 26 28 35 35 39 40 40 40 39 39 36 34 34 34 
-1 1 1 1 1 1 1 2 2 2 3 3 3 3 3 3 3 3 3 7 7 7 7 7 9 16 16 17 21 21 22 25 25 25 25 29 29 31 31 31 30 30 30 32 32 32 31 31 31 33 
-1 -1 -1 -1 0 0 0 -1 -1 -1 3 3 3 3 3 3 3 3 5 11 11 11 11 11 21 24 24 24 29 29 32 34 34 34 36 36 37 41 41 41 43 43 43 39 39 39 35 35 35 37 
1 1 -1 -1 -1 -2 -2 -2 -1 -1 -1 1 1 1 1 1 2 3 3 5 5 5 5 5 13 15 19 19 19 19 19 26 28 28 29 35 35 35 39 39 39 38 38 38 34 34 34 34 34 35 
0 1 1 1 1 1 1 0 0 0 3 3 3 1 1 1 3 3 3 6 6 6 6 6 13 18 18 18 20 20 34 34 34 25 28 28 28 34 34 34 36 36 36 39 39 39 40 40 40 42 
-1 0 0 0 0 0 0 2 2 2 0 0 0 4 4 4 3 3 4 9 9 9 9 9 9 9 25 44 48 54 75 81 157 161 161 117 98 67 66 63 52 52 52 57 57 57 53 46 42 16 
1 1 1 1 1 1 1 2 2 2 2 2 2 4 4 4 6 6 7 12 12 12 12 12 24 29 29 31 36 36 36 28 28 27 22 22 22 24 24 32 34 34 34 37 37 37 35 35 35 32 
-1 -1 -1 -1 -1 1 1 1 1 1 1 4 4 4 3 3 4 7 7 10 10 10 10 10 21 24 28 28 42 42 42 34 36 36 36 33 33 33 32 32 32 30 30 30 30 30 30 32 32 32 
2 3 3 3 1 1 1 1 1 1 1 1 1 2 2 2 5 5 5 9 9 9 7 7 7 7 17 25 30 30 30 35 35 37 40 40 40 34 34 34 33 33 33 36 36 36 35 35 35 33 
2 2 -1 -1 -1 3 3 3 2 2 2 1 1 1 3 3 3 5 5 8 8 8 8 8 14 15 23 23 24 28 28 31 31 31 31 31 42 42 41 41 41 40 40 40 38 38 39 41 41 41 
1 0 0 0 1 1 1 2 2 2 3 3 3 1 1 1 6 6 6 7 7 7 7 7 15 22 22 23 26 26 26 30 30 30 28 28 28 29 29 30 34 34 34 34 34 34 31 31 31 30 
0 0 3 3 3 -1 -1 -1 0 0 0 4 4 4 3 3 5 8 8 10 10 10 10 10 22 22 28 28 28 32 32 32 35 35 35 34 34 34 32 32 32 34 34 34 34 34 34 32 32 32 
1 1 2 2 2 0 0 0 2 2 2 2 2 2 5 5 5 9 9 12 12 12 12 12 18 21 23 23 23 28 28 28 31 31 31 30 30 30 32 32 32 33 33 33 33 33 33 33 33 32 
0 2 2 2 2 2 2 2 2 2 2 2 2 2 2 2 8 8 8 12 12 12 12 12 17 28 28 29 36 36 38 42 42 42 39 39 39 36 36 36 37 37 37 38 38 38 33 33 33 34 
1 0 0 0 0 0 0 0 0 0 4 4 4 1 1 1 4 4 4 9 9 9 7 7 7 7 15 17 20 20 20 22 22 22 26 26 26 30 30 32 32 32 32 33 33 33 33 33 33 35 
0 0 0 0 0 -1 -1 -1 2 2 2 1 1 2 2 2 3 6 6 8 8 8 8 8 18 27 33 33 33 39 39 39 44 44 54 63 63 66 71 71 71 71 71 71 66 66 64 65 65 65 
1 1 1 1 2 2 2 4 4 4 3 3 3 3 3 3 7 7 8 12 12 12 12 12 12 19 19 26 34 34 36 41 41 42 46 46 46 43 43 43 45 45 45 45 45 45 43 43 43 44 
4 1 1 1 3 3 3 2 2 2 4 4 4 3 3 4 9 9 9 14 14 14 14 14 28 30 30 32 37 37 37 38 38 38 35 35 35 34 34 36 42 42 42 43 43 43 41 41 41 44 
1 1 1 1 2 2 2 4 4 4 3 3 3 3 3 3 5 5 7 13 13 13 13 13 21 28 28 28 33 33 35 38 38 38 33 33 33 37 37 37 40 40 40 39 39 39 37 37 37 34 
2 2 1 1 1 1 1 1 1 1 1 1 1 1 2 2 2 7 7 8 8 8 8 8 15 18 23 23 23 25 25 25 33 33 34 44 44 48 50 50 50 51 51 51 45 45 45 44 44 44 
3 3 2 2 2 1 1 1 2 2 2 4 4 4 5 5 5 8 8 8 7 7 7 7 15 21 27 27 28 36 36 55 55 55 55 55 60 60 58 58 57 52 52 52 50 50 50 56 56 56 
2 2 1 1 1 4 4 4 4 4 4 2 2 2 4 4 4 7 7 9 9 9 9 9 19 24 26 26 28 35 35 37 39 39 39 40 40 40 42 42 42 43 43 43 44 44 44 41 41 41 
4 1 1 1 3 3 3 4 4 4 4 4 4 2 2 2 6 6 7 13 13 13 13 13 17 23 23 26 30 30 35 38 38 38 42 42 42 44 44 45 48 48 48 51 51 51 46 46 46 46 
0 3 3 3 4 4 4 2 2 2 2 2 2 2 2 2 4 4 6 12 12 12 12 12 16 25 25 25 31 31 36 40 40 41 41 41 39 42 42 42 45 45 48 53 53 53 50 50 49 48 
3 4 4 4 3 3 3 2 2 2 4 4 4 5 5 5 5 5 7 13 13 13 13 13 18 23 23 23 26 26 27 27 27 27 27 31 31 32 32 32 32 32 32 33 33 33 34 34 34 32 
2 1 1 1 4 4 4 4 4 4 1 1 1 4 4 4 4 4 4 10 10 10 7 7 7 7 15 19 19 19 39 39 39 32 35 35 35 40 40 40 43 43 44 48 48 48 50 50 50 46 
2 2 3 3 3 1 1 1 3 3 3 5 5 5 4 4 5 10 10 10 10 10 10 10 22 27 33 33 45 45 45 38 40 40 43 50 50 50 53 53 53 52 52 52 47 47 47 49 49 49 
2 2 2 2 2 2 2 3 3 3 2 2 2 3 3 3 5 5 8 11 11 11 11 11 18 25 26 27 32 32 32 37 37 37 39 39 39 42 42 42 51 51 52 61 61 61 64 64 64 63 
1 1 2 2 2 0 0 0 3 3 3 4 4 4 4 4 4 7 7 10 10 10 10 10 15 16 21 21 21 22 22 22 22 25 25 27 27 28 31 31 31 35 35 35 32 32 32 35 35 35 
4 0 0 0 2 2 2 1 1 1 2 2 2 4 4 4 5 5 5 8 8 8 7 7 7 7 14 22 26 26 29 41 41 51 56 56 56 51 51 51 50 50 54 59 59 59 59 59 59 55 
1 1 1 1 1 0 0 0 -1 -1 -1 1 1 1 1 1 2 7 7 9 9 9 9 9 15 16 19 19 19 25 25 25 27 27 32 37 37 42 47 47 48 52 52 56 57 57 60 61 61 61 
0 1 1 1 1 1 1 -1 -1 -1 1 1 1 3 3 3 4 4 7 11 11 11 11 11 16 25 26 26 30 30 37 43 45 55 62 62 62 66 66 66 60 60 60 58 58 58 54 54 54 53 
0 0 0 0 0 0 0 1 1 1 1 1 1 1 1 1 6 6 6 10 10 10 10 10 16 22 22 22 26 26 28 28 28 28 28 36 40 47 47 47 52 52 59 66 66 75 83 83 83 81 
-1 -1 1 1 1 1 1 1 0 0 0 2 2 2 2 2 2 6 6 8 8 8 8 8 16 18 24 24 27 30 30 34 41 41 42 44 44 44 39 39 39 40 40 40 39 39 39 38 38 38 
3 1 1 1 2 2 2 0 0 0 2 2 2 1 1 1 4 4 4 8 8 8 8 8 16 24 25 25 27 27 29 37 37 37 35 35 35 36 36 36 43 43 43 42 42 42 44 44 44 44 
1 -1 -1 -1 -1 -1 -1 0 0 0 0 0 0 2 2 2 3 3 4 9 9 9 9 9 15 20 20 24 31 31 34 34 34 36 40 40 41 49 49 49 52 52 55 64 65 65 64 64 63 58 
1 -1 -1 -1 -2 -2 -2 0 0 0 1 1 1 1 1 1 4 4 4 9 9 9 9 9 16 24 24 24 24 24 24 24 29 34 37 37 39 44 44 45 48 48 48 47 47 47 49 49 49 48 
0 1 1 1 1 1 1 3 2 2 2 2 2 1 1 1 5 5 5 7 7 7 2 2 2 6 6 6 4 4 4 0 0 0 -1 -1 -1 -1 -1 -1 -1 -1 -1 1 1 1 0 0 0 0 
0 1 1 1 -1 -1 -1 0 0 0 1 1 1 0 0 0 1 1 2 5 5 5 4 4 4 4 11 11 11 11 11 11 11 11 2 2 2 2 2 2 1 1 1 2 2 2 -2 -2 -2 0 
2 2 0 0 0 -1 -1 -1 -1 -1 -1 2 2 2 4 4 4 5 5 5 5 5 5 5 11 11 9 9 9 12 12 12 8 8 8 8 8 8 0 0 0 0 0 0 1 1 1 -2 -2 -2 
1 -1 -1 -1 1 1 1 0 0 0 -1 -1 -1 1 1 1 3 3 3 6 6 6 6 6 7 11 11 11 14 14 14 12 12 12 4 4 4 4 4 4 4 4 4 4 4 4 1 1 1 1 
2 2 2 2 -1 -1 -1 -1 -1 -1 -1 -1 -1 0 0 0 3 3 3 10 10 10 10 10 10 16 16 16 18 18 18 11 11 11 3 3 3 3 3 3 0 0 0 -1 -1 -1 1 1 1 0 
0 -1 -1 -1 1 1 1 2 2 2 0 0 0 -1 -1 -1 5 5 5 7 7 7 7 7 8 12 12 12 9 9 9 7 7 7 7 7 7 -1 -1 -1 0 0 0 1 1 1 1 1 1 -1 
1 0 0 0 0 0 0 0 0 0 1 1 1 2 2 2 4 4 4 10 10 10 10 10 10 13 13 13 13 13 13 4 4 4 4 4 4 0 0 0 -1 -1 -1 3 3 3 -1 -1 -1 -1 
0 -1 -1 -1 -1 -1 -1 1 1 1 0 0 0 1 1 1 5 5 5 8 8 8 8 8 8 12 12 12 15 15 15 15 15 15 6 6 6 6 6 6 2 2 2 -1 -1 -1 2 2 2 0 
-2 -2 -1 -1 -1 1 1 1 0 0 0 1 1 1 2 2 2 5 5 5 5 5 5 5 10 10 11 11 11 12 12 12 4 4 4 4 4 4 -1 -1 -1 1 1 1 0 0 0 -2 -2 -2 
0 -1 -1 -1 -1 -1 -1 2 2 2 0 0 0 1 1 1 4 4 4 9 9 9 9 9 9 11 11 11 11 11 11 4 4 4 4 4 4 2 2 2 0 0 0 2 2 2 -1 -1 -1 3 
0 0 0 0 0 0 0 2 2 2 2 2 2 2 2 2 3 3 3 5 5 5 5 5 5 10 10 10 10 10 10 4 4 4 4 4 4 2 2 2 2 2 2 -1 -1 -1 1 1 1 0 
-1 -1 -1 -1 -1 0 0 0 2 2 2 2 2 2 2 2 2 4 4 4 3 3 3 3 9 9 12 12 12 13 13 13 5 5 5 5 5 5 2 2 2 0 0 0 -1 -1 -1 -1 -1 -1 
-2 -2 -1 -1 -1 0 0 0 2 2 2 2 2 2 2 2 2 6 6 6 1 1 1 1 9 9 12 12 12 9 9 9 9 9 9 0 0 0 0 0 0 0 0 0 1 1 1 1 1 1 
-2 -2 -2 -2 -2 0 0 0 -1 -1 -1 1 1 1 0 0 0 6 6 6 4 4 4 4 12 12 10 10 10 17 17 17 7 7 7 7 7 7 2 2 2 0 0 0 0 0 0 -1 -1 -1 
0 0 0 0 0 0 0 0 0 0 1 1 1 -1 -1 -1 3 3 3 6 6 6 6 6 6 10 10 10 10 10 10 6 6 6 6 6 6 1 1 1 -1 -1 -1 0 0 0 -2 -2 -2 1 
0 -1 -1 -1 1 1 1 -2 -2 -2 0 0 0 3 3 3 3 3 3 6 6 6 6 6 6 8 8 8 8 8 8 2 2 2 2 2 2 1 1 1 -2 -2 -2 1 1 1 0 0 0 -1 
-1 -3 -3 -3 -2 -2 -2 -2 -2 -2 2 2 2 -1 -1 -1 4 4 4 7 7 7 7 7 7 9 9 9 8 8 8 8 8 8 1 1 1 1 1 1 -1 -1 -1 0 0 0 1 1 1 -2 
-2 0 0 0 -1 -1 -1 0 0 0 3 3 3 -1 -1 -1 3 3 3 6 6 6 6 6 6 8 8 8 8 8 8 7 7 7 7 7 7 3 3 3 0 0 0 0 0 0 -1 -1 -1 1 
0 -1 -1 -1 1 1 1 -1 -1 -1 2 2 2 1 1 1 7 7 7 8 8 8 8 8 8 10 10 10 8 8 8 8 8 8 -1 -1 -1 -3 -3 -3 -1 -1 -1 -1 -1 -1 1 1 1 -1 
1 -2 -2 -2 -1 -1 -1 -1 -1 -1 1 1 1 2 2 2 4 4 4 7 7 7 7 7 7 9 9 9 6 6 6 6 6 6 2 2 2 0 0 0 -1 -1 -1 0 0 0 -1 -1 -1 2 
0 0 -1 -1 -1 1 1 1 0 0 0 0 0 0 2 2 2 6 6 6 2 2 2 2 10 10 10 10 10 5 5 5 5 5 5 1 1 1 0 0 0 0 0 0 -1 -1 -1 -1 -1 -1 
-1 1 1 1 1 1 1 2 2 2 1 1 1 2 2 2 4 4 4 9 9 9 9 9 9 7 7 7 4 4 4 4 4 4 0 0 0 2 2 2 0 0 0 -1 -1 -1 -1 -1 -1 -1 
-1 -3 -3 -3 -1 -1 -1 -1 -1 -1 1 1 1 3 3 3 3 3 3 7 7 7 7 7 7 11 11 11 8 8 8 8 8 8 1 1 1 -2 -2 -2 0 0 0 1 1 1 -1 -1 -1 -2 
1 -1 -1 -1 2 2 2 -1 -1 -1 1 1 1 0 0 0 2 2 2 6 6 6 6 6 6 10 10 10 9 9 9 9 9 9 2 2 2 -1 -1 -1 1 1 1 1 1 1 -1 -1 -1 -2 
1 -1 -1 -1 -1 -1 -1 -1 -1 -1 0 0 0 2 2 2 5 5 5 6 6 6 6 6 6 7 7 7 7 7 7 3 3 3 -1 -1 -1 2 2 2 1 1 1 -1 -1 -1 -1 -1 -1 1 
0 -1 -1 -1 1 1 1 -2 -2 -2 0 0 0 1 1 1 2 2 2 6 6 6 6 6 6 13 13 13 8 8 8 8 8 8 1 1 1 0 0 0 -1 -1 -1 1 1 1 -1 -1 -1 0 
1 1 2 2 2 -1 -1 -1 -2 -2 -2 -1 -1 -1 3 3 3 5 5 5 3 3 3 3 7 7 10 10 10 10 10 10 2 2 2 -2 -2 -2 1 1 1 1 1 1 0 0 0 -1 -1 -1 
-1 1 1 1 0 0 0 2 2 2 0 0 0 3 3 3 1 1 1 7 7 7 7 7 7 7 7 7 7 7 7 3 3 3 0 0 0 -1 -1 -1 -1 -1 -1 -1 -1 -1 -1 -1 -1 -1 
-2 -2 -1 -1 -1 2 2 2 -2 -2 -2 0 0 0 1 1 1 5 5 5 1 1 1 1 8 8 8 8 8 8 8 8 -1 -1 -1 -1 -1 -1 -1 -1 -1 0 0 0 -1 -1 -1 -2 -2 -2 
1 -2 -2 -2 1 1 1 1 1 1 1 1 1 2 2 2 7 7 7 10 10 10 10 10 16 16 16 14 5 5 5 1 1 1 1 1 1 2 2 2 1 1 1 1 1 1 -1 -1 -1 0 
0 4 4 4 3 3 3 0 0 0 2 2 2 1 1 1 4 4 4 8 8 8 8 8 8 8 8 8 6 6 6 6 6 6 1 1 1 3 3 3 1 1 1 3 3 3 1 1 1 1 
2 1 1 1 2 2 2 1 1 1 4 4 4 3 3 3 4 4 4 11 11 11 11 11 11 12 12 12 6 6 6 6 6 6 2 2 2 1 1 1 1 1 1 3 3 3 3 3 3 2 
0 1 1 1 1 1 1 1 1 1 4 4 4 2 2 2 6 6 6 11 11 11 11 11 11 13 13 13 7 6 6 6 6 6 1 1 1 2 2 2 2 2 2 2 2 2 2 2 2 3 
1 2 2 2 3 3 3 2 2 2 3 3 3 3 3 3 4 4 4 9 9 9 6 6 6 6 13 13 13 13 13 13 13 13 3 3 3 3 3 3 2 2 2 3 3 3 2 2 2 2 
1 4 4 4 2 2 2 2 2 2 5 5 5 4 4 4 5 5 6 9 9 9 9 9 9 10 10 10 10 10 10 7 7 7 7 7 7 2 2 2 0 0 0 2 2 2 2 2 2 2 
4 0 0 0 1 1 1 0 0 0 1 1 1 3 3 3 7 7 7 11 11 11 11 11 11 12 12 12 12 12 12 5 5 5 2 2 2 0 0 0 1 1 1 1 1 1 1 1 1 1 
0 0 2 2 2 2 2 2 3 3 3 1 1 1 3 3 3 6 6 6 6 6 6 6 10 10 13 13 13 9 9 9 9 9 9 4 4 4 2 2 2 0 0 0 3 3 3 2 2 2 
1 2 2 2 3 3 3 4 4 4 1 1 1 6 6 6 5 5 5 7 7 7 7 7 7 8 8 8 8 8 8 5 5 5 3 3 3 0 0 0 2 2 2 1 1 1 3 3 3 1 
2 2 2 2 4 4 4 3 3 3 3 3 3 4 4 4 7 7 7 11 11 11 11 11 11 11 11 11 7 7 7 7 7 7 3 3 3 4 4 4 2 2 2 0 0 0 1 1 1 0 
3 0 0 0 1 1 1 3 3 3 4 4 4 4 4 4 4 4 4 10 10 10 10 10 10 14 14 14 12 12 12 12 12 12 2 2 2 2 2 2 3 3 3 3 3 3 2 2 2 0 
0 0 1 1 1 0 0 0 1 1 1 2 2 2 5 5 5 7 7 7 6 6 6 6 10 10 13 13 13 9 9 9 9 9 9 2 2 2 3 3 3 3 3 3 3 3 3 5 5 5 
1 1 1 1 1 3 3 3 3 3 3 0 0 0 2 2 2 9 9 9 6 6 6 6 13 13 16 16 16 6 6 6 6 6 6 3 3 3 4 4 4 4 4 4 1 1 1 1 1 1 
0 0 2 2 2 2 2 2 0 0 0 1 1 1 4 4 4 10 10 10 7 7 7 7 14 14 15 15 15 8 8 8 8 8 8 1 1 1 1 1 1 1 1 1 1 1 1 1 1 1 
0 4 4 4 2 2 2 0 0 0 1 1 1 0 0 0 4 4 4 9 9 9 9 9 9 11 11 11 11 11 11 5 5 5 1 1 1 2 2 2 4 4 4 3 3 3 1 1 1 2 
3 1 1 1 3 3 3 3 3 3 4 4 4 1 1 1 3 3 4 8 8 8 8 8 8 8 8 8 8 8 8 2 2 2 2 2 2 2 2 2 4 4 4 1 1 1 3 3 3 1 
2 0 0 0 -1 -1 -1 2 2 2 0 0 0 2 2 2 4 4 4 6 6 6 6 6 6 5 5 5 4 4 4 1 1 1 1 1 1 2 2 2 1 1 1 0 0 0 0 0 0 -1 
2 2 1 1 1 3 3 3 -1 -1 -1 0 0 0 3 3 3 8 8 8 7 7 7 7 9 9 13 13 13 6 6 6 6 6 6 1 1 1 1 1 1 1 1 1 0 0 0 3 3 3 
1 1 1 1 1 2 2 2 1 1 1 1 1 1 4 4 4 5 5 5 5 5 5 5 15 15 12 12 12 13 13 13 12 12 12 12 12 12 2 2 2 -1 -1 -1 0 0 0 0 0 0 
1 1 1 1 1 2 2 2 0 0 0 2 2 2 4 4 4 9 9 9 6 6 6 6 15 15 18 18 18 16 16 16 18 18 18 13 13 13 5 5 5 5 5 5 2 2 2 -1 -1 -1 
1 -2 -2 -2 3 3 3 0 0 0 0 0 0 3 3 3 4 4 5 10 10 10 10 10 10 13 13 13 16 16 16 18 18 18 10 10 10 10 10 10 3 3 3 1 1 1 0 0 0 3 
1 1 0 0 0 0 0 0 1 1 1 2 2 2 5 5 5 7 7 7 4 4 4 4 12 12 13 13 13 17 17 17 18 18 18 19 19 19 12 12 12 12 12 12 8 8 8 8 8 8 
0 2 2 2 1 1 1 2 2 2 3 3 3 1 1 1 5 5 5 8 8 8 8 8 8 13 13 13 14 14 14 16 16 16 15 15 15 5 5 5 5 5 5 1 1 1 2 2 2 -1 
0 2 2 2 -1 -1 -1 1 1 1 2 2 2 4 4 4 6 6 6 9 9 9 9 9 9 11 11 11 9 9 9 9 9 9 1 1 1 3 3 3 1 1 1 1 1 1 -1 -1 -1 0 
1 2 2 2 1 1 1 0 0 0 1 1 1 2 2 2 6 6 6 8 8 8 8 8 8 14 14 14 13 13 13 6 6 6 6 6 6 4 4 4 1 1 1 1 1 1 2 2 2 0 
1 1 1 1 1 2 2 2 0 0 0 3 3 3 3 3 3 4 4 6 6 6 6 6 13 13 13 13 13 15 15 15 7 7 7 7 7 7 0 0 0 2 2 2 1 1 1 2 2 2 
2 0 0 0 1 1 1 2 2 2 2 2 2 2 2 2 6 6 6 6 6 6 6 6 6 13 13 13 15 15 15 7 6 6 6 6 6 2 2 2 0 0 0 0 0 0 1 1 1 1 
1 0 0 0 0 0 0 3 3 3 0 0 0 -1 -1 -1 2 2 2 7 7 7 7 7 7 13 13 13 11 11 11 5 5 5 5 5 5 0 0 0 2 2 2 1 1 1 -2 -2 -2 1 
1 0 0 0 0 0 0 3 3 3 0 0 0 1 1 1 4 4 4 6 6 6 6 6 6 11 11 11 11 11 11 3 3 3 3 3 3 4 4 4 2 2 2 -1 -1 -1 -1 -1 -1 1 
0 0 0 0 0 0 0 0 0 0 0 1 1 1 2 2 2 6 6 6 5 5 5 5 13 13 12 12 12 12 12 12 5 5 5 5 5 5 4 4 4 2 2 2 1 1 1 1 1 1 
1 2 2 2 2 2 2 0 0 0 1 1 1 4 4 4 5 5 5 6 6 6 5 5 5 5 8 8 8 8 8 8 8 8 5 5 5 1 1 1 1 1 1 1 1 1 1 1 1 0 
0 2 2 2 1 1 1 2 2 2 3 3 3 2 2 2 3 3 3 8 8 8 8 8 8 11 11 11 11 11 11 8 8 8 8 8 8 2 2 2 2 2 2 2 2 2 1 1 1 3 
1 1 1 1 -1 -1 -1 3 3 3 1 1 1 3 3 3 5 5 5 9 9 9 9 9 9 10 10 10 11 11 11 5 5 5 5 5 5 2 2 2 -1 -1 -1 0 0 0 0 0 0 1 
0 1 1 1 0 0 0 2 2 2 2 2 2 2 2 2 4 4 4 9 9 9 4 4 4 4 10 10 8 8 8 7 7 7 7 7 7 1 1 1 3 3 3 0 0 0 1 1 1 0 
-1 1 1 1 1 1 1 2 2 2 2 2 2 5 5 5 4 4 4 6 6 6 6 6 6 8 8 8 7 7 7 7 7 7 2 2 2 0 0 0 -1 -1 -1 0 0 0 0 0 0 0 
0 1 1 1 0 0 0 0 0 0 -1 -1 -1 3 3 3 4 4 4 7 7 7 7 7 7 9 9 9 9 9 9 3 3 3 0 0 0 1 1 1 0 0 0 1 1 1 1 1 1 1 
0 1 1 1 1 1 1 0 0 0 2 2 2 -1 -1 -1 4 4 4 8 8 8 8 8 8 11 11 11 11 11 11 1 1 1 -1 -1 -1 -1 -1 -1 2 2 2 0 0 0 0 0 0 -1 
1 0 0 0 2 2 2 1 1 1 3 3 3 3 3 3 6 6 6 11 11 11 11 11 11 8 8 8 8 8 8 1 1 1 0 0 0 3 3 3 -1 -1 -1 0 0 0 1 1 1 1 
-1 0 0 0 0 0 0 2 2 2 -1 -1 -1 3 3 3 4 4 4 7 7 7 7 7 7 8 8 8 8 8 8 1 1 1 3 3 3 3 3 3 0 0 0 2 2 2 2 2 2 1 
2 -1 -1 -1 0 0 0 3 3 3 0 0 0 1 1 1 3 3 3 6 6 6 6 6 6 9 9 9 5 5 5 5 5 5 2 2 2 0 0 0 2 2 2 2 2 2 3 3 3 0 
0 0 0 0 1 1 1 0 0 0 1 1 1 1 1 1 6 6 6 8 8 8 8 8 8 9 9 9 9 9 9 3 3 3 0 0 0 1 1 1 -1 -1 -1 0 0 0 0 0 0 -1 
0 0 0 0 -1 -1 -1 2 2 2 0 0 0 1 1 1 3 3 3 8 8 8 8 8 8 7 7 7 7 7 7 3 3 3 1 1 1 1 1 1 2 2 2 -1 -1 -1 2 2 2 3 
1 2 2 2 -1 -1 -1 1 1 1 1 1 1 3 3 3 4 4 4 6 6 6 6 6 6 11 11 11 8 8 8 8 8 8 1 1 1 1 1 1 0 0 0 3 3 3 -1 -1 -1 0 
1 2 2 2 -2 -2 -2 -1 -1 -1 -1 -1 -1 1 1 1 4 4 4 5 5 5 5 5 5 9 9 9 3 3 3 3 3 3 1 1 1 0 0 0 -1 -1 -1 0 0 0 0 0 0 1 
-1 -1 2 2 2 0 0 0 1 1 1 2 2 2 5 5 5 4 4 5 5 5 5 5 10 10 11 11 11 11 11 11 3 3 3 3 3 3 3 3 3 3 3 3 1 1 1 -1 -1 -1 
2 3 3 3 1 1 1 2 2 2 5 5 5 3 3 3 7 7 7 10 10 10 10 10 10 16 16 16 15 15 15 9 9 9 9 9 9 4 4 4 3 3 3 0 0 0 0 0 0 0 
3 4 4 4 3 3 3 2 2 2 3 3 3 2 2 2 6 6 6 12 12 12 12 12 12 12 12 12 14 14 14 14 14 14 4 4 4 0 0 0 3 3 3 4 4 4 2 2 2 1 
3 1 1 1 1 1 1 3 3 3 0 0 0 1 1 1 7 7 7 11 11 11 11 11 11 13 13 13 7 7 7 7 7 7 4 4 4 1 1 1 1 1 1 1 1 1 2 2 2 1 
2 3 3 3 2 2 2 1 1 1 2 2 2 3 3 3 7 7 7 12 12 12 12 12 12 15 15 15 11 11 11 11 11 10 1 1 1 1 1 1 1 1 1 2 2 2 2 2 2 1 
2 3 3 3 3 3 3 2 2 2 2 2 2 5 5 5 4 4 4 8 8 8 8 8 8 9 9 9 13 13 13 13 13 13 6 6 6 3 3 3 4 4 4 0 0 0 3 3 3 1 
2 1 1 1 4 4 4 3 3 3 0 0 0 5 5 5 5 5 5 11 11 11 11 11 11 14 14 14 13 13 13 8 8 8 8 8 8 2 2 2 1 1 1 0 0 0 4 4 4 2 
2 2 3 3 3 1 1 1 1 1 1 1 1 1 4 4 4 9 9 9 7 7 7 7 11 11 9 9 9 9 9 9 4 4 4 3 3 3 4 4 4 3 3 3 4 4 4 2 2 2 
2 0 0 0 3 3 3 3 3 3 4 4 4 5 5 5 4 4 4 9 9 9 9 9 9 12 12 12 8 8 8 8 8 8 2 2 2 2 2 2 1 1 1 1 1 1 4 4 4 0 
1 1 1 1 1 2 2 2 5 5 5 3 3 3 2 2 2 5 5 9 9 9 9 9 17 17 16 16 16 13 12 12 12 12 12 2 2 2 1 1 1 3 3 3 0 0 0 2 2 2 
0 0 1 1 1 1 1 1 2 2 2 0 0 0 2 2 2 9 9 9 7 7 7 7 12 12 13 13 13 13 13 13 5 5 5 6 6 6 2 2 2 1 1 1 2 2 2 2 2 2 
1 1 1 1 2 2 2 1 1 1 3 3 3 3 3 3 5 5 5 9 9 9 9 9 9 9 9 9 9 9 9 4 4 4 1 1 1 2 2 2 1 1 1 1 1 1 1 1 1 2 
1 3 3 3 1 1 1 2 2 2 1 1 1 2 2 2 6 6 6 10 10 10 10 10 10 14 14 14 13 13 13 12 12 12 5 5 5 5 5 5 2 2 2 2 2 2 1 1 1 0 
1 3 3 3 3 3 3 2 2 2 1 1 1 4 4 4 6 6 6 9 9 9 9 9 9 12 12 12 12 12 12 12 12 12 8 8 8 8 8 8 4 4 4 2 2 2 0 0 0 0 
1 1 1 1 1 1 1 1 1 1 1 1 1 5 5 5 8 8 8 12 12 12 12 12 12 11 11 11 13 13 13 12 12 12 12 12 12 12 12 12 4 4 4 2 2 2 1 1 1 3 
2 2 2 2 1 1 1 1 1 1 2 2 2 5 5 5 6 6 7 10 10 10 10 10 10 13 13 13 12 12 12 8 8 8 8 8 8 3 3 3 2 2 2 2 2 2 0 0 0 0 
2 3 3 3 2 2 2 1 1 1 4 4 4 2 2 2 4 4 4 7 7 7 7 7 7 11 11 11 7 7 7 7 7 7 3 3 3 3 3 3 3 3 3 3 3 3 1 1 1 2 
3 3 3 3 3 4 4 4 2 2 2 3 3 3 4 4 4 8 8 8 7 7 7 7 12 12 13 13 13 12 12 12 12 12 12 4 4 4 1 1 1 1 1 1 5 5 5 1 1 1 
0 3 3 3 3 3 3 1 1 1 4 4 4 4 4 4 5 5 5 8 8 8 4 4 4 4 12 12 13 13 13 9 9 9 9 9 9 6 6 6 3 3 3 1 1 1 2 2 2 1 
2 3 3 3 4 4 4 4 4 4 2 2 2 3 3 3 6 6 6 9 9 9 9 9 9 11 11 11 8 8 8 8 8 8 3 3 3 2 2 2 1 1 1 1 1 1 2 2 2 4 
1 4 4 4 2 2 2 3 3 3 4 4 4 6 6 6 9 9 9 10 10 10 10 10 18 18 18 8 7 7 7 3 3 3 4 4 4 0 0 0 1 1 1 0 0 0 5 5 5 0 
2 2 2 2 4 4 4 5 5 5 4 4 4 2 2 2 9 9 9 8 8 8 8 8 16 16 16 9 7 7 7 5 5 5 1 1 1 2 2 2 1 1 1 2 2 2 2 2 2 1 
3 0 0 0 1 1 1 2 2 2 1 1 1 3 3 3 6 6 6 11 11 11 11 11 11 16 16 16 14 14 14 10 10 10 10 10 10 2 2 2 4 4 4 1 1 1 1 1 1 2 
2 2 1 1 1 2 2 2 2 2 2 4 4 4 5 5 5 8 8 8 5 5 5 5 12 12 13 13 13 13 13 13 2 2 2 4 4 4 1 1 1 1 1 1 1 1 1 1 1 1 
1 0 0 0 1 1 1 0 0 0 3 3 3 2 2 2 5 5 5 12 12 12 12 12 12 13 13 13 8 8 8 8 8 8 3 3 3 1 1 1 2 2 2 3 3 3 0 0 0 3 
3 3 3 3 2 2 2 2 2 2 5 5 5 5 5 5 6 6 6 12 12 12 12 12 12 14 14 14 14 14 14 13 13 13 13 13 13 3 3 3 1 1 1 1 1 1 -1 -1 -1 3 
2 2 2 2 2 2 2 0 0 0 2 2 2 3 3 3 5 5 5 9 9 9 9 9 9 12 12 12 12 12 12 12 12 12 3 3 3 0 0 0 0 0 0 1 1 1 1 1 1 2 
0 0 0 0 0 0 0 2 2 2 2 2 2 4 4 4 11 11 11 12 12 12 12 12 12 12 12 12 8 8 8 2 2 2 2 2 2 0 0 0 -1 -1 -1 3 3 3 2 2 2 1 
1 1 1 1 0 0 0 4 4 4 4 4 4 4 4 4 9 9 9 10 10 10 10 10 10 9 9 9 5 5 5 5 5 5 3 3 3 0 0 0 2 2 2 1 1 1 1 1 1 0 
1 3 3 3 3 3 3 4 4 4 7 7 7 7 7 7 5 5 5 6 6 6 0 0 0 2 2 2 2 2 2 3 3 3 3 3 3 -2 -2 -2 1 1 1 2 2 2 1 1 1 1 
0 0 0 0 2 2 2 3 3 3 2 2 2 5 5 5 8 8 8 8 8 8 8 8 8 3 3 3 3 3 3 1 1 1 -1 -1 -1 2 2 2 0 0 0 -1 -1 -1 1 1 1 -2 
1 2 2 2 1 1 1 2 2 2 3 3 3 3 3 3 9 9 9 8 8 8 8 8 8 10 10 10 3 3 3 3 3 3 0 0 0 1 1 1 -1 -1 -1 0 0 0 -1 -1 -1 0 
-2 1 1 1 1 1 1 1 1 1 2 2 2 7 7 7 8 8 8 5 5 5 5 5 5 2 2 2 0 0 0 1 1 1 1 1 1 1 1 1 1 1 1 0 0 0 -1 -1 -1 2 
-1 0 0 0 0 0 0 1 1 1 2 2 2 6 6 6 9 9 9 8 8 8 8 8 8 6 6 6 2 2 2 2 2 2 0 0 0 0 0 0 -1 -1 -1 1 1 1 -1 -1 -1 -1 
2 -1 -1 -1 2 2 2 0 0 0 2 2 2 4 4 4 10 10 10 9 9 9 9 9 9 9 9 9 2 2 2 2 2 2 0 0 0 -1 -1 -1 0 0 0 0 0 0 -2 -2 -2 -2 
0 -1 -1 -1 0 0 0 1 1 1 2 2 2 5 5 5 7 7 7 10 10 10 10 10 10 7 7 7 5 5 5 5 5 5 1 1 1 0 0 0 -1 -1 -1 1 1 1 -1 -1 -1 1 
0 0 0 0 0 0 0 1 1 1 1 1 1 8 8 8 9 9 9 8 8 8 8 8 8 7 7 7 0 0 0 0 0 0 1 1 1 -1 -1 -1 1 1 1 1 1 1 -1 -1 -1 0 
1 0 0 0 1 1 1 1 1 1 4 4 4 7 7 7 9 9 9 6 6 6 6 6 6 4 4 4 4 4 4 0 0 0 -3 -3 -3 1 1 1 1 1 1 0 0 0 -1 -1 -1 -1 
-2 -1 -1 -1 1 1 1 1 1 1 2 2 2 4 4 4 6 6 6 10 10 10 10 10 10 8 8 8 1 1 1 1 1 1 -2 -2 -2 1 1 1 0 0 0 2 2 2 -1 -1 -1 -2 
1 0 0 0 0 0 0 2 2 2 2 2 2 6 6 6 11 11 11 10 10 10 10 10 10 9 9 9 3 3 3 3 3 3 0 0 0 -1 -1 -1 0 0 0 0 0 0 1 1 1 -2 
0 0 0 0 0 0 0 0 0 0 1 1 1 3 3 3 7 7 7 12 12 12 12 12 12 10 10 10 5 5 5 1 1 1 1 1 1 1 1 1 -1 -1 -1 0 0 0 0 0 0 0 
1 1 1 1 2 2 2 1 1 1 2 2 2 7 7 7 8 8 8 10 10 10 10 10 10 5 5 5 3 3 3 3 3 3 2 2 2 0 0 0 0 0 0 -1 -1 -1 1 1 1 1 
2 -1 -1 -1 1 1 1 3 3 3 1 1 1 2 2 2 5 5 5 13 13 13 13 13 13 10 10 10 7 7 7 4 4 4 4 4 4 1 1 1 -1 -1 -1 -1 -1 -1 2 2 2 -1 
1 0 0 0 -1 -1 -1 0 0 0 3 3 3 4 4 4 10 10 10 12 12 12 12 12 12 9 9 9 3 3 3 3 3 3 2 2 2 -1 -1 -1 0 0 0 0 0 0 0 0 0 -1 
0 0 0 0 1 1 1 1 1 1 3 3 3 7 7 7 11 11 11 9 9 9 9 9 9 7 7 7 2 2 2 2 2 2 1 1 1 1 1 1 -1 -1 -1 -1 -1 -1 0 0 0 2 
0 1 1 1 2 2 2 2 2 2 2 2 2 3 3 3 7 7 8 8 8 8 8 8 8 9 9 9 2 2 2 2 2 2 0 0 0 0 0 0 0 0 0 -2 -2 -2 -1 -1 -1 0 
1 0 0 0 0 0 0 1 1 1 1 1 1 3 3 3 9 9 9 9 9 9 9 9 9 2 2 2 2 2 2 2 2 2 -1 -1 -1 0 0 0 0 0 0 1 1 1 0 0 0 1 
1 1 1 1 3 3 3 1 1 1 3 3 3 4 4 4 9 9 9 11 11 11 11 11 11 4 4 4 4 4 4 0 0 0 0 0 0 -1 -1 -1 1 1 1 1 1 1 0 0 0 1 
-1 1 1 1 2 2 2 0 0 0 1 1 1 2 2 2 6 6 6 13 13 13 13 13 13 11 11 11 8 8 8 5 5 5 5 5 5 0 0 0 -1 -1 -1 1 1 1 0 0 0 -1 
0 1 1 1 2 2 2 1 1 1 1 1 1 6 6 6 8 8 8 9 9 9 9 9 9 3 3 3 3 3 3 0 0 0 0 0 0 0 0 0 0 0 0 1 1 1 1 1 1 0 
1 1 1 1 1 1 1 0 0 0 3 3 3 4 4 4 8 8 8 11 11 11 11 11 11 11 11 11 4 4 4 4 4 4 2 2 2 1 1 1 0 0 0 1 1 1 1 1 1 -1 
-1 -1 -1 -1 0 0 0 1 1 1 2 2 2 2 2 2 6 6 6 13 13 13 13 13 13 10 10 10 8 8 8 4 4 4 4 4 4 0 0 0 0 0 0 0 0 0 1 1 1 1 
0 1 1 1 3 3 3 1 1 1 2 2 2 5 5 5 6 6 8 13 13 13 13 13 13 9 9 9 6 6 6 2 2 2 2 2 2 1 1 1 -1 -1 -1 0 0 0 -1 -1 -1 -1 
-1 1 1 1 2 2 2 1 1 1 1 1 1 3 3 3 6 6 8 15 15 15 15 15 15 12 12 12 8 8 8 5 5 5 5 5 5 1 1 1 2 2 2 0 0 0 1 1 1 -1 
0 2 2 2 0 0 0 1 1 1 -1 -1 -1 3 3 3 6 6 6 13 13 13 13 13 13 8 8 8 6 6 6 3 3 3 3 3 3 1 1 1 1 1 1 1 1 1 -1 -1 -1 -1 
0 1 1 1 1 1 1 3 3 3 1 1 1 3 3 3 6 6 7 12 12 12 12 12 12 10 10 10 8 8 8 4 4 4 4 4 4 2 2 2 -1 -1 -1 1 1 1 1 1 1 1 
1 1 1 1 2 2 2 1 1 1 4 4 4 7 7 7 9 9 9 7 7 7 7 7 7 5 5 5 5 5 5 2 2 2 0 0 0 0 0 0 1 1 1 1 1 1 1 1 1 1 
0 0 0 0 2 2 2 1 1 1 1 1 1 5 5 5 4 4 4 11 11 11 11 11 11 11 11 11 10 10 10 8 8 8 4 4 4 4 4 4 2 2 2 0 0 0 1 1 1 0 
0 0 0 0 1 1 1 0 0 0 3 3 3 4 4 4 10 10 10 16 16 16 16 16 16 13 13 13 9 9 9 1 1 1 1 1 1 0 0 0 1 1 1 -1 -1 -1 1 1 1 1 
0 -1 -1 -1 1 1 1 1 1 1 1 1 1 1 1 1 3 3 3 11 11 11 4 4 4 4 11 11 8 8 8 3 3 3 3 3 3 2 2 2 1 1 1 0 0 0 0 0 0 0 
0 0 0 0 3 3 3 0 0 0 0 0 0 2 2 2 4 4 4 10 10 10 10 10 10 11 11 11 8 8 8 3 3 3 3 3 3 2 2 2 0 0 0 0 0 0 -1 -1 -1 1 
0 1 1 1 0 0 0 0 0 0 2 2 2 4 4 4 7 7 8 15 15 15 15 15 15 12 12 12 12 12 12 7 7 7 2 2 2 2 2 2 0 0 0 0 0 0 0 0 0 1 
-1 -1 -1 -1 1 1 1 1 1 1 0 0 0 1 1 1 3 3 3 10 10 10 5 5 5 5 13 13 10 10 10 4 4 4 4 4 4 0 0 0 1 1 1 0 0 0 1 1 1 0 
0 0 0 0 1 1 1 1 1 1 1 1 1 4 4 4 9 9 9 6 6 6 6 6 6 2 2 2 2 2 2 2 2 2 0 0 0 -1 -1 -1 1 1 1 -1 -1 -1 0 0 0 0 
1 0 0 0 1 1 1 1 1 1 1 1 1 5 5 5 10 10 10 10 10 10 10 10 10 6 6 6 1 1 1 1 1 1 0 0 0 0 0 0 0 0 0 -1 -1 -1 1 1 1 -1 
0 0 0 0 0 0 0 1 1 1 2 2 2 2 2 2 7 7 7 7 7 7 5 5 5 4 4 4 4 4 4 2 2 2 1 1 1 2 2 2 1 1 1 0 0 0 2 2 2 -1 
-1 0 0 0 1 1 1 2 2 2 1 1 1 6 6 6 7 7 7 7 7 7 7 7 7 2 2 2 2 2 2 0 0 0 0 0 0 0 0 0 0 0 0 0 0 0 0 0 0 1 
0 0 0 0 1 1 1 1 1 1 0 0 0 2 2 2 7 7 8 16 16 16 16 16 16 13 13 13 13 13 13 7 7 7 2 2 2 2 2 2 0 0 0 0 0 0 -2 -2 -2 1 
1 -2 -2 -2 0 0 0 -1 -1 -1 2 2 2 2 2 2 8 8 8 12 12 12 12 12 12 17 17 17 14 14 14 11 11 11 2 2 2 2 2 2 0 0 0 1 1 1 0 0 0 0 
0 0 0 0 2 2 2 0 0 0 0 0 0 5 5 5 9 9 12 14 14 14 14 14 14 10 10 10 3 3 3 -4 -4 -4 -4 1 1 0 0 0 1 1 1 -2 -2 -2 1 1 1 -2 
-1 0 0 0 1 1 1 2 2 2 2 2 2 1 1 1 5 5 5 13 13 13 13 13 13 11 11 11 5 5 5 2 2 2 2 2 2 0 0 0 1 1 1 2 2 2 0 0 0 -1 
0 0 0 0 1 1 1 3 3 3 2 2 2 8 8 8 9 9 9 7 7 7 1 1 1 2 2 2 1 1 1 1 1 1 0 0 0 0 0 0 -1 -1 -1 1 1 1 1 1 1 1 
1 1 1 1 1 1 1 0 0 0 2 2 2 2 2 2 9 9 11 18 18 18 18 18 18 16 16 16 9 9 9 9 9 9 0 0 0 0 0 0 3 3 3 1 1 1 2 2 2 1 
2 2 2 2 0 0 0 0 0 0 3 3 3 7 7 7 11 11 11 15 15 15 15 15 15 10 10 10 3 3 3 3 3 3 1 1 1 1 1 1 1 1 1 -1 -1 -1 2 2 2 1 
3 4 4 4 1 1 1 0 0 0 2 2 2 4 4 4 6 6 6 14 14 14 14 14 14 14 14 14 6 6 6 3 3 3 3 3 3 0 0 0 2 2 2 2 2 2 2 2 2 2 
1 2 2 2 0 0 0 1 1 1 2 2 2 4 4 4 10 10 10 11 11 11 11 11 11 7 7 7 2 2 2 2 2 2 0 0 0 0 0 0 2 2 2 2 2 2 0 0 0 0 
2 1 1 1 2 2 2 2 2 2 0 0 0 3 3 3 9 9 9 17 17 17 17 17 21 21 20 12 10 10 10 3 3 3 3 3 3 1 1 1 1 1 1 1 1 1 -1 -1 -1 3 
1 1 1 1 2 2 2 3 3 3 2 2 2 4 4 4 9 9 9 10 10 10 10 10 10 6 6 6 2 2 2 2 2 2 1 1 1 1 1 1 2 2 2 2 2 2 1 1 1 2 
1 3 3 3 2 2 2 2 2 2 1 1 1 5 5 5 8 8 8 13 13 13 13 13 13 12 12 12 8 8 8 -2 -2 -2 -2 3 3 0 0 0 1 1 1 0 0 0 0 0 0 1 
1 1 1 1 2 2 2 1 1 1 3 3 3 4 4 4 5 5 5 10 10 10 10 10 10 12 12 12 8 8 8 2 2 2 2 2 2 0 0 0 1 1 1 1 1 1 2 2 2 2 
0 1 1 1 0 0 0 2 2 2 2 2 2 3 3 3 9 9 9 10 10 10 10 10 10 10 10 10 6 6 6 1 1 1 1 1 1 2 2 2 2 2 2 1 1 1 2 2 2 1 
1 1 1 1 1 1 1 2 2 2 0 0 0 5 5 5 7 7 9 19 19 19 19 19 19 15 15 15 15 15 15 6 6 6 -4 -4 -4 -4 2 2 0 0 0 2 2 2 1 1 1 1 
1 0 0 0 1 1 1 1 1 1 2 2 2 3 3 3 4 4 4 12 12 12 12 12 12 12 12 12 13 13 13 2 2 2 2 2 2 0 0 0 0 0 0 1 1 1 1 1 1 0 
1 1 1 1 0 0 0 0 0 0 1 1 1 6 6 6 9 9 10 17 17 17 17 17 17 9 9 9 7 7 7 3 3 3 3 3 3 3 3 3 1 1 1 1 1 1 0 0 0 0 
0 2 2 2 4 4 4 2 2 2 1 1 1 3 3 3 7 7 7 9 9 9 7 7 7 7 9 9 7 7 7 3 3 3 3 3 3 2 2 2 -1 -1 -1 3 3 3 0 0 0 1 
1 1 1 1 1 1 1 3 3 3 2 2 2 4 4 4 10 10 10 14 14 14 14 14 14 11 11 11 5 5 5 5 5 5 1 1 1 -1 -1 -1 2 2 2 -1 -1 -1 2 2 2 0 
3 2 2 2 2 2 2 3 3 3 -1 -1 0 2 2 4 8 8 9 19 19 19 19 19 19 12 12 12 12 12 12 10 10 10 2 2 2 2 2 2 2 2 2 3 3 3 2 2 2 1 
1 1 1 1 2 2 2 2 2 2 3 3 3 1 1 1 7 7 8 12 12 12 12 12 12 10 10 10 8 8 8 1 1 1 1 1 1 2 2 2 2 2 2 1 1 1 2 2 2 1 
-1 0 0 0 1 1 1 2 2 2 4 4 4 4 4 4 9 9 9 11 11 11 11 11 11 7 7 7 3 3 3 3 3 3 1 1 1 1 1 1 3 3 3 0 0 0 2 2 2 3 
0 1 1 1 -1 -1 -1 1 1 1 1 1 1 2 2 2 8 8 8 11 11 11 11 11 11 7 7 7 4 4 4 4 4 4 1 1 1 1 1 1 1 1 1 2 2 2 1 1 1 0 
3 2 2 2 4 4 4 2 2 2 2 2 2 2 2 2 8 8 8 12 12 12 5 5 5 5 8 8 4 4 4 4 4 4 0 0 0 3 3 3 2 2 2 1 1 1 1 1 1 2 
2 2 2 2 0 0 0 2 2 2 1 1 1 3 3 3 7 7 7 9 9 9 3 3 3 3 8 8 5 5 5 5 5 5 3 3 3 1 1 1 0 0 0 1 1 1 0 0 0 1 
0 2 2 2 2 2 2 1 1 1 1 1 1 2 2 4 10 10 10 11 11 11 11 11 11 7 7 7 -5 -5 -5 -5 2 2 2 2 2 2 2 2 3 3 3 1 1 1 1 1 1 2 
-1 2 2 2 1 1 1 2 2 2 2 2 2 1 1 1 5 5 5 11 11 11 11 11 11 11 11 11 6 6 6 6 6 6 2 2 2 2 2 2 0 0 0 0 0 0 1 1 1 -1 
0 0 0 0 1 1 1 1 1 1 -1 -1 -1 2 2 2 7 7 7 12 12 12 12 12 12 5 5 5 3 3 3 3 3 3 1 1 1 2 2 2 0 0 0 1 1 1 1 1 1 2 
1 1 1 1 0 0 0 2 2 2 1 1 1 3 3 3 3 3 4 15 15 15 15 15 15 15 15 15 10 10 10 4 4 4 4 4 4 1 1 1 1 1 1 2 2 2 0 0 0 1 
2 1 1 1 2 2 2 2 2 2 2 2 2 2 2 2 5 5 5 11 11 11 11 11 11 9 9 9 8 8 8 1 1 1 1 1 1 -1 -1 -1 2 2 2 1 1 1 1 1 1 0 
0 0 0 0 2 2 2 1 1 1 2 2 2 3 3 3 6 6 6 6 6 6 6 6 12 12 11 4 1 1 1 1 1 1 2 2 2 2 2 2 0 0 0 0 0 0 1 1 1 0 
1 2 2 2 0 0 0 1 1 1 2 2 2 5 5 5 5 5 5 13 13 13 13 13 13 12 12 12 2 2 2 2 2 2 1 1 1 1 1 1 2 2 2 1 1 1 2 2 2 -1 
2 2 2 2 2 2 2 3 3 3 2 2 2 3 3 3 5 5 5 14 14 14 14 14 14 11 11 11 11 11 11 2 2 2 2 2 2 0 0 0 1 1 1 1 1 1 1 1 1 0 
5 5 5 5 6 6 6 6 6 6 6 6 6 6 6 6 10 10 10 13 13 13 13 13 13 15 15 15 7 7 7 7 7 7 3 3 3 4 4 4 4 4 4 4 4 4 5 5 5 2 
5 5 5 5 4 4 4 3 3 3 6 6 6 6 6 6 7 7 7 9 9 9 6 6 6 6 12 12 10 10 10 8 8 8 8 8 8 5 5 5 3 3 3 4 4 4 3 3 3 4 
7 4 4 4 3 3 3 3 3 3 4 4 4 5 5 5 6 6 6 11 11 11 11 11 11 12 12 12 7 7 7 5 5 5 5 5 5 2 2 2 2 2 2 2 2 2 4 4 4 5 
5 5 5 5 5 5 5 4 4 4 5 5 5 8 8 8 7 7 7 11 11 11 11 11 11 10 10 10 8 8 8 8 8 8 8 8 8 5 5 5 4 4 4 3 3 3 3 3 3 6 
5 4 4 4 5 5 5 5 5 5 5 5 5 4 4 4 8 8 8 10 10 10 10 10 10 8 8 8 5 5 5 5 5 5 4 4 4 6 6 6 4 4 4 6 6 6 5 5 5 3 
4 5 5 5 4 4 4 5 5 5 5 5 5 6 6 6 8 8 8 11 11 11 11 11 11 10 10 10 7 7 7 7 7 7 6 6 6 5 5 5 4 4 4 5 5 5 7 7 7 7 
6 4 4 4 5 5 5 6 6 6 7 7 7 7 7 7 7 7 7 13 13 13 13 13 13 12 12 12 9 9 9 7 7 7 7 7 7 6 6 6 4 4 4 2 2 2 3 3 3 7 
3 4 4 4 5 5 5 4 4 4 5 5 5 5 5 5 10 10 10 14 14 14 14 14 14 16 16 16 13 13 13 8 8 8 8 8 8 4 4 4 4 4 4 6 6 6 4 4 4 3 
4 4 4 4 6 6 6 6 6 6 7 7 7 5 5 5 5 5 5 9 9 9 9 9 11 17 17 17 14 14 14 8 8 8 6 6 6 6 6 6 7 7 7 5 5 5 4 4 4 3 
2 4 4 4 5 5 5 5 5 5 5 5 5 6 6 6 11 11 11 13 13 13 13 13 13 13 13 13 8 8 8 6 6 6 6 6 6 4 4 4 5 5 5 4 4 4 7 7 7 4 
5 5 5 5 7 7 7 4 4 4 4 4 4 4 4 4 9 9 9 10 10 10 10 10 10 10 10 10 8 8 8 6 6 6 6 6 6 5 5 5 6 6 6 5 5 5 4 4 4 4 
5 5 5 5 7 7 7 4 4 4 6 6 6 5 5 5 6 6 6 10 10 10 10 10 10 12 12 12 11 11 11 5 5 5 5 5 5 4 4 4 6 6 6 4 4 4 5 5 5 6 
3 5 5 5 7 7 7 8 8 8 6 6 6 3 3 3 6 6 6 10 10 10 10 10 12 17 17 17 16 16 16 10 10 10 5 5 5 5 5 5 5 5 5 4 4 4 4 4 4 4 
4 6 6 6 4 4 4 5 5 5 5 5 5 4 4 4 6 6 6 12 12 12 12 12 13 16 16 16 12 12 12 4 4 4 4 4 4 6 6 6 4 4 4 4 4 4 5 5 5 6 
3 5 5 5 4 4 4 5 5 5 5 5 5 7 7 7 7 7 7 12 12 12 12 12 12 12 12 12 7 7 7 2 2 2 2 3 3 5 5 5 3 3 3 5 5 5 5 5 5 5 
4 4 5 5 5 8 8 8 4 4 4 3 3 3 8 8 8 9 9 11 11 11 11 11 33 33 27 27 27 32 32 32 15 15 10 7 7 7 4 4 4 4 4 4 6 6 6 3 3 3 
4 4 4 4 5 5 5 5 5 5 5 5 5 7 7 7 8 8 8 12 12 12 8 8 8 8 14 14 13 13 13 4 4 4 4 4 4 5 5 5 5 5 5 5 5 5 5 5 5 5 
6 6 6 6 3 3 3 5 5 5 7 7 7 5 5 5 5 5 5 9 9 9 5 5 5 5 13 13 17 17 17 16 16 16 11 11 11 6 6 6 5 5 5 5 5 5 5 5 5 7 
7 6 6 6 6 6 6 7 7 7 5 5 5 6 6 6 8 8 8 13 13 13 13 13 14 17 17 17 17 17 17 11 11 11 7 7 7 7 7 7 4 4 4 5 5 5 5 5 5 3 
5 4 4 4 5 5 5 5 5 5 6 6 6 6 6 6 8 8 8 10 10 10 10 10 10 9 9 9 7 7 7 7 7 7 6 6 6 3 3 3 3 3 3 5 5 5 5 5 5 6 
4 7 7 7 6 6 6 5 5 5 6 6 6 5 5 5 10 10 10 14 14 14 14 14 14 14 14 14 8 8 8 7 7 7 7 7 7 5 5 5 4 4 4 4 4 4 5 5 5 2 
5 6 6 6 6 6 6 4 4 4 5 5 5 7 7 7 9 9 9 12 12 12 12 12 12 10 10 10 7 7 7 7 7 7 6 6 6 3 3 3 3 3 3 4 4 4 5 5 5 5 
4 7 7 7 3 3 3 4 4 4 5 5 5 5 5 5 8 8 8 15 15 15 15 15 16 18 18 18 12 12 12 11 11 11 5 5 5 5 5 5 4 4 4 4 4 4 6 6 6 6 
5 4 4 4 5 5 5 5 5 5 3 3 3 4 4 4 7 7 7 10 10 10 10 10 10 11 11 11 8 8 8 5 5 5 5 5 5 4 4 4 4 4 4 5 5 5 5 5 5 4 
5 4 4 4 4 4 4 5 5 5 6 6 6 5 5 5 9 9 9 13 13 13 13 13 13 15 15 15 11 11 11 5 5 5 5 5 5 6 6 6 4 4 4 3 3 3 6 6 6 4 
5 5 5 5 4 4 4 4 4 4 6 6 6 7 7 7 9 9 9 12 12 12 12 12 12 10 10 10 8 8 8 4 4 4 4 4 4 4 4 4 4 4 4 3 3 3 5 5 5 4 
4 6 6 6 5 5 5 5 5 5 4 4 4 4 4 4 8 8 8 10 10 10 10 10 11 14 14 14 11 11 11 8 8 8 8 8 8 5 5 5 6 6 6 6 6 6 6 6 6 5 
