19 20 26 26 26 32 31 31 16 16 16 11  8  8  2  2  2 -1 -1 -1 -1 -1 -1  0  0  0  4  3  3  3
30 36 39 45 45 51 51 51 31 29 29  9  9  9  6  6  6  3  3  3  2  2 -2  3  3  3  8  8  8  6
39 54 54 54 63 70 71 71 55 49 44 22 15 14  4  4  4  7  7  7  5  5  5  3  3  3 -2 -2 -2 -3
29 35 46 46 46 51 51 51 39 38 31 11 11 11  2  2  2  1  1  1  0  0  0  0  0  0  0  0  0 -1
13 13 24 25 26 29 29 29 23 17 17  6  6  6  4  4  4 -3 -3 -3  1  2  2  0  0  0  1  1  1  2
18 30 31 37 44 47 47 47 33 31 21 11 11 11  7  6  6  5  5  5  1  1  1  1  1  1  4  4  4 -1
40 42 50 51 62 67 75 75 68 57 48 13 13 13  5  5  5  8  8  8  2  2  3  5  5  5  2  2  2  3
25 32 39 39 43 54 56 56 52 50 36 10 10  9  1  1  1  9  5  5 -2 -2 -2  0  4  4  0  0  0  1
11 12 12 12 20 22 22 15 15 15 10  8  8  2  2  2  2  2  2  3  1  1  1  1  1  2  2  2  2  1
23 24 26 26 33 33 33 26 26 26 20 19 16  6  6  6  7  7  7  3  3  3  3  7  7  2  2  2  4  4
27 34 34 40 47 47 47 46 46 46 29 29 24 10 10 10  6  6  6  2  2  4  7  7  7  2  2  2  4  4
21 24 28 28 34 34 34 34 30 30 24 18 18  7  7  7  0  0  0  4  4  4  2  2  2  0  0  0  0  0
19 21 26 27 33 33 36 36 36 28 28 28 16 15 15  3  3  2  0  0  0 -4 -4 -4 -2 -2 -2 -1 -1 -1
21 31 35 42 49 49 50 53 54 54 49 48 27 26 22 10 10 10  7  7  7 -1 -1  1  1  1 -1  5  5  5
33 46 53 56 63 70 70 81 81 77 77 75 61 52 41 16 16 13  5  5  5  0  0  0  6  6  6  0  0  0
26 29 34 37 47 52 58 58 59 61 60 60 43 43 31  7  7  7 -4 -4 -4 -4 -4 -2  3  3  3 -1 -1 -1
14 22 24 24 30 33 37 37 39 39 39 27 26 24 13 11  7  5  5  5 -2 -2 -2  1  1  1 -1 -1 -1  0
23 28 33 37 45 48 51 59 59 61 61 49 40 35 19 15 15 -2 -2 -2  2  2  2  0  0  0  1  1  1  0
35 43 44 57 65 72 80 87 89 96 96 92 75 66 38 30 25  5  5  5  2  2  2  0  0  0 -1 -1 -1  4
24 30 30 30 54 54 61 76 76 76 76 68 63 57 28 25 19  6  6  6  0  0  1  1  1 -4 -2 -2 -2 -1
7 16 16 18 20 20 25 32 32 39 39 36 31 26 26 26  9  9  9  4  4  4 -3 -3 -2 -2 -2 -2 -2 -2
16 21 21 28 34 40 44 45 51 55 56 56 56 44 39 38 29 21 18  7  7  3  3  3  2  1  1  0 -4 -4
30 33 39 49 52 55 64 68 70 81 82 82 82 81 79 76 50 36 28 14 14 12  0  0  3  3  3  1  1  1
21 26 26 33 37 37 54 56 56 56 58 58 58 60 60 60 41 32 29  6  6  6  0  0 -1 -1 -1 -2  0  0
15 15 30 31 36 61 63 63 63 63 59 58 48 46 38 24 19 19 19 19 19 -1 -1 -5 -5 -5 -1 -1 -1 -3
25  30  52  57  63  76  87  88 112 117 134 134 103  78  67  43  29  26  16  16  12   8   8  10  10   8   2   2   2   4
38  38  71  75  92 122 128 130 147 154 160 209 209 182 145  91  47  40  20  20  14  13  13   6   3   3   3   3   3  -1
28  30  51  59  70 115 119 124 130 130 130 137 138 138 138 111  56  37  17  17  14   5   4   2  -5  -5   1   1   1   0
10  8 11 11 14 14 14 12 11 11  3  3  3  2  0  0  0  0  0  0  0  0  0  1  1  1 -1 -1  3  3
21 24 24 24 25 25 25 22 15 15 18 18 17 10  6  6  4  4  4 -1 -1 -1 -4 -4 -4 -4 -3 -3 -3  0
29 38 38 38 32 32 32 34 34 34 23 23 23 12  8  8  7  7  7  0  0  0  4  4  4 -1 -1 -1  1  1
21 28 28 28 26 25 25 22 20 20 20 16 16 11 10  9  7  4  4  1  1  1  2  2  2 -2 -2 -2 -3 -5
17 17 16 16 16 15 15 15 16 16 16 19 19 19  8 10 10 12 12 12  6  6  6  5  5  5  2  2  2 -1
22 22 20 24 24 24 27 27 27 29 29 29 24 24 24 16 16 15  8  8 10 10 10  2  2  2  1 -3 -3 -1
33 33 34 38 38 50 50 51 47 47 47 47 41 41 41 36 36 26 21 21 21 21 18  7  7  7  5  4  4  1
24 24 24 25 25 33 33 33 36 36 36 33 30 30 28 24 24 18 18 18 18  7  7  5  5  5  0  2  2  2
20 20 20 20 20 26 28 28 44 44 44 46 46 46 40 35 35 35 35 28 22 15  8  8  8  8  8 -6 -6 -4
24 24 35 36 39 45 48 51 56 58 59 64 69 70 70 58 58 55 55 49 48 29 26 25 16 16 10 10  7  7
34  34  47  53  54  69  71  77  83  83  83  85  96  98 108 109 109 114 114 100  88  58  47  36  28  25  14   5   5   5
30 30 42 42 42 57 58 58 77 77 78 74 74 74 80 80 80 80 81 81 81 63 37 34 18 18 10 -2 -2 -2
13 13 22 23 23 33 39 39 59 59 59 59 64 76 76 61 57 57 35 35 35  4  3  3  3  3  3  1  1  1
23  30  38  39  41  54  55  65  79  79  80  87  89 112 150 162 162 129  80  60  51  22  21  14   9   9   9   1   1   1
34  37  51  52  53  81  85 100 117 126 127 140 140 144 176 187 228 228 202 142  93  42  34  24   1   1   1   2   2   2
24  32  29  40  40  64  66  81 102 114 118 123 136 144 144 139 139 149 155 149 113  40  22  19   1   1   1  -2  -2  -2
7 19 19 19 35 37 37 42 42 42 26 22 22 22 22 22  4  4  1 -2 -2 -2 -2 -2 -2 -6 -6 -6 -6 -6
23 27 31 40 50 51 56 61 68 68 53 50 49 34 34 34  8  8  6 -6 -6 -6 -2 -2 -2 -4 -4 -4 -5 -5
28  44  46  60  71  74  82  87  87  99 104 104 104  78  70  66  19  18  11  -4  -4  -4  -3  -3  -3  -7  -7  -7  -2  -2
29  33  38  43  60  60  60  69  69  69  75  75  75  72  70  70  16  16   9  -2  -2  -2 -10 -10  -7  -7  -7  -8  -8  -8
7  7 17 17 17 23 23 23 20 20 20 11 11 10  1  1  1 -2 -2 -2 -3 -3 -3  1  1  1  1  1  1 -3
18 23 26 26 32 41 44 44 37 37 37 18 18 18  1  1  1  0  0  0 -6 -6 -6 -6 -6 -6 -8 -8 -8 -2
27 33 40 40 45 61 61 61 67 67 67 51 43 40 10 10 10  2  2  2 -2 -2 -2 -5 -5 -5 -5 -5 -5 -3
15 17 37 37 37 37 37 38 47 47 47 40 40 39  2  2  2  4  4  4 -2 -2 -2 -7 -7 -6 -6 -6 -5 -5
10 10 14 14 14 27 27 27 26 26 26 16 16  9  3  3  3 -4 -4 -4  4  4  4 -2 -2 -2  1  1  1 -6
15 16 20 20 27 31 31 41 41 41 38 23 23 21  3  3 -2 -1 -1 -1 -8 -8 -8 -5 -5 -5 -6 -6 -6 -4
27 27 38 38 43 53 53 60 69 69 69 57 51 50 12 12 10  1  1  1  0  0  0 -4 -4 -4  0  0  0 -6
18 20 34 34 34 44 44 44 48 48 48 49 49 49 13 13 13  1  1  1 -2 -2 -2 -1 -1 -1 -2 -2 -2 -2
14 14 34 34 34 45 45 45 37 37 37 23 23 23  2  2  2  2  2  2  1  1  1  0  0  0 -1 -1 -1 -1
32 32 38 38 43 51 51 55 58 58 58 32 32 30  6  6  3 -5 -5 -5 -9 -9 -9 -6 -6 -6 -9 -9 -9 -2
49  49  60  63  67  71  71  89  96  96  96  85  65  61  15  15  14  -1  -1  -1   0   0   0 -18 -18 -18  -1  -1  -1  -1
33 34 52 52 52 64 64 64 68 68 68 70 64 64 19 19 19 -1 -1 -1 -1 -1 -1  1  1  1 -5 -5 -5 -7
12 12 19 19 19 19 19 19 15 15 15  3  3  3  7  7  7 -3 -3 -3 -1 -1 -1 -3 -3 -3  0  0  0 -1
19 19 23 23 23 28 28 28 23 23 23 13 13 13 -4 -4 -4 -7 -7 -7 -4 -4 -4 -7 -7 -7 -5 -5 -5  0
27 27 36 36 36 43 43 43 51 51 51 25 25 25 -3 -3 -3 -4 -4 -4 -2 -2 -2 -8 -8 -8 -2 -2 -2 -4
22 22 28 28 28 28 28 28 36 36 36 18 18 18  4  4  4  0  0  0 -1 -1 -1 -9 -9 -9 -5 -5 -5 -5
20 20 35 35 35 33 33 33 22 22 22  8  8  8  1  1  1 -1 -1 -1  0  0  0  2  2  2  4  4  4 -1
33 33 40 40 40 53 53 53 42 41 41 15 15 15  1  1  1 -1 -1 -1 -4 -4 -4  0  0  0 -1 -1 -1  2
45 45 63 63 63 75 75 75 84 78 78 40 39 35  6  6  6  2  2  2  1  1  1  0  0  0 -1 -1 -1  1
37 37 51 51 51 59 59 59 63 63 63 31 31 31  1  1  1 -3 -3 -3 -3 -3 -3 -3 -3 -3 -3 -3 -3 -4
16 16 23 23 23 25 25 25 19 19 19 11 11 11  4  4  4  1  1  1  5  5  5  1  1  0  8 10 10  2
22 22 25 25 25 37 37 37 31 31 31  9  9  9  5  5  5  1  1  1 -5 -5 -5 -4 -4 -3  1  1  1 -5
29 29 44 44 44 53 53 53 50 50 50 21 21 21 -1 -1 -1  0  0  0  0  0  0 -3 -3 -2  0  0  0 -4
26 26 37 37 37 40 40 40 40 40 40 18 18 18 10 10 10 -1 -1 -1 -4 -4 -4 -1 -1  0 -5 -5 -5 -3
21 21 23 23 23 43 43 43 38 38 38 14 14 14  6  6  6 -1 -1 -1 -4 -4 -4 -5 -5 -5 -5 -5 -5 -7
31  31  44  45  45  55  55  55  59  56  56  30  30  30   3   3   3  -8  -8  -8  -3  -3  -3  -8  -8  -8 -11 -11 -11  -9
38 38 59 64 64 77 77 77 90 90 90 60 58 49  9  9  9 -9 -9 -9 -4 -4 -4 -8 -8 -8 -5 -5 -5 -7
30 30 51 51 51 60 60 60 69 69 69 52 52 52  6  6  6 -3 -3 -3 -8 -8 -8 -6 -6 -6 -4 -4 -4 -2
17 17 28 28 28 24 24 24 11 11 11  3  3  3 -5 -5 -5 -4 -4 -4  1  1  1 -7 -7 -7 -3 -3 -3 -7
34 34 33 33 39 40 40 40 33 33 33  8  8  7  0  0  0 -2 -2 -2 -9 -9 -9 -6 -6 -6  0  0  0 -6
45 45 58 58 58 60 60 60 65 65 65 19 19 15 -2 -2 -2  0  0  0 -6 -6 -6 -5 -5 -5 -4 -4 -4 -2
32 32 48 48 48 50 50 50 43 43 43 17 17 17 -1 -1 -1 -4 -4 -4 -5 -5 -5 -2 -2 -2 -4 -4 -4 -4
9  9 29 29 29 32 32 32 23 23 23 23 23 23  4  4  4 -1 -1 -1  0  0  0 -4 -4 -4 -7 -7 -6  1
24 24 46 46 46 62 62 62 55 55 55 34 34 34  3  3  3 -9 -9 -9 -9 -9 -9  0  0  0 -4 -4 -3 -8
33  39  64  64  64  79  82  82 103 103 103  78  74  73   8   8   8  -3  -3  -3  -4  -4  -4  -9  -9  -9   0   0   0  -5
24 24 46 46 46 60 60 60 68 68 68 67 67 67 12 12 12  3  3  3 -4 -4 -4 -5 -5 -5 -6 -6 -5 -6
16 16 24 24 24 31 31 31 33 33 33 23 23 23  2  2  1 -6 -6 -6 -5 -5 -5 -2 -2 -2 -4 -4 -4 -5
24 24 36 36 36 46 46 48 63 63 63 46 46 46 11 11  8 -8 -8 -8 -8 -8 -8 -3 -3 -3 -5 -5 -5 -8
31 31 50 50 50 67 67 67 90 91 91 92 90 90 21 21 18 -5 -5 -5 -6 -6 -6 -6 -6 -6 -8 -8 -8 -8
23  23  44  44  44  58  58  58  69  69  69  77  77  77  24  24  18  -4  -4  -4 -12 -12 -12 -10 -10 -10 -11 -11 -11 -10
9 12 19 19 25 34 34 34 27 27 27 27 27 27  9  9  9  9  9  9 -7 -7 -7 -6 -6 -6 -7 -7 -7 -8
27  26  36  36  37  57  57  59  70  70  70  57  57  57  28  28  28  11  11  11  -2  -2  -2 -10 -10 -10 -10 -10 -10  -8
34  33  52  52  57  81  81  86 114 118 118 119 119 119  69  63  55  15  15  13  -8  -8  -8  -7  -7  -7  -9  -9  -9  -9
25  24  40  40  40  61  61  61  76  76  76  86  86  86  63  63  54  17  17  17 -11 -11 -11 -10 -10 -10 -10 -10 -10 -14
14  14  27  27  29  52  52  52  43  43  43  43  43  33  16  16   8  -7  -7  -7  -7  -3  -3  -7  -7  -7 -10 -10 -10 -10
33  33  45  45  45  66  67  76  91  95  97 114 103 103  51  50  41   9   9   9  -7  -7  -7 -12 -12 -12 -16 -16 -16 -15
41  43  64  64  70  88  89 101 121 123 123 147 149 149 117  83  74   7   7   7  -8  -8  -8 -15 -15 -15 -17 -17 -17 -16
32  32  51  51  52  71  71  71  91  91  91  96  96  96  75  75  75   0   0   0  -8  -8  -8 -18 -18 -18 -19 -19 -19 -17
17  17  26  40  40  49  49  49  40  19  19  13   1   1  -1  -7  -7  -7  -7  -7  -7 -10 -10 -11  -8  -8  -8  -6  -6  -6
36  36  43  54  54  58  65  65  65  53  53  38   5   5   5 -11 -11 -11 -15 -15 -15 -18 -18 -18 -13 -13 -13 -12 -12 -12
50  50  59  75  75  75  80  80  80  79  79  77  32  32  12  -7  -7  -7 -15 -15 -15 -16 -16 -16 -14 -14 -14 -12 -12 -12
37  37  45  62  62  62  62  62  62  46  46  46  23  23  11 -11 -11 -11 -17 -17 -17 -20 -20 -20 -19 -19 -19 -13 -13 -13
8 12 18 18 31 31 31 31 29 29 19 11 11 11  0  0  0 -8 -8 -8 -9 -9 -9 -9 -9 -9 -5 -5 -5 -9
18  20  38  38  38  47  47  55  55  55  55  28  28  22  -3  -3  -3 -13 -13 -13 -15 -15 -15 -15 -15 -15 -11 -11 -11 -17
28  35  47  47  52  65  65  73  79  79  79  64  54  50   3   3   3 -16 -16 -16 -11 -11 -11 -14 -14 -14 -14 -14 -14 -18
20  20  34  34  35  46  46  46  48  48  48  44  37  37  -2  -2  -2 -14 -14 -14 -15 -15 -15 -20 -20 -20 -14 -14 -14 -18
10 10  8  8  8  7  7  7  4  4  4  0  0 -2 -2 -2 -5 -4 -4 -4 -6 -6 -6 -7 -7 -7 -7 -7 -7 -6
19  19  23  23  23  20  20  20  11  11  11  -1  -1  -1 -10 -10 -10  -6  -6  -6 -15 -15 -15 -11 -11 -11 -13 -13 -13 -11
26  26  28  28  28  31  31  31  28  28  28   9   9   9  -8  -8  -8  -6  -6  -6 -14 -14 -14 -15 -15 -15 -13 -13 -13 -14
17  17  19  19  19  19  19  19  17  17  17   5   5   5 -12 -12 -12  -7  -7  -7 -18 -18 -18 -16 -16 -16 -15 -15 -15 -15
11 13 16 16 16 20 20 20 28 28 28 24 24 21 24 24 24 17 17 17 10 10 10  2  2  1  2  2  2 -2
25 25 32 32 32 38 38 38 45 45 45 47 47 47 49 49 49 41 41 40 20 20 17  2  2  2  0  0  0 -5
28 28 38 38 43 49 49 52 60 60 60 68 68 68 69 69 69 72 72 72 51 51 51 14 14 10  0  0  0 -9
27  27  27  27  27  39  39  39  45  45  45  44  44  44  49  49  49  46  46  46  35  35  35  15  15   9  -6  -6  -6 -10
16 16 17 20 20 23 23 23 22 23 23 23 16 16 16 11 11  9 11 11 11 -2 -2 -2 -1 -1 -1 -4 -4 -4
31 31 31 37 37 37 37 37 37 43 43 43 40 40 40 28 28 28 16 16 16 -1 -1 -1 -5 -5 -5 -6 -6 -6
38  38  38  47  47  47  53  53  53  55  55  55  56  56  56  49  49  49  27  27  27  -2  -2  -2  -3  -3  -3 -12 -12 -12
28  28  28  36  36  36  42  42  42  37  37  37  38  38  38  35  35  35  21  21  21   0   0   0  -8  -8  -8 -10 -10 -10
14 16 19 19 20 22 22 22 20 20 20 21 21 21 12 12 12  5  5  3 -2 -2 -2 -2 -2 -3  1  1  1  2
29 31 33 33 34 37 37 37 43 43 43 41 41 41 19 19 19  0  0  0 -7 -7 -7 -3 -3 -3 -3 -3 -3 -2
38 38 41 41 44 51 51 53 57 57 57 64 64 64 46 46 41  9  9  9 -4 -4 -4 -6 -6 -6 -4 -4 -4 -3
26  26  34  34  34  33  33  33  42  42  42  41  41  41  34  34  34   9   9   6  -7  -7  -7 -10 -10 -10  -6  -6  -6  -8
-2  -2   0   2   2   7   7   9   3  -1  -1  -5  -9  -9 -14 -13 -13 -13 -12 -12 -12 -12 -12 -11 -11 -11 -14 -14 -14 -13
14 18 20 22 22 30 30 30 27 20 20 12 18  7  4  0  0  0  2  2  2  1  1  1  1  3 -2 -2 -2 -2
18 18 30 32 36 43 45 45 46 46 40 36 12 10  9  4  4  4  1  1  1  1  1  0 -1 -1  1  3  3  3
33 33 48 48 48 54 54 54 55 55 49 45 28 20 20 20 20 13 13 13  9  9  9 11 11 11 10 10 10 10
 3   3  11  13  13  26  26  26  24  24  15   6   3   1  -4  -5  -5  -9  -9  -9 -11 -11 -11 -10 -10 -10  -7  -7  -7  -8
19 28 30 32 38 47 47 47 54 54 40 38 22 14 10  6  2  1  1  1  0  0  0 -2 -2 -2  3  3  3  1
26 33 42 49 55 65 67 74 78 80 78 67 44 30 26  6  5  3  0  3  2  2  2  3  3  3  0  1  1  2
39 43 56 59 63 74 76 79 80 80 78 75 65 41 38 19 19 12  6  6 10 10 10 11 11 11  9  9  9  8
0  0  7  7 10 24 24 24 20 15 10  3  0 -1 -7 -7 -7 -4 -4 -4 -9 -8 -8 -1 -1 -3 -3 -3 -4 -5
14 16 23 27 29 43 46 48 48 42 29 26  9  9  0 -3 -3  3  3  3  3  3  3  0  0  0  2  2  2  1
23 24 31 34 36 55 57 69 75 75 58 37 14  8  7  2  2 -2 -1 -1  0  0  0 -2 -2 -2 -1 -1 -1 -1
33 33 47 47 48 67 68 70 75 75 70 61 29 24 14 10 10  6  6  6  9  9  9  8  8  8  9  9  9  8
7 15 15 17 30 33 34 43 43 43 49 49 49 49 37 28 28 21 11 11 11 11 11  5  1 -1 -6 -6 -3 -3
16 29 31 40 46 49 59 71 75 76 78 78 78 75 73 66 63 53 35 35 27 23 18 18  8  6  6  6  3  3
22  36  37  43  62  62  75  89  94 102 118 118 118 118 110  98  96  82  68  60  45  33  22  17  11  10   6   6  -2  -2
34  45  47  54  72  73  78  96  96 102 108 108 108 105 100  97  95  85  70  69  63  51  51  36  20  19  15  14   3   3
3  3  7  7  7  7  7  7 10 10  4  4  4  9  6  6  2  2  2  2 -1 -1 -1 -2 -2 -2 -3 -3 -3 -4
11 14 18 18 18 19 22 22 24 24 24 21 21 21 18 18 18  9  9  6  6  6  3  3  3  4  0 -1 -1  2
16 16 24 24 24 25 26 26 33 33 33 34 34 34 29 27 21 19  8  8 13 13 13  0  2  2  2  2  2  0
26 26 36 36 36 37 37 37 42 43 43 45 45 45 44 44 37 37 37 28 20 20 20  8  8  8 15 15 12 12
5  9  9  9  9 14 14 10 10 10 11 11 11 13  5  5  5  9  9  4  0  0  0  1  1  1 -3 -3 -3  1
10 11 15 18 18 24 24 26 26 26 25 22 22 22 18 18 18 16 16  9  8  4  4  1  1  1 -1 -1 -1  4
18 18 27 27 27 32 32 32 32 32 32 37 38 38 41 41 31 29 22 19 11 11 11  5  5  5  2  2  2  3
26 26 36 36 36 38 38 38 46 46 46 45 45 45 46 46 43 34 32 30 20 15 15  9  9  9 12 12 12 10
17 17 17 17 17 28 28 30 33 33 28 18 18 17 12 11  9  4  4  4  4  4  4 -1 -1 -1 -3 -3 -3  0
22 22 30 34 34 40 41 43 45 45 45 42 37 26 25 19 11  7  5  3  3  3  4  2  2  2  2  1  1  2
24 24 32 36 36 53 56 56 69 69 69 65 61 47 45 30 20 17  4  4  1  1  1  5  5  5  0  0  0  6
34 34 48 48 48 58 58 58 69 69 70 61 61 61 51 39 24 20 13 13  6  6  6  8  8  8  6  6  6 11
14 14 17 17 17 18 18 18 13 11 11 11 11  8  7  7  7  3  3  3  4  4  4  4  4  4 -3 -3 -3  1
21 21 30 30 30 26 26 26 27 27 27 19 19 16 16 16 11  6  6  6  6  6  6  2  2  2  0  0  0  0
27 27 34 34 34 39 39 39 43 43 42 29 29 23 20 15 10  6  6  6  4  4  4  3  3  3  3  3  2  0
32 32 36 36 36 44 44 44 46 46 44 39 39 34 21 21 21 10 10 10  8  8  8  2  2  2 10 10  7  3
7  7 12 12 12 16 16 17 11 11 11 12 12 11  6  6  6  2  2  2  2  2  2  3  3  2  0  0  0 -3
14 14 21 21 21 29 29 29 30 30 25 24 21 17 16 14 11  7  7  7  5  5  5  4  4  4  1  1  1  1
22 22 29 29 29 35 35 35 37 37 37 30 30 15 15 14 13 12 12 11  3  3  3  3  3  3  0  0  0  6
28 28 35 35 42 39 39 39 41 41 40 34 34 34 26 26 22 13 13 13  5  5  5  3  3  3  9  9  9  5
11 11 12 12 12 12 12 12  6  6  6  6  6  5 -2 -2 -2  3  3  3 -2 -2 -2 -3 -3 -3  1  1  2 -4
22 24 26 26 26 25 25 24 15 15 15  7  7  4  3  3  3  8  8  7  0  0  0 -1  1  1  3  3  2  2
28 28 37 37 37 29 29 29 28 22 15  4  4  4  8  8  7  1  1  1  4  4  4  7  7  7  1  1  1  3
33 33 40 40 40 37 37 37 31 31 19 11 11 11  8  8  8  1  1  1  7  7  7  9  9  9  4  4  4  5
8  7 13 13 15 12 12 12  8  8  8  1  1  1  1 -3 -3  2  2  2 -2 -2 -2 -3 -3 -3 -2 -2 -2 -2
17 16 25 25 24 19 19 19 22 22 18 16  8  8  4  3  3  4  4  4  1  1  1  2  2  2  2  2  2  4
23 22 25 26 26 33 33 33 26 26 26 21 18 15 10  5  5  4  2  2  1  1  1  2  2  2  4  4  4 -2
27 26 33 33 33 37 37 35 29 29 29 25 25 23 11 11 11 -4 -5 -5  0  0  0 11 11 11  7  7  7  3
11 11 16 16 16 16 16 16 14 14  7  2  1  1  0  0  0 -3 -3 -3  1  1  1 -2 -2 -2  1  1  1  0
22 25 26 27 27 35 35 30 27 23 12 11  6  6  2  4  4  4  2  2  5  5  5  0 -4 -4  3  3  2  2
26 26 38 38 38 52 52 52 43 30 19 17  8  8  4  4  4  3  3  3  7  7  5 -2 -2 -2  0  0  0 -3
32 32 40 40 47 49 49 39 37 34 25 20 10 10  6  4  4  6  6  6  5  5  5  4  4  4  1  1  1  4
13 14 14 14 16 14 14 14 12 11 10  8  8  7  5  5  4  0  0  0  2  2  2  2  2  3  4  4  4  4
18 18 23 23 23 26 26 26 23 23 17 10  7  7  3  1  1 -1 -2 -2  4  4  4  4  4  3  2  2  2  1
27 29 31 31 31 36 37 37 37 34 23 19 13 13  3  3  3  3  3  3  0  0  0  1  1  1  5  5  5 -1
30 30 30 31 31 38 38 38 41 41 31 29 15 13  3  3  3  3  3  3  4  4  4  2  2  2  4  4  4  0
14 14 16 16 20 19 19 19 17 12 12 11 11  4  4  4  6  2  2  2  5  5  2  1  1  1  3  3  4 -1
21 22 26 26 29 33 33 33 26 26 24 21 17  9  4  4  4  3  3  3  0  0  0  4  4  7  3  3  0 -1
28 28 35 37 37 46 46 49 45 45 39 35 26 17 14  8  8  8  8  8  7  7  7  4  4  4  2  2  2  1
27 27 43 43 44 48 48 50 47 47 47 34 34 20 11  7  7  9  9  9  9  9  9  2  2  2  4  4  4 -1
12 12 24 24 24 22 22 19 16 11 10  7  7  7  3  3  3 -2 -1 -1 -1 -2 -2  1  1  1  2  2  2  3
27 27 33 35 36 40 40 34 28 21 12  6  6  6  4  4  4 -2  0  0  2  2  2  5  5  5  5  5  5  5
35 35 46 47 47 63 63 58 54 27 18 17  5  5  3  3  3  3  3  3 -1  2  2  2  2  2  3  3  3  2
35 38 46 46 46 59 59 59 50 39 21 14  9  9  3  3  3  5  5  5  4  4  4  4  4  4  5  5  5  4
12 12 15 15 18 23 23 23 16 16 12 11  4  3  2  2  2  0 -2 -2  3  3  3 -2 -2 -2  5  5  6  0
23 24 32 32 32 40 40 41 34 28 22 17  9  8  6  6  3  0  0  0  2  2  2  1  1  1  4  4  4  4
25 25 32 34 34 52 53 59 59 53 36 29 15 10  2  2  2 -1 -1 -1  6  6  6 -2 -2 -2 -2 -3 -3  1
26 26 38 38 38 54 54 54 57 57 42 36 22 15  3  3  3 -1 -1 -1  7  7  7 -1 -1 -1  1  1  1 -1
7  7 12 12 12 20 20 19 15 15 14 12 10  8  2  2  2  1  1  1  0  0  0  5  5  5  0  0  0 -1
17 17 20 24 24 31 31 31 31 29 29 22 12 12  6  6  6  5  5  5  1  2  2  6  6  6  2  2  2  2
22 22 30 30 34 42 42 42 50 50 41 40 24 18 11  4  4  2  2  2  5  5  5 -2 -1 -1  3  3  3  7
26 26 33 33 33 42 42 42 43 43 43 34 31 18 13  6  6  1  1  1  7  7  7  1  1  1  2  2  2  7
15 18 20 20 24 27 27 25 20 20 12 11  6  6  3  3  3  5  5  5 -2 -2 -2  3  3  2  0  0  0  4
22 25 36 36 37 39 39 41 37 34 19 18  3  3  1  1  1  1  1  1  2  2  2  1  1  1  1  1  1  2
27 27 43 43 45 56 59 59 59 59 41 40 12 11  5  2  2  2  2  2  1 -1 -1  3  3  3  1  1  1  1
33 33 48 48 48 56 56 56 60 60 42 40 19 19 12  4  4  6  6  6  5  5  5  2  2  2  2  2  2  0
18 18 21 21 21 29 29 31 27 27 27 24 24 16 12  8  8  1  1  1  5  5  7  8  8  7  7  7  6  4
20 22 26 26 26 37 37 38 47 47 40 37 32 18 16  7  5  1  1  1  6  6  3  3  3  2  1  1  1  0
28 28 37 37 37 50 53 53 67 68 69 69 65 35 30 14 10  3  3  3  0  0  0  0  1  1  1  0  0  3
31 31 41 41 41 50 51 51 66 66 66 73 73 53 39 20 18  5  5  5  1  1  1  2  2  2  0  0  0  7
14 14 24 24 24 31 31 29 20 20 12  5  5  5  3 -1 -1  1  1  6  0  0  0  4  4  4  0  0  0  4
20 20 31 32 32 45 45 39 34 26 18 15  3  3  2  2  2  2  2  2  2  2  2  3  3  3  0  0  0  1
27 29 38 40 48 51 60 71 71 58 27 19  8  8  2  2  2 -2 -2 -2  2  2  2 -2 -2 -1 -1 -1 -1  7
31 31 48 48 51 57 57 58 70 70 41 31 10 10  2  2  2  2  2  2  3  3  3 -2 -2 -1  0  0  0  6
9  9 15 15 20 26 26 23 17 16 11 10  5  5  2  2  2  6  6  6 -1 -1 -1  2  2  2 -1 -1 -1  1
15 15 26 26 26 34 36 36 36 30 20 16  6  6 -1 -1 -1  2  2  2  0  0  0  1  1  1 -2 -2 -2  2
19 19 27 30 35 49 53 56 58 58 33 27 14 12  6  6  6 -1 -1 -1  2  2  2  3  3  3  3  3  3  7
27 27 35 35 38 54 54 54 60 60 51 38 21 14  7  7  7  1  1  1  5  5  5  3  3  3 -4 -4 -4  6
14 14 15 16 16 16 24 24 17 13 13 13  7  6  4  0  0  0  1  1  1  3  3  1  1  1  2  3  3  3
20 20 20 23 26 26 34 35 35 35 23 15 14 11  7  3  3  3 -2 -2 -2 -3 -3 -3  0  0  0  3  3 -1
25 25 25 37 37 37 48 48 48 46 38 25 24 10 10  5  5  5  0  0  0  3  3  3 -1 -2 -2 -2  1  1
28 28 28 41 41 41 47 48 48 48 45 32 30 12 12  1  1  1  2  2  2  2  2  2  1  1  1  2  2  2
16 16 20 22 22 36 39 40 41 41 37 25 22 17 15 14 10  6  6  5  1  1  1  6  6  4  4  4  4  2
23 23 31 32 33 49 49 49 56 56 56 53 42 31 31 18  8  4  0  0  1  1  1  0  0  0  5  5  5 -3
31 31 44 46 53 63 66 70 74 74 74 80 80 59 54 31 17 12 11  7  6  6  4  1  1  1  1  1  1  3
32 32 49 50 50 66 66 70 78 78 78 70 70 62 59 39 22 18 13 13  6  6  6  1  1  1 -1 -1 -1  8
16 16 26 26 29 34 34 36 33 33 33 37 37 37 37 34 34 30 30 24 20 20 14 11 11 11  9  9  8  1
24 24 34 35 36 51 51 54 59 59 60 56 56 56 52 52 52 46 46 37 32 30 25 17 17 12  7  7  6  1
24  25  39  39  39  51  54  55  81  81  83 102 102  98  88  87  79  77  62  62  51  51  42  32  26  18  12   7   7   6
31 31 44 44 45 49 49 49 68 68 68 86 86 94 86 86 84 80 74 60 54 52 39 36 33 27 12 11 11  6
15 16 19 19 22 21 21 21 26 26 26 25 25 19 19 19 13 12 12  9  2  2  2  4  4  4  6  6  6  6
21 23 33 33 33 35 35 35 39 39 39 38 38 38 30 30 24 18 17 16 10  7  7  4  4  4  6  6  4  4
24 24 37 37 37 51 51 51 58 58 57 47 47 47 43 43 39 28 27 24 16 13 12  6  6  6  1  1  1  2
29 31 34 34 34 54 54 54 61 61 56 47 47 47 47 47 43 33 33 25 19 19 10  8  8  7 -6 -8 -8 -1
16 16 25 25 24 24 24 27 27 27 20 16 16 13  5  4  4  2  2  2  6  6  8  6  6  5 -2 -2 -2  4
20 20 29 29 32 41 41 39 38 38 31 26 24 14 14  6  6  2  2  2  3  3  1 -2 -2 -2  1  1  1  1
21 21 34 34 37 51 51 52 50 50 48 35 31 22 20 13 13  5  2  2 -6 -6 -6  2  2  2 -3 -3 -3 -4
30 31 37 37 40 45 45 45 51 51 49 35 33 30 16 16 11  2  2  2  4  4  4  7  7  3 -2 -2 -2 -2
19 19 13 13 13 11 11 11  7  7  7  7  7  4  3  3  1  1  1  4  7  7  6  5  5  5  0  0  0  7
28 29 27 27 26 25 18 12  9  8  5  5  5  6  3  3  3  0  0  0  4  4  4  0  0  0  0  0  0  4
36 37 53 53 46 43 32 20 15 13 11  3  3  3  2  2  2  6  6  5  0  0  0 -1 -1 -1  1  1  1  3
39 40 52 52 51 42 42 28 20 20 11  8  8  7  3  3  3  5  5  6  1  1  1 -1 -1 -1  3  3  4  1
12 12 12 12 12  9  9  8  5  5  5  4  4  4  2  2  2  3  3  3  2  2  2  4  4  5  0  0  0  2
16 16 20 20 20 21 21 20  7  6  6  3  2  2  2  2  2  5  5  6  2  2  2  0  0  0 -1 -1 -1  5
27 27 34 34 29 25 25 23 15 15 13  7  5  5  3  3  3 -2 -2 -2  0  0  0 -3 -3 -3  4  4  4  7
30 30 33 33 33 29 29 21 18 18 15  7  7  7  6  6  6  3  3  3  4  4  4 -3 -3 -3 -1 -1 -1  3
17 17 21 21 21 19 19 19 20 20 10 10 10  6  6  6  6  6  6  6  5  5  5  6  6  6  3  3  3  1
24 24 33 33 33 35 35 35 32 32 18 16 16 12  3  3  3  3  3  3  5  5  5  6  6  6  3  3  3  2
33 33 41 41 41 48 48 48 44 42 31 29 15  9  5  5  5  2  2  2 -1 -1 -1 -3 -3 -3 -2 -2 -2  3
32 32 44 44 44 47 47 47 47 47 36 30 21 12  7  7  6  2  2  2  1  1  1  0  0  0  2  2  2  3
18 20 20 22 22 13 10 10  7  4  4  4  3  3  3  3  3  3  3  3  0  0  0  0  0  0  0 -2 -2 -2
24 25 29 32 29 28 19 18 11 10  5  5  1  1  1  3  3  3  2  2  2  0  0  0  1  1  3  2  2  2
38 38 40 41 41 41 32 32 17 15  9  9  3  3  3  1  1  1  2  2  2  1  1  1  1  1  1  2  2  2
38 38 43 41 41 38 38 31 24 13 13 12  8  8  8  4  4  4 -1 -1 -1  3  3  5  1  1  1  5  5  6
12 12 12 12 12 16 16 16 14 14 12  6  6  5  2  2  2  3  3  2 -5 -5 -5  4  4  4  4  4  5  1
19 22 27 27 27 29 29 29 26 24 14 13 10  8  3  2  2  2  2  2 -1 -1 -1  5  5  5  4  4  4  2
22 22 33 33 33 42 42 42 37 36 27 23 17 11  3  3  3  0  0  0 -1 -1 -1 -2 -2 -2  0  0  0  1
31 32 38 38 39 42 42 42 37 37 34 26 22 10  1  1  1  4  4  2  2  2  5  2  2  2 -1 -1 -1  1
9 10 17 17 21 25 25 27 24 24 23 14 12  6  4  4  4  0  1  1  4  4  1  1  1  2 -2 -2 -2  3
20 20 28 28 32 37 37 37 44 44 33 31 19  9  4  4  4  3  3  3  2  2  2 -1 -1 -1  0  0  0  2
22 25 30 30 30 51 51 51 74 74 68 58 36 14  7  4  4  8  8  6  1  1  1 -3 -3 -3  4  4  4 -3
26 30 35 35 35 50 51 57 65 65 66 58 45 16  9  9  9  8  8  7  2  2  2  0  0  0  1  1  1 -1
8  8 11 11 11  9  9  9  8  8  5  5  5  7  4  4  2  2  2  6  2  2  2  2  2  2  2  2  2  5
16 16 22 22 22 18 18 14 13 13  5  5  5  6  1  1  1  4  4  4 -1 -1 -1 -1  0  0  0  0  0  4
19 19 23 23 23 28 28 18 15 12  8  2  2  2  2  2  2 -6 -6 -5  1  1  1  3  3  3 -2 -2 -2  3
27 27 26 26 26 33 33 20 16 12  5  3  3  3 -1 -1 -1  4  4  4  2  2  2  2  2  2  0  0  0  1
13 13 12 12 12 10 10 10  9  9  7  4  4  4  5  5  5  6  6  2  2  2  3  3  3  5  0  0  0  2
23 23 20 20 20 18 18 18 14 14 14  6  6  4  2  2  2  5  5  5  0  0  0  6  6  6  5  5  5  2
25 25 25 25 25 25 25 25 15 11 11  8  8  7  6  6  5  2  2  2  6  6  6 -4 -3 -3  2  2  2 -1
29 30 30 30 30 22 22 22 20 19 13  9  5  5  6  6  6 -1 -1 -1  3  3  3 -1 -1 -1  0  0  0  2
11 11 12 16 16 17 18 18 12  8  8  8  3  3  3  2  2  2  2  2  3  2  2  2  0  0  0 -1 -1 -1
20 20 20 24 24 24 22 22 22 12 11 11  6  6  6  4  2  2  4  4  3  1  1  1  1  1  1 -2 -2 -2
26 26 26 30 30 30 34 34 34 25 19 18  8  8  6  2 -7 -7 -2 -2 -2  3  3  3  2  2  2  0  0  0
29 29 31 34 34 35 33 33 33 27 27 16  9  9  9  5  5  5 -3 -3 -3  5  5  5 -1 -1 -1 -1 -1 -1
15 19 25 25 19 19 19 15  7  7  7  7  7  8  7  7  4  3  3  3  1  1  1  0  0  0  2  2  2  3
25 27 30 30 32 30 30 19 17 14  8  2  2  2  4  4  3  2  3  3  3  1  1 -1 -1 -1  2  2  2  0
32 32 41 43 54 53 53 37 30 22 13  7  7  7  6  6  6  6  6  6  1  1  1  1  1  1  4  4  4  1
32 32 42 42 42 43 43 42 38 29 13  7  7  7  3  3  3  4  4  5  0  0  0  3  3  3  3  3  3  2
14 14 12 12 11  8  8  8  3  3  3  5  5  5  6  6  5  0  0  0  4  4  7  4  4  4  5  5  6  2
16 16 16 16 18  8  8  4  3  1  1  0  0  0  2  2  2 -1 -1 -1  3  3  3  2  2  2 -2 -2 -2 -1
30 30 29 29 28 22 11  9  6  6  5  3  3  3  3  3  2  2  2  2 -1 -1 -1 -3 -3 -3  3  3  3 -4
33 35 31 31 28 22 20 17  1  1  1  6  6  6  5  5  5  0  0  0 -1 -1 -1 -2 -2 -2 -2 -2 -2  3
18 19 17 17 15 13 13 11  6  6  6  4  4  4  2  2  2  5  5  3  2  2  2  1  1  1  3  3  3  4
25 25 24 24 24 23 18 15  6  6  6  2  2  2  1  1  1  1  1  1 -1 -1 -1  1  1  1  1  1  1  2
32 32 43 43 43 32 31 21 14  7  7  0  0  0  0  0  0  4  4  4  0  0  0  6  6  4  1  1  1 -2
36 36 45 45 45 40 40 24 22  9  9  2  2  2  0  0  0  1  1  1  1  1  1  4  4  6 -3 -3 -3  4
21 21 31 33 38 35 35 26 22 17  6  4  4  4  5  5  4  4  4  2  2  2  2  7  7  4  4  4  3  3
24 24 41 45 46 63 63 50 45 26  7  3  3  3  2  2  1  1  1  1 -1 -1 -1  3  3  3  2  2  2  0
28 33 56 66 67 93 93 93 92 40 17 13  9  5 -4 -4 -4  1  1  1  5  5  7 -2 -2 -2 -2 -2 -2 -1
32 41 54 60 62 86 86 86 75 58 19 18  8  7  0  0  0 -2 -2 -2  2  2  6  0  0  0  0  0  0 -1
6  6 15 15 15 23 23 21 14 14 11  6  6  6 -1 -1 -1  1  1  1 -1 -1 -1  0  0  0  2  2  2  0
13 13 21 21 21 35 35 35 33 25 19 17  9  8  2  2  2 -2 -2 -2 -2 -2 -2 -2 -2 -2  0  0  1  0
17 17 32 32 36 44 49 50 54 54 39 34 16 13  7  7  7  2  2  2 -2 -2 -2  6  6  4  0  0  0  1
26 27 37 37 40 47 47 47 52 52 43 40 26 12  7  7  7  4  4  4  5  5  4  4  4  4  6  6  6  3
13 13 15 15 16 16 16  8  5  2  2  5  5  5  2  2  2  3  3  3  4  4  4  1  1  1 -1 -1 -1 -1
20 23 24 24 24 27 27 16 10  8  7  3  3  3  0 -3 -3  1  1  1  3  3  3  3  3  3 -1 -1 -1  0
31 32 38 38 38 44 44 22 21 10 10  2  2  2  3  3  3  2  2  2 -2 -2 -2 -1 -1 -1  1  1  1  5
31 31 42 42 45 48 48 27 27 10 10  7  7  7  1  1  1  3  3  1 -2 -2 -2 -3 -3 -3  4  4  4 -4
18 18 17 14  9  6  4  4  4  4  4 -2 -2 -2  2  2  2  0  0  0 -1 -1 -1  3  3  2  2  2  2 -1
26 32 24 23 17  9  5  4  4  4  5  0  0  0 -2 -2 -2 -1 -1 -1  1  1  1  4  4  4  2  2  2 -6
38 38 47 47 26 21  9  9  1  1  1  2  2  2  0  0  0  2  2  2 -3 -3 -3  8  8  8  2  2  2  1
41 41 47 47 32 26 19 10  3  3  3  1  1  1 -2 -2 -2  6  6  6  8  8  3  2  2  2  4  4  5  2
19 21 33 33 38 32 30 20 18 18  8  3  3  0 -2 -2 -2 -3 -3 -3  1  1  1  2  2  2  3  3  1  1
31 32 50 50 50 57 57 44 43 26  9  9  1  1  1 -3 -3 -4 -3 -3 -1 -1 -1 -2 -2 -2  2  2  1  1
44 46 70 70 70 82 82 80 79 48 24 20  9  9  5  5  5  1  1  1  2  2  2  5  5  7  2  2  2  4
44 44 66 66 71 76 76 67 62 60 23 21  5  5  5  5  5  0  0  0  5  5  7  3  3  3  2  2  2  0
13 16 19 19 19 12 11 11  9  5  5  6  6  4 -1 -1 -1  4  4  4  4  4  5  1  1  1  1  1  4  4
16 22 29 29 29 26 26 18 18 11 10  6  6  5 -1 -1 -1  2  2  2  2  2  2  2  2  4  6  6  6  2
26 29 40 40 40 45 45 38 33 24 19  7  7  7  1  1  1  1  1  1  2  2  2 -1 -1 -1  4  4  4  2
31 35 43 43 43 45 45 41 34 34 17  7  7  7  6  6  6  4  4  4  2  2  2 -4 -4 -4  1  1  2  1
13 13 13 13 13 10 10 10  6  5  5  1  1  1  3  3  2  0  0  0  0  0  0  3  3  5  0  0  0  4
15 15 20 20 20 24 24 18  8  6  6  0  0  0  2  2  2 -1 -1 -1 -1 -1 -1  0  0  0  1  1  3  2
27 27 32 32 32 39 39 24 21 14 14  5  5  5  1  1  1  3  3  3  1  1  1  3  3  3  2  2  2  3
29 29 37 37 38 41 41 36 20 20 18  5  5  5  2  2  2  4  4  4 -2 -2 -2  6  6  4  1  1  1 -1
13 16 16 16 13 13 13  6  6  6  4  2  2  2  4  4  4 -1 -1 -1  2  2  2 -4 -4 -4  3  3  3  2
20 20 27 27 21 20 19 12  6  4  2  1  1  1  3  3  3 -2 -2 -2  1  1  1 -1 -1 -1 -2 -2 -2  2
29 29 39 39 39 36 36 23 13 10  8  4  4  4  2  2  2  4  4  4  2  2  2  0  1  1  8  8  8  3
30 30 41 41 41 38 38 20  7  7  2  2  2  2 -1 -1 -1  1  1  1  2  2  2  0  0  0  4  4  4  1
12 12 16 16 16 25 25 22 20 20 13 10 10 10  7  7  7  2  2  2  3  3  3  4  4  3  3  3  3  0
18 18 21 23 23 34 34 34 30 30 26 12  9  7  6  6  4  0  0  0 -1 -1 -1  3  3  4  3  3  3  0
30 33 37 37 37 53 53 53 63 63 40 37 22 12  6  5  5  4  4  4  1  4  4  4  3  3  2  2  2  6
29 33 40 40 40 49 49 49 63 63 45 43 24 14  3  3  3  0  0  0  3  3  3 -2 -2 -2 -2 -2 -2  4
19 19 24 36 36 41 38 38 27 24 20 11  9  9  4  0  0  0  4  4  4 -2 -2 -2  1  1  5  4  4  3
29 31 36 51 51 51 71 71 57 56 36 20  8  8  5  0  0  0  3  3  3  0  0  0  3  3  3  3  3  7
39 39 42 72 73 73 94 94 96 91 76 37 30 13 12  6  6  6  1  1  1  3  3  3  4  4  4  1  1  1
41 41 41 65 65 74 84 84 84 83 83 52 42 15 12 11 11  6  3  3  3 -2 -2 -2  5  5  5  1  1  1
13 16 24 24 29 26 26 21 15 15 10  4  4  4  3  3  3  4  4  4  1  1  1  2  2  2  2  2  4  2
26 26 36 36 43 51 51 35 29 27 13  9  5  5  5  5  6  5  5  5  3  3  3  4  4  4  4  4  4  6
35 35 48 48 53 76 76 78 70 49 23 20 11 11  2  2  2  2  2  2 -1 -1 -1  6  6  6  2  2  2  1
33 35 50 50 55 64 64 64 71 71 34 22 12 12  3  3  3 -3 -3 -3  6  6  5 -2 -2 -2  1  1  1  4
11 13 20 20 20 24 24 24 18 18 12  8  8  7  1  1  1  0  0  0  0  0  0  2  2  1  1  1  3 -2
19 19 32 32 34 43 43 46 35 35 27 16 13  5  3  3  3  3  3  3  3  3  6  6  6  6  4  4  4  0
25 26 41 41 49 60 60 64 77 77 45 41 23 10  6  6  6  3  3  3  0  0  0  3  3  3  2  2  2  0
31 31 48 48 48 60 60 62 66 66 55 47 35 19  8  8  7  3  3  3  5  5  5  4  4  4 -2 -2 -2  0
17 17 23 23 26 28 28 28 22 22 17  9  9  6  6  6  4  3  3  3  1  1  1  3  3  4  1  1  1 -2
21 21 41 41 42 51 51 51 38 38 23 19 10 10  7  7  7  4  4  4  3  3  3  4  4  4  0  0  0  0
27 30 46 46 52 75 75 75 66 66 42 38 24 18  6  6  6  4  4  4  5  5  5  0  0  0  2  2  2  0
32 37 49 49 51 70 70 72 66 66 44 30 30 16  6  6  6  5  5  5  4  4  4  4  4  4  7  7  5  4
10 10 17 17 23 33 33 31 18 18 16  7  7  5  1  1  1 -2 -2 -2 -2 -2 -2 -3 -3 -3 -2 -2 -2 -3
17 21 32 32 32 47 47 47 46 37 23 21  9  9  1  1  1  2  2  1 -4 -4 -4 -1 -1 -1  2  2  3  4
27 29 46 46 46 69 69 69 78 78 48 39 19 14  3  3  3  3  3  3 -8 -8 -8 11 11  6  2  2  2 11
33 34 44 44 48 66 66 71 71 71 63 44 28 17  4  4  4 -1 -1 -1  0  0  0  2  2  2 -1 -1 -1  4
14 15 15 15 15 15 15 15 12 12 11  1  1  1 -2 -2 -2  0  0  0 -3 -3 -3 -2 -2 -2 -2 -2 -2  0
19 22 26 26 26 35 35 32 23 15 13  9  3  3  0  0  0  2  2  2 -3 -3 -3 -5 -5 -5 -1 -1 -1  2
25 27 43 43 43 55 55 55 49 40 21 17 17 13  7  7  7  3  3  3  1  1  1 -1 -1 -1  7  7  6  1
30 30 44 44 44 49 49 49 51 51 28 18 18 13 13 13 10  2  2  2 -3 -3 -3 -3 -3 -3  3  3  2 -2
14 14 18 18 18 22 22 22 12 12 11  5  5  5 -1 -1 -1  2  2  2  0  0  0  2  2  2  2  2  2  1
26 26 33 33 33 36 36 32 21 21 17 17 17 10  2  2  2  5  5  5  1  1  1  3  3  3  4  4  3  2
38 38 47 47 47 54 54 52 43 43 25 20 16 12  7  7  7  2  2  2  0  0  0  0  0  0 -2 -2 -2 -3
38 40 48 48 48 49 49 49 48 48 37 20 20 14  2  2  2  2  2  2  0  0  0  1  1  3  0  0  0  2
10 10  6  6  6 13 13 10  7  7  7  2  2  2  4  4  4  4  4  4  2  2  2 -1 -1 -1  0  0  0  1
24 24 26 26 26 25 25 21 10  9  9  7  7  7  4  4  4  3  3  3  3  3  3  4  4  2  0  0  0  8
31 31 35 35 35 41 41 35 20 20 11  5  5  5  0  0  0  1  1  1  2  2  2  0  0  0  1  1  1  1
36 36 39 39 39 43 43 38 25 25 21  7  7  7  3  3  3  1  1  1 -1 -1 -1  0  0  0  4  4  4 -2
15 14 15 15 15 18 18 17  2  2  2  4  4  4 -1 -1 -1  2  2  1 -2 -2 -2 -3 -3 -3  0  0  0  1
23 22 25 25 25 37 37 22 15 13 10  4  4  4  0  0  0  5  5  5 -2 -2 -2  0  0  0  2  2  2  1
25 24 40 40 40 55 55 39 33 24 11  2  2  2  0  0  0  1  1  1 -3 -3 -3  5  5  5 -2 -2 -2 -1
30 29 41 41 41 51 51 46 35 31 19  3  3  3 -2 -2 -2 -1 -1 -1 -3 -3 -3 -3 -3 -3 -2 -2 -2 -1
14 14 19 19 19 19 19 19  9  9  9  1  1  1  1  1  1 -3 -3 -3  0  0  0  1  1  1  1  1  1 -3
16 16 29 29 29 40 40 30 26 19  8  4  4  4 -1 -1 -1  4  4  4 -4 -4 -4 -4 -4 -4 -5 -5 -5 -4
25 29 42 42 46 59 59 58 49 39 15  8  8  8  3  3  3 -2 -2 -2  0  0  0  0  0  0  2  2  2 -5
32 32 47 47 48 57 57 57 45 45 20  9  9  9  2  2  2 -5 -5 -5 -7 -7 -7  1  1  1 -1 -1 -1 -3
11 11 18 18 18 30 30 30 19 19 19 14 14 14  3  3  3  0  0  0  3  3  3 -2 -2 -2 -4 -4 -4 -3
21 21 32 32 32 39 39 39 44 44 37 28 24 14  8  3  3 -1 -1 -1 -3 -3 -3 -6 -6 -6  2  2  3 -1
28 28 43 43 43 65 65 65 68 68 68 59 52 26 23 10 10  7  7  4  4  4  4  1  1  1 -5 -5 -5  0
33 33 45 45 45 56 56 56 63 63 63 61 61 39 29 13 13  6  6  6  2  2  2  0  0  0 -5 -5 -5  3
11 11 14 14 14 31 31 33 33 33 33 15 15 13  4  4  4 -1 -1 -1  1  1  1  0  0  0  1  1  1 -2
14 14 27 27 27 39 39 39 54 54 54 50 36 19 17  6  4  4  4  2 -3 -3 -3  3  3  3  1  1  1 -3
24 25 34 34 34 58 58 60 79 79 81 72 72 39 33 11 11  4  4  4  5  5  5  2  2  2  4  4  4 -1
29 29 38 38 38 58 58 58 75 75 75 71 71 42 41 16 16  1  1  1  5  5  5 -4 -4 -4  0  0  0 -1
15 15 28 28 28 42 42 42 28 28 28 15 15 15  6  6  6  0  0  0  1  1  3  2  2  2 -1 -1 -1 -3
23 23 34 34 34 48 48 48 61 61 44 41 25 14  5  5  5  3  3  3 -3 -3 -3 -2 -2 -2 -1 -1 -1 -2
33 33 47 47 52 68 68 72 87 87 86 77 57 27 21 13 13  1  1  1  4  4  4  2  2  2  1  1  1  1
37 37 55 55 55 67 67 67 74 74 74 61 61 38 30 15 15  1  1  1  2  2  2  3  3  3 -3 -3 -3 -1
13 13 19 19 19 20 20 20 22 22 16 10 10 10 -1 -1 -1 -1 -1 -1 -1 -1 -1  2  2  2 -1 -1 -1  3
18 22 28 28 28 40 40 40 34 34 23 18 12 11  0  0  0  0  0  0  3  3  4 -1 -1 -1  1  1  1  0
26 26 41 41 41 56 56 57 75 75 48 45 23 15  6  6  6  1  1  1  3  3  3  4  4  4  2  2  2  4
30 30 45 45 45 53 53 53 68 68 58 51 30 20  7  7  7  0  0  0 -2 -2 -2  2  2  2 -2 -2 -2  3
14 15 18 18 18 28 28 28 29 29 27 23 23 23 13 13 11  3  3  3  3  3  3  3  3  3  2  2  2 -1
16 16 25 25 30 37 37 37 48 48 48 43 43 35 23 21 14  9  9  9  0  0  0  0  0  0 -1 -1 -1  0
25 27 34 34 34 53 53 54 64 64 71 80 80 62 55 42 25 13  8  8  6  6  6  6  6  6 -1 -1 -1  3
30 30 38 38 38 58 58 59 63 63 63 68 68 68 54 54 33 15  7  7  2  2  2  2  2  2 -2 -2 -2  0
10 10 18 18 18 28 28 35 38 38 38 26 26 26 21 21 12  5  2  2  0  0  0 -3 -3 -3  1  1  1  1
19 19 27 27 27 39 39 41 52 52 55 61 61 44 42 34 16  8  7  7  1  1  1  2  2  2  1  1  1  2
25 25 36 36 36 52 52 52 75 75 76 93 93 93 80 66 27 23 11 11  2  2  2  2  2  1  1  1 -1 -1
28 28 42 42 42 56 56 57 71 71 72 76 76 76 81 81 33 23 11 11  2  2  2  3  3  3 -1 -1 -1  3
14 14 17 17 20 23 23 18 18 18 20  4  4  4  2  2  1  1  1  3 -2 -2 -2  4  4  5  0  0  0  1
18 18 26 26 29 35 35 35 29 29 21 12 12  5  5  5  6  3  3  1  1  1  4  0  0  0  3  3  3  2
22 26 36 36 40 45 45 49 57 57 33 32 16  7  4  4  3  3  3  5  4  4  4  5  5  5 -2 -2 -2  2
31 32 39 39 39 48 48 48 56 56 48 29 25 13  2  2  2  5  5  6  3  3  3  5  5  5  0  0  0 -1
13 14 27 27 31 37 37 32 20 20 13  8  8  5  4  4  1  1  1  2  4  4  4  2  2  2  3  3  3  2
21 21 35 35 39 64 64 61 60 40 18 12  8  5  2  2  2  3  3  3 -2 -2 -2  3  3  3  0  0  0  2
23 23 42 47 53 78 88 89 89 89 39 24 15  9  6  6  1  1  1  3  4  4  4  2  2  2  2  2  2  1
31 31 56 56 57 74 74 74 92 92 49 37 18 16  8  8  2 -1 -1 -1  3  3  3  6  6  6  5  5  5  2
12 15 16 16 16 17 17 17 12 12 12  6  6  4  4  4  4  4  4  4  5  5  5  1  1  1  3  3  3  5
13 15 25 25 27 26 26 26 18 17 14  9  9  5  2  2  1  0  0  0 -1 -1 -1  0  0  0  1  1  1  0
21 26 32 32 37 41 41 41 31 31 17 10 10 10  5  5  5  5  5  5  2  2  2  2  2  2  5  5  2  2
30 30 39 39 39 43 43 43 35 35 28 17 17 15  3  3  3  3  3  3  3  3  3 -1 -1 -1 11 11  7  4
14 14 19 19 19 24 24 24 27 27 27 21 21 18 12 12 10  2  2  2  0  0  0  1  1  1  4  4  4 -2
15 16 33 33 35 36 36 36 35 35 35 30 30 23 18 15  8  7  7  7  5  5  4  4  4  1 -4 -4 -4  0
22 25 38 38 50 58 58 58 58 58 55 54 54 44 31 30 12  3  3  3  5  5  5 -1 -1 -1  5  5  6  1
28 28 45 45 48 64 64 64 57 57 56 52 52 51 38 38 24  9  9  9  2  2  2  3  3  3  5  5  5  1
23 23 24 24 24 26 26 22 15 15 15 12 12 10  5  5  5  1  1  1  0  0  0  3  3  1 -2 -2 -2 -4
32 32 48 48 41 38 38 35 31 31 26 16 16 16  9  9  4  2  2  2  1  1  1 -1 -1 -1 -1 -1 -1  2
32 34 55 55 59 64 64 51 42 42 32 29 29 24 14 14 11  6  6  6  2  2  2  2  2  4  0  0  0 -1
39 39 57 57 57 67 67 62 46 46 38 27 27 27 16 16 16  7  7  7  4  4  4  6  6  6  2  2  2  3
16 19 20 20 21 32 32 32 29 29 25 16 16 11 11 11  6  3  3  0  0  0  2  0  0  0  2  2  2 -1
27 28 35 35 37 40 40 40 55 55 50 40 33 19 14  9  7  7  7  4  4  4  4  6  6  8  5  5  4  3
33 35 45 45 46 53 53 60 73 73 79 65 64 37 32 20  7  4  4  4  2  2  2  1  1 -5 -5 -5  1 -1
42 42 49 49 49 64 64 64 68 68 70 65 65 49 31 27 12  7  7  7  8  8  8  1  1  1  2  2  2  2
16 16 26 26 26 34 34 35 41 41 39 37 37 37 37 37 37 37 37  4 -2 -2 -2  1  1  1  4  4  4  3
21 27 41 41 44 51 51 51 58 61 63 68 68 68 74 74 49 40 17  9  8  8  6  4  4  4  4  4  4  3
23  23  45  45  50  75  75  75  75  76  78 123 130 139 139 139  75  45  28   9   6   6   6  -1  -1  -1   3   3   3  -1
32  32  50  50  50  76  76  76  74  74  74 101 126 134 180 180 111  64  37  22   6   6   6   0   0   0   7   7   7   1
14 14 11 11 11  6  6  6  7  7  7  4  4  4  2  2  2 -2 -2 -2  3  3  3  0  0  0  6  6  6  2
29 29 20 20 20  8  8  8  5  5  5  0  0  0  4  4  4  2  2  2 -1 -1 -1  4  4  4  0  0  0  3
40 40 32 32 32 13 13 13  6  6  6  5  5  5  4  4  4  2  2  2 -1 -1 -1  1  1  1  3  3  3  0
45 45 31 31 31 19 19 19 11 11 11  4  4  4  5  5  5  6  6  6  0  0  0  6  6  6  2  2  2  7
17 17 23 23 23 17 17 17  9  9  9  2  2  2 -4 -4 -4  1  1  1  0  0  0  3  3  3  2  2  2  0
28 28 39 39 39 34 33 33 14 14 14  5  5  5  0  0  0  0  0  0  4  4  4  2  2  2 -2 -2 -2  1
36 41 57 65 65 48 45 45 25 25 25  9  9  9  5  5  5  8  8  8  0  0  0  3  3  3  6  6  6 -1
38 38 58 58 58 53 51 51 28 28 28 15 15 15  3  3  3  2  2  2  8  8  8  6  6  6  5  5  5  1
9  9 14 14 14 11 11 11  7  7  7  4  4  4 -2 -2 -2  1  1  1 -1 -1 -1  3  3  3 -3 -3 -3 -2
22 22 22 22 22 20 20 20  8  8  8  3  3  3  5  5  5  1  1  1  0  0  0  2  2  2 -3 -3 -3  0
30 30 36 36 36 38 38 38 25 23 23  8  8  8  4  4  4  7  7  7  4  4  4  2  2  2  0  0  0  3
37 37 40 40 40 40 40 40 25 25 25  8  8  8  9  9  9  1  1  1  4  4  4  4  4  4  0  0  0  1
10 10 18 15 15  8  8  8  5  5  5  1  1  1  0  0  0  0  0  0  3  3  3 -4 -4 -4  4  4  4 -2
19 19 23 23 23 13 13 13  6  6  6  1  1  1  6  6  6  7  7  7  0  0  0  2  2  2  3  3  3  3
26 26 38 41 41 30 30 30 13 13 13  5  5  5  5  5  5  6  6  6  8  8  8  3  3  3  7  8  8  4
27 27 36 36 36 31 31 31 15 15 15  7  7  7  8  8  8 10 10 10  2  2  2  2  2  2  4  4  4  6
15 15 15 15 15  7  7  7  6  6  6  3  3  3  0  0  0  4  4  4  1  1  1  4  4  4  3  3  3 -3
28 28 31 31 31 13 13 13  0  0  0  1  1  1  3  3  3 -2 -2 -2  3  3  3 -1 -1 -1  0  0  0  1
42 42 54 51 51 27 22 22 11 11 11  8  8  8  3  3  3  7  7  7  6  6  6  8  8  8  6  6  6  4
44 44 49 49 49 25 25 25  8  8  8  6  6  6  7  7  7  4  4  4  1  1  1  1  1  1  2  2  2  6
7  7 10 10 10  6  6  6  0  0  0 -1 -1 -1  0  0  0  1  1  1  0  0  0 -3 -3 -3  4  4  4  0
14 14 16 16 16 12 12 12  2  2  2  0  0  0 -1 -1 -1 -4 -4 -4  1  1  1  2  2  2 -1 -1 -1  3
24 24 26 26 26 18 18 18 10 10 10  6  6  6  2  2  2  0  0  0  4  4  4  4  4  4  4  4  4  1
26 26 25 25 25 22 22 22  7  7  7  4  4  4  8  8  8  2  2  2  9  9  9  4  4  4  0  0  0  2
11 12 12 12 10 10 10  8  6  6  4  4  4  0  0  0 -1 -1 -1  4  4  4  0  0  0  5  6  6  0  0
14 21 21 21 18 18 18  9  9  9  4  4  4  2  2  2  3  3  3  2  2  2  3  3  3  3  3  3  2  2
27 34 36 36 29 29 29 12 12 12  4  4  4  3  3  3  2  2  2  8  8  8  2  2  2  8  8  8  4  4
21 35 39 39 32 32 32 19 19 19 10 10 10  8  8  8  7  7  7  6  6  6 10 10 10  7  7  7 10 10
8  8 10 10 10  7  7  7  4  4  4 -2 -2 -2  6  6  6  0  0  0 -1 -1 -1 -1 -1 -1  6  6  6 -2
16 16 20 20 20 10 10 10  6  6  6  2  2  2  0  0  0  5  5  5  4  4  4  6  6  6  3  3  3  3
27 27 33 33 33 17 17 17  7  7  7  3  3  3  7  7  7  2  2  2  3  3  3  1  1  1  7  7  7  3
26 26 32 32 32 20 20 20 10 10 10  5  5  5  5  5  5  8  8  8  8  8  8  5  5  5 -2 -2 -2  8
9  9 12 12 12 10 10 10  4  4  4  2  2  2 -1 -1 -1 -2 -2 -2  1  1  1  2  2  2  5  5  5 -1
20 20 25 25 25 17 16 16  7  7  7  4  4  4  6  6  6  6  6  6  5  5  5  3  3  3  3  3  3  5
25 25 33 33 33 28 28 28 11 11 11  6  6  6  3  3  3  3  3  3  5  5  5  5  5  5  7  7  7  3
28 28 33 33 33 23 23 23 15 15 15 10 10 10  8  8  8  8  8  8  6  6  6  3  3  3  1  1  1  0
7  7  5  5  5  2  2  2 -4 -4 -4 -1 -1 -1 -3 -3 -3 -1 -1 -1  1  1  1 -1 -1 -1  2  2  2  2
19 19 14 14 14 10 10 10 -1 -1 -1  3  3  3 -1 -1 -1  1  1  1  2  2  2  4  4  4  1  1  1  2
26 26 20 20 20 13 12 12  3  3  3  1  1  1  0  0  0  1  1  1  0  0  0  2  2  2  7  7  7  5
31 31 24 24 24 15 15 15  4  4  4  1  1  1  2  2  2  4  4  4  6  6  6  4  4  4  3  3  3  2
10 10  8  8  8  1  1  1  6  6  6  4  3  3  0  0  0 -1 -1 -1  4  4  4  2  2  2  5  5  5 -1
21 21 19 19 19 10 10 10  3  3  3  4  4  4  5  5  5  0  0  0 -1 -1 -1  1  1  1  1  1  1  2
33 33 30 30 30 12 12 12 11  8  8  6  6  6  3  3  3  4  4  4  2  2  2  4  4  4  6  6  6  2
33 33 30 30 30 20 20 20  3  3  3  5  5  5  5  5  5 -1 -1 -1  4  4  4  2  2  2  2  2  2  1
19 19 13 13 13  7  7  7  5  5  5  1  1  1  4  4  4  4  7  7  5  5  5  2  2  2  4  4  4  1
29 29 29 28 28 12 12 12  4  4  4  2  2  2  3  3  3  1  1  1  1  1  1  1  1  1  0  0  0  1
45 45 43 38 38 25 23 23 13 13 13  2  2  2  8  8  8  5  5  5  5  5  5  5  5  5  7  7  7  4
42 42 40 40 40 22 22 22  7  7  7  4  4  4  2  2  2  4  4  4  1  1  1 -1 -1 -1  0  0  0  1
11 14 14 14 10 10 10  7  7  7  6  6  6 -2 -2 -2  3  3  3  2  2  2  0  0  0 -3 -3 -3 -1 -1
18 20 20 20 23 23 23 11 11 11  5  5  5  3  3  3  1  1  1  0  0  0 -1 -1 -1  5  5  5  0  0
27 34 34 34 33 31 31 20 20 20  9  7  7  0  0  0  2  2  2  4  4  4  0  0  0  1  1  1  3  3
25 34 34 34 36 36 36 22 22 22  8  8  8  6  6  6 -1 -1 -1  2  2  2  0  0  0  3  3  3  0  0
11 11  8  8  8  7  6  6  4  4  4  2  2  2 -3 -3 -3 -2 -2 -2  0  0  0  0  0  0 -3 -3 -3  5
13 13 17 17 17 10 10 10  6  6  6  1  1  1  4  4  4  1  1  1  1  1  1  4  4  4  3  3  3 -2
28 28 23 23 23 24 24 24  9  9  9  9  9  9  2  2  2  3  3  3  0  0  0  6  6  6  3  3  3  6
22 22 32 32 32 19 19 19  7  7  7  4  4  4  8  8  8  4  4  4  5  5  5  6  6  6  6  6  6 -2
9 14 14 14 17 16 16  9  9  9  2  2  2 -3 -3 -3  0  0  0 -2 -2 -2  0  0  0  0  0  0 -1 -1
19 24 24 24 22 22 22 13 13 13  6  6  6  1  1  1  2  2  2 -1 -1 -1 -2 -2 -2  3  3  3 -1 -1
28 36 36 36 44 43 43 28 27 27  9  9  9  6  6  6 -1 -1 -1  0  0  0  2  2  2  5  5  5  3  3
27 34 34 34 38 38 38 25 25 25  9  9  9  1  1  1  3  3  3  1  1  1 -3 -3 -3 -3 -3 -3  0  0
13 13 13 13 13  7  7  7  7  6  6  3  3  3 -2 -2 -2 -2 -2 -2  0  0  0  0  0  0  1  1  1  0
19 19 20 20 20 14 14 14  6  5  5 -1 -1 -1  1  1  1  0  0  0  0  0  0  1  1  1  3  3  3  3
32 32 35 39 39 23 23 23 16 14 14  3  3  3 -2 -2 -2  0  0  0 -1 -1 -1  1  1  1  4  4  4  2
26 26 34 34 34 24 24 24 11 10 10  3  3  3  4  4  4  3  3  3 -2 -2 -2 -2 -2 -2  3  3  3  2
14 13 13 13 12 12 12  8  8  8  4  4  4  2  2  2 -1 -1 -1  2  2  2  1  1  1  1  1  1  5  5
19 23 23 23 30 26 26 16 16 16  3  3  3  7  7  7  4  4  4 -1 -1 -1 -1 -1 -1  4  4  4 -3 -3
31 42 43 43 39 39 39 20 20 20  9  9  9  2  2  2  3  3  3  3  3  3  1  1  1 -3 -3 -3  4  4
28 41 41 41 40 40 40 25 25 25  8  8  8  6  6  6  2  2  2  0  0  0  1  1  1  2  2  2 -4 -4
10 10 12 12 12  9  9  9  1  1  1  4  4  4  0  0  0 -3 -3 -3  3  3  3  0  0  0 -2 -2 -2 -4
20 20 13 13 13 13 13 13  3  3  3  0  0  0  0  0  0 -2 -2 -2 -3 -3 -3  0  0  0 -1 -1 -1  0
26 26 27 27 27 12 12 12  2  2  2  3  3  3 -3 -3 -3 -1 -1 -1  3  3  3  0  0  0  0  0  0 -1
28 28 24 24 24 17 17 17 10 10 10  2  2  2  4  4  4 -3 -3 -3 -2 -2 -2  1  1  1  0  0  0  3
6  6 13 13 13 18 18 18 13 11 11  4  4  4  4  4  4  3  3  3  0  0  0  3  3  3  0  0  0 -4
20 20 25 25 25 25 25 25 16 13 13  4  4  4  1  1  1  3  3  3 -2 -2 -2  1  1  1  3  4  4  3
22 22 35 35 35 39 39 39 29 23 23 11 11 11  7  7  7 -1 -1 -1  3  3  3  5  5  5  2  2  2  0
28 28 35 35 35 35 35 35 27 27 27  9  9  9  7  7  7  3  3  3  0  0  0  1  1  1  6  6  6  6
14 14  9  9  9  7  7  7  7  7  7  6  6  5  5  5  5 -4 -4 -4 -3 -3 -3  0  0  0  1  1  1  0
18 18 17 17 17 13 13 13  5  5  5  2  2  1  0  0  0  1  1  1 -2 -2 -2 -1 -1 -1  1  1  1 -3
31 31 21 21 21 13 13 13 12 12 12  5  5  4  4  4  4 -4 -4 -4 -1 -3 -3 -3 -2 -2 -3 -3 -3 -2
28 28 27 27 27 19 19 19 13 13 13  4  4  3  1  1  1  4  4  4  0  0  0  1  1  1  5  5  5  0
8  8  7  7  7  3  3  3  4  4  4  0  0  0  0  0  0  0  0  0  0  0  0  5  5  5  2  2  2 -1
14 14  6  6  6  6  6  6  1  1  1 -1 -1 -1 -3 -3 -3  2  2  2  0  0  0 -2 -2 -2  2  2  2  2
24 24 14 14 14  6  6  6  7  7  7  3  3  3  2  2  2 -1 -1 -1  0  0  0  4  4  4  0  0  0 -2
27 27 18 18 18 15 13 13  0  0  0  0  0  0  1  1  1  7  7  7  1  1  1 -2 -2 -2  5  5  5  4
9  9 14 14 14  7  7  7  4  4  4  1  1  1  3  3  3  2  2  2 -2 -2 -2 -4 -4 -4  2  2  2  0
20 20 16 16 16 11 11 11  6  6  6  1  1  1  1  1  1  1  1  1  0  0  0  2  2  2  5  5  5  4
25 25 27 27 27 14 14 14 14 10 10  5  5  5  7  7  7 -2 -2 -2 -1 -1 -1  2  2  2  3  3  3 -2
28 28 21 21 21 16 16 16  6  6  6  3  3  3 -4 -4 -4  0  0  0 -1 -1 -1  0  0  0  2  2  2  2
17 17 15 15 15 15 15 15 12 12 12  3  3  3  3  3  3  6  6  6  2  2  2  0  0  0  0  0  0  3
17 17 27 28 28 26 26 26 16 16 16  6  6  6  7  7  7  0  0  0  2  2  2 -1 -1 -1  1  1  1  3
32 32 38 38 38 36 36 36 27 21 21  9  9  9  2  2  2  1  1  1 -2 -2 -2  2  2  2 -1 -1 -1 -2
26 26 37 37 37 37 37 37 27 27 27 10 10 10  5  5  5  0  0  0 -2 -2 -2 -5 -5 -5 -2 -2 -2  6
14 14 15 15 15 16 16 16 12 12 12  3  3  3  1  1  1 -3 -3 -3 -1 -1  0  0  0  0  6  6  6  1
28 28 31 31 31 23 23 23 12 12 12  6  6  6  5  5  5  5  5  5  2  2  2  4  4  4 -2 -2 -2 -3
34 34 41 41 41 34 34 34 33 25 25 13 13 13  5  5  5  4  4  4  0  0  0  1  1  1  5  7  7  0
33 33 41 41 41 39 36 36 20 20 20  9  9  9  8  8  8  2  2  2  1  1  1  4  4  4 -9 -9 -9 -3
15 15 22 22 22 10 10 10  7  7  7  7  7  7  7  6  6  1  1  1  2  2  2  1  1  1  1  1  1  5
22 22 24 24 24 23 23 23 14 10 10  1  1  1  4  4  4  1  1  1  2  2  2  2  2  2  2  2  2  0
34 34 43 44 44 35 34 34 17 17 17  6  6  6  5  5  5  3  3  3  0  0  0 -4 -4 -4  1  1  1  2
29 29 38 38 38 37 37 37 21 19 19  4  4  4  1  1  1  2  2  2 -2 -2 -2 -2 -2 -2  1  1  1  0
16 16 15 15 15  7  7  7  6  6  6  1  1  1  4  4  4  2  2  2  2  2  2 -4 -4 -4  4  4  4  0
21 21 21 21 21 13 13 13  1  1  1  4  4  4  1  1  1  4  4  4  1  1  1 -1 -1 -1  3  3  3  2
36 36 35 35 35 16 16 16  9  9  9  2  2  2  3  3  3 -1 -1 -1 -1 -1 -1 -1 -1 -1  3  4  4 -1
29 29 32 32 32 22 22 22  5  5  5  3  3  3  2  2  2  3  3  3  0  0  0 -2 -2 -2  1  1  1  2
11 11  9  9  9  6  6  6  3  3  3  1  1  1  6  6  6  4  4  4  0  0  0 -1 -1 -1  1  1  1  1
18 18 15 15 15 13 10 10  1  1  1  1  1  1  2  2  2  1  1  1  0  0  0  0  0  0  3  3  3  6
27 27 28 28 28 13 13 13  5  5  5  2  2  2  1  1  1  5  5  5  0  0  0 -2 -2 -2  2  2  2 -1
22 22 20 20 20 16 16 16  3  3  3  3  3  3  0  0  0  0  0  0  0  0  0  0  0  0 -1 -1 -1  5
13 13 14 14 14 12 12 12  3  3  3  0  0  0  1  0  0  4  4  4  4  4  4 -2 -2 -2  2  2  2 -3
21 21 26 26 26 15 15 15  7  7  7  4  4  4  0  0  0  1  1  1  2  2  2  3  3  3  2  2  2  5
31 31 38 38 38 29 27 27 10 10 10  1  1  1 -1  0  0  0  0  0  8  8  8  3  3  3  3  3  3  1
33 33 40 40 40 28 28 28 14 14 14  7  7  7  1  0  0  1  1  1  2  2  2 -3 -3 -3  6  6  6  4
10 10 14 14 14  9  9  9  6  6  6  5  5  5  7  7  7  1  1  1 -2 -2 -2  1  1  1  6  6  6  6
19 19 22 22 22 14 14 14  8  8  8  5  5  5  1  1  1  5  5  5 -1 -1 -1 -1 -1 -1  4  4  4  1
30 30 36 36 36 28 28 28 15 15 15  4  4  4  7  7  7  1  1  1  2  2  2 -3 -3 -3  5  5  5  7
29 29 38 38 38 26 26 26 16 16 16  8  8  8  2  2  2  3  3  3  1  1  1  0  0  0  4  4  4  1
10 10 11 11 11  8  8  8  3  3  3  1  1  1  0  0  0  2  2  2  0  0  0 -3 -3 -3 -1 -1 -1  3
18 18 16 16 16  7  7  7  0  0  0  6  4  4  1  1  1  0  0  0  6  6  6  0  0  0 -2 -2 -2  2
22 22 28 28 28 16 16 16  7  7  7  4  4  4  1  1  1  0  0  0  2  2  2 -1 -1 -1  0  0  0  4
29 29 21 21 21 11 11 11  4  4  4  5  5  5  2  2  2 -3 -3 -3  2  2  2 -1 -1 -1  0  0  0  2
11 18 18 18  7  7  7  7  7  7  4  4  4  0  0  0 -1 -1 -1  1  1  1  2  2  2  4  4  4 -1 -1
17 22 22 22 21 21 21 11 11 11  8  8  8  1  1  1  4  4  4  3  3  3 -4 -4 -4 -3 -3 -3  3  3
28 36 37 37 31 31 31 16 16 16  7  7  7  0  0  0  4  4  4  3  3  3  2  2  2  4  4  4 -1 -1
22 34 34 34 32 32 32 18 18 18 13 13 13  5  5  5  7  7  7  4  4  4  2  2  2  0  0  0  6  6
15 15 15 15 15 13 11 11  3  3  3  2  2  2  2  2  2  2  2  2  1  1  1  2  2  2  3  3  3  0
23 23 22 22 22 10 10 10 -1 -1 -1  4  4  4  3  3  3  2  2  2 -3 -3 -3  3  2  2  2  4  4 -3
31 31 38 35 35 21 20 20  7  7  7  1  1  1  0  0  0  2  2  2 -1 -1 -1  1  1  1  2  2  2  2
34 34 31 31 31 21 21 21  6  6  6  7  7  7  2  2  2  5  5  5 -2 -2 -2  4  4  4  3  3  3 -1
10  9  9  9 11 11 11  7  7  7  6  6  6  0  0  0  1  1  1  0  0  0  1  1  1  0  0  0  0  0
15 17 17 17 12 12 12  5  5  5  0  0  0  0  0  0 -3 -3 -3  2  2  2 -3 -3 -3 -3 -3 -3 -3 -3
26 25 25 25 26 22 22 14 14 14  6  6  6  1  1  1  6  6  6  1  1  1  0  0  0 -1 -1 -1  0  0
21 26 26 26 21 21 21 14 14 14  0  0  0  1  1  1 -5 -5 -5  3  3  3  0  0  0 -1 -1 -1 -2 -2
15 15 14 14 14  9  9  9  9  8  8  7  7  7 -3 -3 -3 -3 -3 -3  1  1  1 -1 -1 -1  4  4  4  3
21 21 22 22 22 16 16 16  6  6  6  0  0  0  0  0  0  2  2  2  3  3  3  0  0  0  2  2  2  2
26 26 39 39 39 30 27 27 11 11 11  5  5  5  2  2  2  1  1  1  4  4  4  0  0  0  2  2  2 -1
26 26 34 34 34 27 27 27  9  9  9  3  3  3  3  3  3 -3 -3 -3  3  3  3 -3 -3 -3  1  1  1 -2
16 13 13 13 12 12 12  9  9  9  3  3  3  7  7  7  7  7  7  3  3  3  8  8  8  3  3  3  3  3
17 23 23 23 18 18 18  9  9  9  5  5  5  2  2  2  1  1  1 -2 -2 -2 -1 -1 -1  2  2  2 -3 -3
29 29 31 31 25 25 25 17 17 17 11 11 11  8  8  8  3  3  3  1  1  1  3  3  3  3  3  3  0  0
23 33 33 33 32 32 32 14 14 14  4  4  4  1  1  1  3  3  3  0  0  0 -1 -1 -1  5  5  5 -1 -1
23 23 18 18 18  9  9  9  2  2  2  2  2  2  5  5  5  3  3  3  2  2  2  5  5  5  2  2  2  0
22 22 20 20 20 15 15 15  2  2  2  6  6  6  2  2  2  1  1  1  2  2  2 -3 -3 -3  2  2  2  1
41 41 42 42 42 14 14 14  6  6  6  2  2  2  2  2  2  3  3  3  2  2  2  6  5  5  0  0  0  0
32 32 35 35 35 22 22 22  4  4  4  2  2  2  5  5  5 -1 -1 -1  3  3  3  1  1  1  0  0  0  2
10 10 13 13 13 10 10 10  4  4  4  1  1  1  1  1  1 -1 -1 -1  4  4  4  2  2  2  1  1  1  3
17 17 18 18 18 13 13 13  8  8  8  2  2  2  2  2  2  1  1  1  1  1  1  2  2  2 -1 -1 -1  1
28 28 33 33 33 21 21 21 12 12 12  6  6  6  3  3  3  3  3  3  7  7  7  0  0  0  3  3  3  0
25 25 28 28 28 25 25 25 13 13 13  2  2  2  3  3  3  3  3  3 -1 -1 -1 -1 -1 -1  1  1  1  2
10 10  6  6  6  4  4  4  0  0  0  4  4  4 -1 -1 -1 -1 -1 -1  0  0  0  1  1  1  4  4  4  3
15 15 14 14 14 10  8  8  0  0  0  2  2  2 -4 -4 -4 -2 -2 -2  4  4  4  3  3  3 -4 -3 -3 -1
29 29 25 25 25 14 14 14  1  1  1  0  0  0  1  1  1 -4 -4 -4  0  0  0  3  3  3  1  1  1  2
26 26 22 22 22 10 10 10  4  4  4 -3 -3 -3 -1 -1 -1 -2 -2 -2  3  3  3  5  5  5  1  1  1 -1
10 10 12 12 12  6  6  6  5  5  5  3  3  3  0  0  0 -1 -1 -1  1  1  1  5  5  5  4  4  4  1
21 21 20 20 20 17 17 17  6  6  6  6  6  6  3  3  3 -1 -1 -1  4  4  4  2  2  2  0  0  0 -2
26 26 27 32 32 24 24 24  8  8  8  3  3  3  0  0  0 -2 -2 -2 -3 -3 -3  4  4  4  3  3  3 -2
26 26 30 30 30 19 19 19  7  7  7  4  4  4  6  6  6 -5 -5 -5  2  2  2 -2 -2 -2 -1 -1 -1 -1
11 11 12 12 12  7  7  7  6  6  6  0  0  0  2  2  2 -2 -2 -2 -1 -1 -1  4  4  4  3  2  2 -3
22 22 17 17 17 13 12 12  4  4  4  1  1  1  4  4  4  2  2  2  1  1  1  2  2  2  1  0  0  2
25 25 27 26 26 15 15 15  6  6  6  0  0  0  0  0  0 -1 -1 -1  1  1  1  4  4  4  3  2  2  2
30 30 26 26 26 17 17 17  3  3  3  2  2  2  1  1  1 -1 -1 -1 -2 -2 -2 -2 -2 -2 -1  0  0 -1
14 14  7  7  7  5  5  5  6  6  6  1  1  1  0  0  0  0  0  0  0  0  0 -2 -2 -2 -1 -1 -1  1
18 18 10 10 10 12  9  9  4  4  4  1  1  1 -2 -2 -2  1  1  1  1  1  1  0  0  0  1  1  1  0
28 28 24 24 24  8  8  8  6  6  6  6  6  6 -3 -3 -3  2  2  2 -1 -1 -1  0  0  0  1  1  1  2
30 30 30 30 30 16 16 16  7  7  7  1  1  1  0  0  0  0  0  0  1  1  1 -1 -1 -1  1  1  1  0
12 12 11 11 11  6  6  6  3  3  3  4  4  4  3  3  3 -2 -2 -2  1  1  1 -2 -2 -2  2  2  2 -1
17 17 16 16 16 11 11 11  8  7  7  0  0  0  1  1  1  2  2  2  2  2  2  0  0  0 -1  0  0  2
26 26 31 30 30 18 16 16  9  9  9  8  8  8  3  3  3 -3 -3 -3  6  6  6 -1 -1 -1  3  3  3  1
24 24 26 26 26 22 22 22 13 13 13  1  1  1 -2 -2 -2  4  4  4 -2 -2 -2  3  3  3 -3 -2 -2  6
13 13  6  6  6  3  3  3 -5 -5 -5  1  1  1  0  0  0 -1 -1 -1 -4 -4 -4 -4 -4 -4  3  3  3  2
17 17 19 17 17 -1 -1 -1  6  4  4  2  2  2 -1 -1 -1 -3 -3 -3 -1 -1 -1  1  1  1  1  1  1  3
27 27 22 22 22  9  9  9  0  0  0 -2 -2 -2  0  0  0  0  0  0 -7 -7 -7  0  0  0  3  1  1 -1
26 26 21 21 21 10 10 10  8  8  8 -1 -1 -1 -2 -2 -2  0  0  0 -3 -3 -3  0  0  0 -1 -1 -1 -1
9  9 18 18 18  9  9  9  5  5  5  1  1  1 -2 -2 -2 -3 -3 -3 -3 -3 -3 -2 -2 -2  2  2  2  0
25 25 28 28 28 15 15 15  8  8  8  2  2  2  0  0  0  0  0  0  1  1  1  4  4  4  1  1  1  2
31 31 44 44 44 25 25 25  9  9  9 -1 -1 -1  0  0  0  0  0  0 -1 -1 -1 -2 -2 -2  3  3  3  1
30 30 39 39 39 27 27 27  8  8  8  6  6  6 -2 -2 -2  0  0  0  1  1  1  0  0  0  0  0  0 -3
10 10  8  8  8  0  0  0  4  4  4  2  2  2 -4 -4 -4  2  2  2  2  2  2 -3 -3 -3 -3 -3 -3 -5
20 20 13 13 13  6  6  6  0  0  0 -1 -1 -1  3  3  3 -1 -1 -1 -2 -2 -2  3  3  3  0  0  0  3
27 27 24 23 23 10 10 10  7  7  7  5  5  5 -3 -3 -3 -3 -3 -3 -6 -6 -6 -2 -2 -2 -1 -1 -1 -2
29 29 24 24 24 12 12 12  7  7  7  3  3  3  5  5  5 -2 -2 -2  1  1  1  5  5  5 -1 -1 -1  8
9 11 11 11  9  9  9  1  1  1  2  2  2  2  2  2  1  1  1  0  0  0  2  2  2  1  1  1 -4 -4
20 26 26 26 17 17 17  7  7  7  4  4  4  2  2  2  6  6  6  5  5  4  3  3  3 -2 -2 -2  5  4
26 33 33 33 23 23 23 11 11 11  3  3  3  3  3  3  2  2  2  1  1  0  4  4  4  2  2  2 -2 -2
25 37 39 39 27 27 27 15 15 15  6  6  6  4  4  4  7  7  7  0  0  0 -1 -1 -1  1  1  1  5  5
11 11 13 13 13 15 14 14  7  7  7  6  6  6  0  0  0  1  1  1 -2 -2 -2  2  2  2  0  0  0  2
23 23 29 29 29 21 21 21  9  9  9  8  8  8  4  4  4  1  1  1  0  0  0  3  3  3 -1 -1 -1  1
32 32 44 44 44 33 33 33 14 14 14  5  5  5  1  1  1 -1 -1 -1  4  4  4  3  3  3  0  0  0  3
32 32 46 46 46 35 35 35 17 17 17 13 13 13  7  7  7  5  5  5  2  2  2  5  5  5  7  7  7  1
12 10 10 10 13 13 13 11 10 10  3  3  3  6  6  6  7  7  7  0  0  0  1  1  1  3  3  3  3  3
18 18 18 18 19 19 19  9  9  9  3  3  3  1  1  1  1  1  1  6  6  6  1  1  1  1  1  1  2  2
26 28 28 28 31 31 31 22 22 22  6  6  6  4  4  4  2  2  2 -4 -4 -4 -2 -2 -2  0  0  0  1  1
21 24 24 24 33 33 33 22 22 22 11 11 11  3  3  3  0  0  0  5  5  5  3  3  3  3  3  3  3  3
10 10 19 20 20 11 11 11 10 10 10 -6 -6 -6  5  5  5  0  0  0 -2 -2 -2  3  3  3 -2 -2 -2 -1
22 22 22 22 22 28 24 24 12 12 12  2  2  2 -1 -1 -1  5  5  5  1  1  1  1  1  1  0  0  0 -4
25 25 35 39 39 38 36 36 22 20 20  2  2  2  8  8  8  0  0  0 -2 -2 -2  3  3  3  3  3  3  0
35 35 41 42 42 39 39 39 21 21 21 10 10 10  4  4  4  8  8  8  9  9  9  2  2  2  2  2  2  0
7  7  9  9  9  8  8  8  7  7  7 -1 -1 -1 -1 -1 -1  4  4  4  3  3  3  7  7  7 -2 -2 -2  4
16 16 16 16 16 18 18 18  5  5  5  4  4  4  0  0  0  0  0  0  4  4  4 -2 -2 -2  1  1  1  2
19 19 26 26 26 25 24 24 14 14 14  1  1  1  1  1  1  2  2  2 -1 -1 -1  5  5  5  1  1  1  2
29 29 30 30 30 25 25 25 15 15 15 13 13 13  3  3  3  0  0  0  8  8  8  6  6  6  3  3  3  4
9  9 17 18 18 14 14 14  7  7  7  1  1  1 -1 -1 -1  0  0  0 -3 -3 -3 -6 -6 -6 -1 -1 -1 -4
15 15 23 23 23 20 20 20  6  6  6  3  3  3 -1 -1 -1  2  2  2  2  2  2  1  1  1  0  0  0 -3
24 24 34 36 36 32 32 32 14 13 13  4  4  4  1  1  1 -1 -1 -1 -1 -1 -1 -4 -4 -4  2  2  2 -5
27 27 34 34 34 37 37 37 17 17 17  8  8  8  3  3  3  8  8  8  5  5  5  7  7  7  0  0  0  3
11 11 12 12 12  6  6  6  6  6  6 -1 -1 -1  1  1  1  3  3  3  2  2  2 -1 -1 -1  3  3  3  2
20 20 17 17 17  5  5  5  2  2  2 -3 -3 -3  1  1  1 -1 -1 -1  3  3  3 -1 -1 -1 -1 -1 -1  1
26 26 29 29 29 12 12 12  7  7  7  0  0  0  0  0  0  4  4  4 -1 -1 -1 -5 -5 -5  4  4  4  3
28 28 32 32 32 19 19 19  8  8  8  3  3  3  5  5  5  2  2  2  5  5  5  2  2  2  2  2  2  3
9  9 11 11 11  8  8  8  3  3  3  2  2  2  2  2  2  0  0  0  5  5  5  4  4  4  3  3  3 -3
18 18 11 11 11  5  5  5  4  4  4  3  3  3 -1 -1 -1  3  3  3  1  1  1  0  0  0 -1 -1 -1  1
26 26 21 21 21  9  9  9 -1 -1 -1  2  2  2  4  4  4  0  0  0  1  1  1  0  0  0 -2 -2 -2 -3
32 32 22 22 22 13 13 13  8  8  8  5  5  5  4  4  4  2  2  2 -1 -1 -1 -5 -5 -5  1  1  1  5
14 14 20 20 20 12 12 12  8  8  8  4  4  4  7  7  7  3  3  3  5  5  5 -1 -1 -1 -1 -1 -1 -1
17 17 24 24 24 26 19 19  7  7  7  3  3  3 -5 -5 -5 -1 -1 -1  3  3  3  2  2  2  0  0  0  2
24 24 37 39 39 30 30 30  8  8  8  0  0  0  2  2  2 -3 -3 -3 -1 -1 -1 -3 -3 -3 -6 -6 -6 -2
28 28 39 39 39 37 37 37 17 17 17  2  2  2  0  0  0  2  2  2 -1 -1 -1  4  4  4 -1 -1 -1 10
15 14 14 14 16 16 16  5  5  5  7  7  7  6  6  6  4  4  4  5  5  5 -2 -2 -2  1  1  1  3  3
16 28 30 30 16 16 16 11 11 11  2  2  2  4  4  4 -1 -1 -1  5  5  5  0  0  0  4  4  4  1  1
28 35 35 35 33 27 27 15 15 15  6  6  6  7  7  7  4  4  4 -2 -2 -2  2  2  2 -2 -2 -2  4  4
24 38 39 39 28 28 28 16 16 16  6  6  6  0  0  0  1  1  1  5  5  5  1  1  1  2  2  2  4  4
20 20 23 23 23 11 11 11  8  8  8  1  1  1  0  0  0  4  4  4  3  3  3  3  3  3  6  6  6  2
28 28 33 33 33 21 18 18 11  8  8  3  3  3  2  2  2 -2 -2 -2  3  3  3  4  4  4  0  0  0  1
37 37 47 47 47 27 27 27  8  8  8  3  3  3  0  0  0  3  3  3 -1 -1 -1 -2 -2 -2  4  4  4  2
38 38 50 50 50 36 33 33 15 15 15  8  8  8  1  1  1  0  0  0  3  3  3  2  2  2 -1 -1 -1  1
14 14 12 12 12  6  6  6  4  4  4 -1 -1 -1 -4 -4 -4 -1 -1 -1 -2 -2 -2  0  0  0  3  3  3  1
20 20 15 15 15  6  6  6  0  0  0  7  7  7  4  4  4 -1 -1 -1  1  1  1  5  5  5  5  5  5  2
29 29 25 25 25 11  8  8  2  2  2 -3 -3 -3 -4 -4 -4 -2 -2 -2 -3 -3 -3 -3 -3 -3  1  1  1  1
28 28 26 26 26 12 12 12  1  1  1  7  7  7  3  3  3  1  1  1  0  0  0  6  6  6  0  0  0  1
12 12 11 11 11  9  9  9  7  7  7  0  0  0  5  5  5  0  0  0 -2 -2 -2 -2 -2 -2 -1 -1 -1 -1
24 24 21 21 21 12 12 12  7  7  7  1  1  1  0  0  0 -4 -4 -4  0  0  0  1  1  1  3  3  3  3
26 26 33 36 36 18 18 18 10  9  9 -1 -1 -1  2  2  2  2  2  2  1  1  1  1  1  1 -3 -3 -3  1
31 31 34 34 34 21 21 21  7  7  7  1  1  1 -2 -2 -2  4  4  4 -1 -1 -1 -2 -2 -2  3  3  3  5
18 18 10 10 10  9  9  9  2  2  2  6  6  6  3  3  3  5  5  5  4  4  4  1  1  1 -1 -1 -1 -2
23 23 21 21 21  7  7  7  4  4  4  0  0  0  1  1  1 -1 -1 -1  0  0  0  4  4  4  4  4  4  1
37 37 33 33 33 16 16 16  7  7  7  4  4  4 -1 -1 -1  3  3  3  2  2  2  0  0  0  2  2  2 -1
38 38 35 35 35 20 20 20  5  5  5  5  5  5  6  6  6  3  3  3  4  4  4  5  5  5  4  4  4 -1
18 18 13 13 13  9  9  9  0  0  0  3  3  3  1  1  1  5  5  5  7  7  7  1  1  1  1  1  1  4
20 20 22 22 22 12 11 11  6  6  6  5  5  5  5  5  5 -1 -1 -1  1  1  1  1  1  1  3  3  3 -1
35 35 38 38 38 16 16 16  3  3  3  3  3  3  0  0  0  5  6  6  3  3  3  3  3  3  1  1  1  3
31 31 37 37 37 24 24 24 10 10 10  7  7  7  4  4  4  2  2  2  1  1  1  1  1  1  7  7  7  3
12 12 11 11 11  6  6  6  2  2  2  3  3  3  5  5  5  5  5  5  3  3  3  1  1  1  4  4  4 -2
14 14  5  5  5  8  8  8 -1 -1 -1 -3 -3 -3  1  1  1 -1  0  0  3  3  3  2  2  2  2  2  2  4
26 26 15 15 15 12 12 12  5  5  5  1  1  1  0  0  0  4  4  4 -2 -2 -2  1  1  1  6  6  6  2
23 23 18 18 18  3  3  3  3  3  3  1  1  1 -2 -2 -2 -4 -3 -3  8  8  8  2  2  2 -1 -1 -1  7
10 10 20 20 20 14 14 14 12 12 12 -1 -1 -1  6  6  6  7  7  7  4  4  4  4  4  4  7  7  7  1
21 21 24 24 24 29 28 28 14 13 13  7  7  7  1  1  1  2  2  2  1  1  1 -2 -2 -2 -1 -1 -1  3
26 26 36 40 40 38 38 38 24 20 20  4  4  4  3  3  3  6  6  6  3  3  3 -1 -1 -1  4  4  4  2
27 27 38 38 38 45 45 45 22 22 22 11 11 11  2  2  2 -1 -1 -1  2  2  2 -4 -4 -4  4  4  4  8
16 16 23 23 23  8  8  8  8  8  8  6  6  6  6  6  6  2  2  2  4  4  4  4  4  4  1  1  1  1
31 31 28 28 28 16 16 16  1  1  1  1  1  1 -1 -1 -1  2  2  2  6  6  6 -1 -1 -1  2  2  2  5
38 38 50 50 50 21 16 16 11 11 11  3  3  3  2  2  2 -2 -2 -2  2  2  2  1  1  1  0  0  0  2
43 43 44 44 44 23 23 23  8  8  8  2  2  2  1  1  1  3  3  3  6  6  6  1  1  1  2  2  2  6
14 14 10 10 10  8  8  8 -1 -1 -1  5  5  5  6  6  6  7  7  7  5  5  5  6  6  6  8  8  8  3
23 23 13 13 13  5  5  5  0  0  0  1  1  1 -2 -2 -2  0  0  0  1  1  1  2  2  2  2  2  2  5
30 30 21 20 20  8  8  8 -1 -1 -1  2  2  2  1  1  1  2  2  2  2  2  2  4  4  4  2  2  2  0
36 36 24 24 24 13 13 13  1  1  1 -2 -2 -2 -1 -1 -1  1  1  1  2  2  2  4  4  4  3  3  3  7
14 14 13 13 13 10 10  9  5  5  5  6  5  5 -1 -1 -1  2  2  2  4  4  4  6  6  6 -2 -2 -2  4
23 23 23 23 23 13 13 12  7  5  5  4  4  4  2  2  2  0  0  0  1  1  1 -2 -2 -2 -1 -1 -1 -1
30 30 30 30 30 20 19 18  5  5  5  5  5  5 -2 -2 -2 -2 -2 -2 -3 -3 -3 -3 -3 -3 -1 -1 -1 -2
30 30 39 39 39 29 26 25 10 10 10  3  3  3  7  7  7  1  1  1 -1 -1 -1  1  1  1  6  6  6  2
10 10  9  9  9  5  5  5  5  5  5  1  1  1  4  4  4  2  2  2  5  5  5  4  4  4  3  3  3 -2
16 16 11 11 11  8  8  8  2  2  2 -1 -1 -1  0  0  0  0  0  0  2  2  2  1  1  1  6  6  6  4
24 24 18 18 18 11 10 10  4  4  4 -4 -4 -4  2  2  2  2  2  2  2  2  2  3  3  3 -3 -3 -3 -4
26 26 25 25 25 16 16 16  4  4  4  5  5  5  3  3  3  3  3  3  2  2  2  7  7  7  8  8  8  5
11 11  9  9  9  4  4  4  5  5  5  0  0  0  0  0  0  5  4  4 -2 -2 -2 -2 -2 -2  5  5  5  0
17 17 12 12 12  9  9  9  0  0  0  6  6  6  4  4  4 -2 -1 -1  7  7  7  5  5  5  2  2  2  1
26 26 22 20 20  7  7  7  5  5  5  3  3  3 -5 -5 -5  1  0  0  0  0  0 -2 -2 -2 -1 -1 -1 -1
22 22 20 20 20 19 19 19  4  4  4  9  9  9  7  7  7  3  2  2  4  4  4  4  4  4  3  3  3  1
14 21 21 21 16 16 16  8  8  8  5  5  5  0  0  0  5  5  5  4  4  4  5  5  5  7  7  7  2  2
20 27 27 27 23 22 22 12 12 12  4  4  4  3  3  3  5  5  5  6  6  6  3  3  3  2  2  2  6  6
26 31 38 38 32 31 31 14 14 14  6  6  6 -1 -1 -1  1  1  1  1  1  1  1  1  1  4  4  4 -4 -4
24 37 37 37 32 32 32 18 18 18  5  5  5  3  3  3  6  6  6  5  5  5  1  1  1  3  3  3  5  5
13 13  9  9  9 12 11 11  5  5  5  6  6  6  3  3  3  2  2  2 -1 -1 -1  5  5  5  2  2  2  2
22 22 20 20 20 10 10 10  6  6  6  3  3  3  1  1  1  2  2  2  1  1  1 -1 -1 -1  0  0  0  3
29 29 28 28 28 21 18 18  6  6  6  6  6  6  0  0  0  0  0  0 -1 -1 -1  3  4  4 -8 -8 -8 -2
27 27 35 35 35 20 20 20  4  4  4  4  4  4  2  2  2  0  0  0  0  0  0  0  0  0  0  0  0  7
13 13 13 13 13 11 11 11  4  4  4  4  4  4  3  3  3  1  1  1  2  2  1  6  6  6  1  1  1  1
19 19 28 26 26 12 12 12  3  3  3  6  8  8  5  5  5  6  6  6  6  6  5  2  2  2  7  2  2  1
27 27 31 31 31 21 19 19  8  8  8  1  1  1  0  0  0 -1 -1 -1  1  1  0  3  3  3  1  1  1 -3
30 30 40 40 40 23 23 23 10 10 10  7  7  7  7  7  7  7  7  7  8  8  7  3  3  3  9  9  9  1
11 10 10 10  9  9  9  5  5  5  2  2  2  0  0  0  5  5  5  0  0  0  0  0  0 -1 -1 -1  3  3
18 13 13 13  9  9  9  3  3  3 -1 -1 -1  1  1  1  5  5  5  0  0  0  4  4  4  2  2  2  0  0
27 26 24 24 12 12 12  3  3  3  3  3  3  0  0  0  0  0  0 -2 -2 -2 -2 -2 -2 -2 -2 -2 -1 -1
22 25 25 25 13 13 13  6  6  6  3  3  3  5  5  5  7  7  7  2  2  2  0  0  0  6  6  6 -1 -1
10 10  7  7  7  7  7  7  3  3  3 -3 -3 -3 -1 -1 -1  3  3  3  1  1  1  0  0  0  1  1  1  4
16 16 12 12 12  3  3  3  1  1  1  1  1  1  4  4  4  0  0  0 -3 -3 -3  1  1  1 -3 -3 -3  0
23 23 15 15 15 10 10 10  2  2  2 -2 -2 -2  0  0  0  5  5  5 -4 -4 -4 -5 -5 -5 -3 -3 -3  2
28 28 17 17 17  9  9  9  1  1  1  3  3  3  4  4  4  1  1  1  1  1  1  6  6  6 -1 -1 -1  0
8  8  9  9  9  8  8  8  1  1  1  6  6  6  3  3  3  2  2  2  4  4  4  6  6  6 -3 -3 -3  5
20 20 13 13 13 11 11 11  1  1  1  0  0  0 -4 -4 -4  2  2  2 -3 -3 -3 -1 -1 -1 -3 -3 -3  1
25 25 25 25 25 15 11 11  0  0  0  4  4  4  0  0  0 -1 -1 -1  2  2  2  5  5  5  0  0  0  7
29 29 24 24 24 16 16 16  7  7  7 -2 -2 -2  4  4  4  4  4  4  3  3  3  1  1  1  2  2  2  1
10 10  7  7  7  2  2  2  3  3  3  2  2  2  2  2  2  1  1  1  1  1  1 -1 -1 -1  0  0  0  7
17 17 12 12 12  2  2  2  4  4  4  1  1  1  0  0  0  0  0  0  3  3  3  1  1  1  5  3  3 -1
28 28 20 20 20 11 11 11  5  5  5  1  1  1  6  6  6  3  3  3  2  2  2  2  2  2  1  1  1  6
28 28 22 22 22  9  9  9  7  7  7  0  0  0  0  0  0  0  0  0  4  4  4  1  1  1  2  2  2 -1
12 12 17 17 17 17 17 17 12 12 12  6  6  6  3  3  3  5  5  5  3  3  3  0  0  0 -1 -1 -1  0
24 24 31 32 32 28 28 28 19 19 19 14 12 12  8  8  8  0  0  0  3  3  3  1  1  1  3  3  3  1
29 29 40 47 47 45 45 45 29 29 29 13 13 13  4  4  4  4  4  4  4  4  4  5  5  5 -2 -2 -2 -1
32 32 41 41 41 42 42 42 30 30 30 17 17 17  9  9  9  5  5  5 -1 -1 -1  2  2  2  1  1  1  1
12 12 12 12 10 10 10  8  8  8  6  6  6  5  5  5  1  1  1  4  4  4  3  3  3  7  7  7 -3 -3
19 26 26 26 23 23 23 17 17 17  8  8  8  6  6  6  5  5  5  3  3  3 -3 -3 -3  2  2  2  4  4
26 33 34 34 36 36 36 27 27 27 15 15 15 11 11 11  1  1  1  7  7  7  2  2  2  5  5  5 -1 -1
23 36 36 36 35 35 35 26 26 26 15 15 15  8  8  8  6  6  6  4  4  4 -5 -5 -5  1  1  1  8  8
7  7  8  8  8  4  4  4  3  3  3  0  0  0  3  3  3 -2 -2 -2 -2 -2 -2 -2 -2 -2  3  3  3  0
21 21 20 19 19 13 13 13  5  5  5  0  0  0  0  0  0 -2 -2 -2  1  1  1  1  1  1  1  1  1  1
25 25 27 27 27 15 15 15  9  9  9  0  0  0  7  7  7 -1 -1 -1  1  1  1  0  0  0  3  3  3  0
26 26 22 22 22 17 17 17  7  7  7  5  5  5  2  2  2  3  3  3  2  2  2  2  2  2  0  0  0  0
9  9  9  9  9  6  4  4  3  3  3  3  3  3  3  3  3  2  2  2 -2 -2 -2 -1 -1 -1  7  7  7 -4
16 16 15 15 15 15 12 12  4  4  4  0  0  0  2  2  2  1  1  1  4  4  4  3  3  3  1  1  1  1
26 26 25 25 25 19 19 19 11 11 11  4  4  4  3  3  3  3  3  3 -3 -3 -3 -3 -3 -3  8  8  8  3
22 22 20 20 20 18 18 18  9  9  9  4  4  4  7  7  7  0  0  0  4  4  4  4  4  4 -3 -3 -3 -1
11 11  6  6  6  7  7  7  3  3  3  5  5  5  5  5  5  0  0  0  0  0  0  1  1  1  0  0  0  4
17 17 16 16 16 18 16 16 12 12 12  3  3  3  4  4  4  2  2  2  0  0  0  0  0  0 -1 -1 -1 -1
28 28 26 26 26 17 17 17 13 13 13 10 10 10  7  7  7  0  0  0  0  0  0  2  2  2  2  2  2  5
24 24 24 24 24 20 20 20 16 16 16  7  7  7  4  4  4  6  6  6  3  3  3  3  3  3  0  0  0  3
18 18 10 10 10  7  7  7  6  6  6 -2 -2 -2  3  3  3  1  1  1  2  2  2 -3 -3 -3  2  2  1 -5
23 23 23 23 23 19 19 19  8  8  8  4  4  4  1  1  1  2  2  2  1  1  1  1  1  1  1  1  0 -1
38 38 31 31 31 24 24 24 14  5  5  5  6  6  3  3  3  1  1  1  5  5  5 -1 -1 -1  3  3  2 -3
34 34 37 37 37 29 29 29 15 15 15  5  5  5  1  1  1  3  3  3  0  0  0  4  4  4  2  2  1 -2
6  6  2  2  2 -1 -1 -1  4  4  4  4  4  4  2  2  2 -2 -2 -2 -1 -1 -1  0  0  0 -5 -5 -5  1
14 14  5  5  5  3  3  3  1  1  1  0  0  0  1  1  1 -4 -4 -4  0  0  0  1  1  1  0  0  0  1
19 19 12 12 12  3  3  3  6  6  6  6  4  4  3  3  3  0  0  0 -2 -2 -2 -3 -3 -3 -4 -4 -4  3
26 26 12 12 12  8  8  8  0  0  0 -2 -2 -2  1  1  1 -2 -2 -2 -1 -1 -1  7  4  4  4  5  5  7
10 10  7  7  7  9  9  9  5  5  5  3  3  3  2  2  2  3  3  3  2  2  2  3  3  3  3  3  3  3
13 13 17 15 15  8  8  8  3  3  3  1  1  1 -1 -1 -1 -1 -1  0  4  4  4 -2 -2 -2  2  2  2  0
26 26 21 21 21 14 14 14 10 10 10  1  1  1 -1 -1 -1  1  1  1 -1 -1 -1  3  3  3  5  8  8  3
21 21 25 25 25 14 14 14  6  6  6  5  5  5  0  0  0 -1 -1  0  5  5  5  3  3  3  1  1  1  2
10 10 11 11 11  9  9  9  5  5  5  4  4  4  1  1  1  4  4  4  3  3  3  4  4  4  3  3  3  3
21 21 25 25 25 20 16 16 11 11 11  3  3  3  4  4  4  3  3  3  5  5  5  0  0  0  3  3  3 -1
30 30 33 33 33 33 28 28 12 12 12  7  7  7  1  1  1  7  6  6  5  5  5  2  2  2  7  9  9  6
31 31 37 37 37 32 32 32 17 15 15  8  8  8  7  7  7 -1 -1 -1  5  5  5  3  3  3 -1 -1 -1  1
11 11 12 12 12  6  6  6  8  8  8  1  1  1  1  1  1 -1 -1 -1 -3 -3 -3 -1 -1 -1  3  3  3 -1
24 24 21 21 21 13 13 13  9  9  9  6  6  6  5  5  5  4  4  4  0  0  0  1  1  1  1  1  1  5
27 27 30 30 30 25 25 25 18 17 17  6  6  6  2  2  2  3  3  3  4  4  4  1  1  1  4  4  4 -1
32 32 26 26 26 24 24 24 16 16 16  8  8  8  8  8  8  3  3  3  6  6  6  0  0  0  3  3  3  4
14 14 13 13 13  9  9  9  6  6  6  5  5  5  1  1  1 -1 -1 -1  2  2  2  2  2  2  0  0  0  5
17 17 18 18 18 17 15 15 10 10 10  3  3  3  4  4  4  4  4  4  5  4  4  3  3  3  0  0  0  2
33 33 28 28 28 20 20 20 11 11 11  2  2  2  1  1  1  2  2  2  6  6  6 -2 -2 -2  1  1  1  4
25 25 28 28 28 26 26 26 16 16 16  5  5  5  5  5  5  2  2  2  7  7  7  1  1  1  2  2  2  4
13 13  8  8  8  8  8  8  5  5  5  0  0  0  2  2  2 -3 -3 -3  2  2  2  0  0  0  2  2  2  2
18 18 16 16 16  9  9  9  0  0  0  1  1  1  1  1  1 -3 -3 -3  0  0  0  2  2  2 -2 -2 -2  3
29 29 21 21 21 15 15 15  7  7  7  5  5  5  7  7  7  2  2  2 -2 -2 -2 -2 -2 -2  1  1  1  5
31 31 28 28 28 19 19 19  9  9  9  3  3  3  3  3  3  0  0  0  5  5  5  1  1  1  2  2  2  4
9  9 16 16 16 14 14 14  8  8  8  1  1  1  1  1  1 -1 -1 -1  1  1  1  6  6  6  3  3  3  0
27 27 30 30 30 18 18 18 12 12 12  5  5  5  2  2  2  2  2  2  0  0  0 -3 -3 -3 -1 -1 -1  1
28 28 42 42 42 31 31 31 18 18 18  5  5  5  3  3  3  4  4  4  1  1  1  4  4  4 -3 -3 -3  1
36 36 44 44 44 35 35 35 20 20 20 13 13 13  4  4  4  2  2  2  4  4  4  3  3  3  1  1  1 -1
8  8  7  7  7  3  3  3 -1 -1 -1 -1 -1 -1  4  4  4  2  2  2  0  0  0 -1 -1 -1  4  4  4  3
20 20 17 17 17  9  9  9  1  1  1  7  6  6 -1 -1 -1  1  1  1  2  2  2  0  0  0 -3 -3 -3  0
26 26 22 22 22 11 11 11  1  1  1  0  0  0  0  0  0  1  1  1 -2 -2 -2 -1 -1 -1  0  0  0  2
28 28 23 23 23 18 18 18  7  7  7  4  4  4  2  2  2  6  6  6 -1 -1 -1 -2 -2 -2  0  0  0  2
9 10 10 10  7  7  7  7  7  7  2  2  2  1  1  1 -4 -4 -4  1  1  1  2  2  2  2  2  2 -1 -1
21 28 28 28 21 17 17 10 10 10  3  3  3  0  0  0  2  2  2  1  1  1  0  0  0 -3 -3 -3  0  0
25 34 34 34 27 27 27 15 14 14  5  5  5 -2 -2 -2 -2 -2 -2  0  0  0  6  5  5  0  0  0  0  0
31 39 39 39 32 32 32 19 19 19  8  8  8  4  4  4  9  9  9 -1 -1 -1  2  2  2  2  2  2  4  4
11 11 12 12 12 12 11 11  3  3  3  4  4  4  4  4  4  7  7  7 -2 -1 -1  5  5  5  6  6  6  6
20 20 18 18 18  9  9  9  2  2  2  3  3  3  0  0  0  2  2  2  1  1  1 -1 -1 -1  7  5  5  0
27 27 30 30 30 23 19 19  9  9  9  5  5  5  5  5  5  4  4  4 -1  0  0 -1 -1 -1  3  3  3  7
34 34 31 31 31 21 21 21  9  9  9  4  4  4  4  4  4  3  3  3  5  5  5  4  4  4  2  2  2  2
12 12 16 16 16 19 19 19 12 12 12  9  9  9  5  5  5  6  6  6  7  6  6  5  5  5  6  6  6 -3
17 17 24 25 25 28 27 27 23 23 23  7  7  7  5  5  5  2  2  2 -1 -1 -1  0  0  0 -3 -3 -3  1
23 23 39 40 40 42 42 42 32 32 32 17 17 17  7  7  7  8  8  8  7  7  7  8  8  8  5  5  5  3
30 30 34 40 40 43 43 43 36 34 34 17 17 17 11 11 11  2  2  2  4  4  4  3  3  3  4  4  4 -1
13 13 13 13 13  8  8  8  6  6  6  1  1  1  4  4  4 -3 -3 -3  5  5  5  0  0  0  4  4  4 -2
21 21 28 28 28 20 19 19 11 10 10  0  0  0  1  1  1  0  0  0  1  1  1  0  0  0  8  8  8  7
31 31 35 35 35 27 27 27 14 14 14  4  4  4  6  6  6  2  2  2  2  2  2  5  5  5 -1 -1 -1 -1
29 29 39 39 39 32 32 32 19 19 19 14 14 14 -3 -3 -3  3  3  3 -1 -1 -1  0  0  0  6  6  6  4
10 12 12 12 14 13 13  8  8  8  3  3  3  2  2  2  5  5  5  5  5  5 -2 -2 -2 -1 -1 -1  0  0
19 20 20 20 16 16 16 12 12 12  3  3  3  7  7  7  1  1  1  4  4  4  5  5  5  5  5  5  7  7
21 30 30 30 30 28 28 13 11 11  6  6  6  5  5  5  2  2  2  5  5  5  0  0  0  3  3  3  0  0
28 29 29 29 29 29 29 15 15 15  4  4  4  5  5  5  2  2  2  5  5  5  4  4  4  2  2  2  4  4
14 14 11 11 11 12 12 12  6  6  6  6  6  6  3  3  3 -3 -3 -3  2  2  2  2  2  2  6  6  6  2
27 27 25 25 25 18 18 18  9  9  9  3  3  3  2  2  2  2  2  2  0  0  0  1  1  1  2  2  2 -4
35 35 39 39 39 28 24 24 16 15 15  8  8  8  0  0  0  2  2  2  5  5  5  3  3  3  8  7  7  0
37 37 38 38 38 30 30 30 15 15 15  4  4  4  2  2  2  3  3  3  3  3  3  0  0  0  4  4  4  4
11 11 10 10 10  8  8  8  1  1  1  8  8  8  5  5  5  0  0  0 -4 -4 -4  6  6  6 -2 -2 -2  3
17 17 26 24 24 16 16 16  5  5  5  0  0  0  2  2  2  3  3  3  5  5  5  4  4  4  2  2  2  4
32 32 29 29 29 19 19 19 10 10 10  3  3  3  5  5  5  0  0  0 -2 -2 -2  8  7  7 -3 -3 -3  1
32 32 38 37 37 24 24 24  7  7  7  2  2  2  3  3  3  5  5  5  5  5  5  1  1  1  0  0  0  3
11 20 21 21 17 17 17  9  9  9  4  4  4  4  4  4  4  4  4  6  6  6 -2 -2 -2  1  1  1 -3 -3
22 35 36 36 32 32 32 15 15 15  8  8  8  1  1  1  2  2  2  4  4  4  2  2  2  3  3  3  3  3
26 43 47 47 47 47 47 24 19 19  9  9  9  0  0  0  4  4  4  3  3  3  2  2  2  0  0  0  1  1
31 43 47 47 50 50 50 25 24 24 11 11 11  2  2  2  6  6  6  4  4  4  0  0  0  6  6  6  7  7
9  9 12 10 10  3  3  3  3  3  3  2  2  2  0  0  0  0  0  0  1  1  1 -4 -4 -4  0  0  0  3
24 24 13 13 13 12 12 12  1  1  1  1  1  1 -1 -1 -1  1  1  1  7  4  4  4  4  4  4  4  4  1
28 28 25 25 25 11 11 11  5  5  5  4  4  4 -1 -1 -1  1  1  1  0  0  0 -1 -1 -1 -3 -3 -3 -1
31 31 22 22 22 17 17 17  6  6  6  1  1  1  7  7  7  3  3  3  3  3  3  5  5  5  3  3  3  2
11 11  9  9  9  4  4  4  3  3  3  3  3  3 -2 -2 -2 -2 -2 -2  2  2  2  4  4  4  1  1  1  2
16 16 17 15 15  8  8  8  7  7  7  0  0  0  3  3  3  3  3  3  2  2  2  0  0  0 -1 -1 -1  2
28 28 22 22 22 10 10 10  6  6  6  6  6  6 -2 -2 -2 -2 -2 -2  1  1  1  2  2  2  6  6  6  7
21 21 23 23 23 15 15 15  8  8  8  0  0  0  2  2  2  2  2  2  1  1  1  4  4  4 -4 -4 -4  1
10 10 14 13 13  2  2  2  8  8  8  4  4  4  5  5  5 -1 -1 -1 -5 -5 -5 -2 -2 -2 -1 -1 -1  4
21 21 15 15 15  9  9  9  2  2  2  3  3  3  2  2  2 -2 -2 -2  2  2  2  0  0  0  1  1  1  1
27 27 31 31 31 14 14 14 10 10 10  8  8  8  5  5  5 -1 -1 -1  2  2  2 -1 -1 -1  0  0  0  7
32 32 24 24 24 18 18 18  7  7  7  4  4  4  4  4  4  2  2  2  6  6  6  1  1  1  2  2  2  4
14 14 18 18 18  7  7  7  3  3  3  5  5  5  0  0  0  0  0  0  2  2  2  3  3  3 -4 -4 -4  1
27 27 24 24 24 16 16 16 12 10 10  3  3  3  0  0  0  0  0  0  2  3  3 -2 -2 -2  3  3  3 -1
39 39 47 44 44 30 30 30 16 16 16 12 11 11  3  3  3  2  2  2  3  3  3  3  3  3  3  3  3  2
38 38 42 42 42 28 28 28 21 21 21  9  9  9  2  2  2  4  4  4  8  8  8 -3 -3 -3  9  9  9 -2
