97  97  97  98  98  98  89  89  82  68  68  68  63  63  63  60  60  60  73  73  77  97  99  99  99  99  99 100 100  94
85  83  77  77  77  82  82  82  87  87  87 104 104 107 112 112 108  97  97  91  79  79  78  72  72  72  70  70  70  81
81 101 101 102 101 101 101  87  87  83  68  68  68  64  64  64  67  67  67  67  67  71  86  86  92 115 115 113 101 108
91  82  77  76  62  62  62  68  66  66  66  79  79  79  97 100 100 110 110 110  99  97  96  92  84  73  70  69  69  69
69 74 74 75 91 98 98 98 98 98 98 90 73 71 70 57 57 57 57 69 69 69 91 91 90 88 88 79 79 78
72 73 80 85 85 82 80 70 63 62 61 62 67 69 72 81 81 73 71 70 70 72 72 72 73 73 69 69 74 74
84 81 81 76 76 79 79 83 77 77 75 71 68 68 77 83 87 88 88 78 77 72 72 80 80 81 78 78 71 70
70 83 94 99 99 99 99 99 89 83 78 78 78 86 88 88 88 84 84 86 86 86 86 86 85 82 75 75 86 87
106 106  98  94  94  79  77  68  64  64  64  64  85  88  94  94  94  94  94  89  72  71  68  68  68  68  68  82  82  83
77  75  71  71  71  84  85  87  85  83  78  76  76  76  85  91  95 106 106 102  94  92  87  81  71  70  70  70  70  70
66 81 81 81 80 80 78 69 69 69 73 73 73 73 73 73 72 72 69 62 62 57 56 56 56 64 64 64 75 75
61 57 54 48 48 48 55 55 56 56 56 56 52 52 52 49 49 49 62 62 62 68 68 68 70 70 70 69 69 69
59 59 63 63 63 78 78 78 78 78 71 61 61 61 63 64 64 84 84 84 71 70 64 61 61 61 71 71 76 95
95 95 95 83 71 68 47 47 47 47 75 75 75 98 98 98 98 98 95 79 77 77 73 73 73 79 79 79 79 79
90  90  87  80  77  77  81  81  81  91  91  91  83  83  75  71  71  71  98  99 102 114 114 114  96  96  81  74  74  74
81  81 103 103 101  90  82  77  72  72  72  79  79  79  83  83  83  82  82  82  95 111 114 141 141 102 101  80  67  63
63 59 59 50 50 50 56 73 73 73 68 68 68 68 68 67 59 59 53 46 46 46 43 43 43 40 40 40 45 45
50 50 50 52 52 46 37 37 37 50 50 51 59 59 59 57 64 57 54 54 50 52 52 62 62 62 77 77 77 74
68 57 52 52 49 49 49 66 66 67 92 92 92 92 92 83 69 66 46 46 46 46 63 63 63 75 75 75 90 90
90 90 85 70 65 65 66 66 66 80 80 81 69 69 69 56 56 56 68 68 68 76 76 68 53 53 53 50 50 50
75 76 71 71 68 54 54 54 59 59 59 79 79 79 75 75 71 63 63 63 58 58 58 57 57 57 63 63 63 72
72 71 71 68 58 58 58 55 55 55 68 68 68 85 85 85 85 85 76 62 62 62 52 52 52 56 56 56 69 70
94  94  94  94  94  94  76  63  63  63  63  63  59  59  68  73  76 106 106 109 120 120 110 108  92  81  79  71  71  65
63 63 63 67 63 63 63 79 79 80 88 88 88 88 79 68 60 60 55 54 54 54 62 62 62 84 84 89 95 95
75 67 67 68 68 68 85 85 88 94 94 94 94 94 93 91 91 91 90 90 89 76 76 76 73 73 73 79 81 82
95  97  98  98  93  85  85  77  71  71  71  73  73  73  73  73  73  92  95  97 117 117 124 111 110 102  95  79  73  62
62  63  63  63  75  80  82 100 101 106 101 101  95  92  78  65  65  65  62  58  58  58  72  79  84 113 113 113 110 110
87  72  64  61  61  61  68  68  68  95 100 100 109 109 109  96  95  85  84  73  52  52  52  52  72  72  72  97  99  99
99  80  73  73  66  66  66  70  88  93  95 106 106 101  95  95  80  74  74  74  71  71  71  93  94 100 101 101  94  84
69  69  69  69  69  69  69  73  73  73  98 105 105 115 115 115 104 104  83  75  73  66  64  64  62  62  62  62  62  62
83  83  84 103 103 100 100 100  89  85  85  76  68  68  68  68  68  68  86  86  86  99  99  92  84  84  76  68  68  68
68  68  68  68  72  86  86  91 105 105 103 103 103  86  80  80  75  75  75  73  73  73  82  91  91  86  82  82  82  82
82 93 93 93 86 86 85 81 81 81 77 77 77 73 73 73 86 86 86 91 91 88 75 75 75 72 72 72 72 72
91 91 92 88 88 79 70 70 70 69 69 69 90 93 98 98 94 89 82 82 84 84 84 83 83 83 80 80 80 85
86 95 95 97 94 92 84 78 72 72 66 66 66 66 66 68 81 83 84 93 93 93 93 93 91 88 75 72 69 67
67  67  67  83  83  93 106 106 106 101 100  86  80  70  70  72  72  60  60  78  80 100 105 109 113 113 104 102  89  83
79  79  91  95  99 108 108  93  90  74  70  65  65  60  60  60  62  66  66  66  82  86  90  90  88  88  88  80  76  75
70 68 71 71 80 80 81 85 85 85 85 85 79 76 68 60 58 56 56 45 45 45 49 49 49 52 52 52 54 54
56  56  56  63  63  63  67  67  68  83  84  85  85  85  85  97  97  96  88  88  88  95  99  99 108 108 108 109 109 109
104 104  93  93  93  99  99  99 106 109 110 137 147 156 156 154 130 118 102 100  97 100 107 121 121 119 115 104 103 102
102 124 124 115 108 100  94  87  88  88 112 121 130 130 124 105 103  92  92  97 103 105 130 130 119 114 102  97  90  90
110 120 122 138 138 133 122 111 111 100 100 100 132 135 139 139 132 111 110  91  91 101 105 120 168 168 163 153 118 104
92  92 121 154 193 210 210 148 124  96  95  84  87  87 105 107 107 107 100  98  90  80  80  78  78  78 101 101 101  91
67 55 53 53 49 49 49 57 57 57 83 83 85 76 76 75 60 56 56 50 50 50 60 60 60 84 84 84 79 79
55 55 55 62 62 62 87 87 81 68 58 58 55 55 55 67 67 67 77 77 70 59 59 59 55 55 55 79 79 80
76 65 52 49 49 50 50 50 70 70 71 95 95 95 95 95 73 58 67 59 59 59 67 67 67 85 85 85 92 92
92  92  88  82  82  81  75  75  75  92  92  95 105 105 104  94  94  93  74  74  74  64  64  64  64  64  64  79  79  79
90  90  90  90  83  72  72  72  72  72  72  90  90  90  95  95  95 102 102 102 107 107 108 104 104 101  92  92  92  85
85 104 104 112 118 118 105  95  95  95  94  94  94  90  90  90  87  87  87  90  90  90 105 105 102  89  89  87  60  60
76  76  76  93  93  93 119 119 119 102 102  90  77  77  77  79  79  79 104 104 112 123 123  99  88  88  82  74  74  74
81  82  94  94  94 108 108  97  94  94  91  90  90  90  98  98  98 101 101 101 118 118 114  99  99  96  85  85  85  97
104 112 112 103  93  93  93  94  94  98 115 115 108  95 100  95  92  92 101 102 102 102  98  97  94  95  95 112 114 117
102 101  92  87  87  86  88  88 102 102 103 125 125 122 121 105  94  92  83  83  79  79  79  84  91  96 104 104 106 102
88  83  82  80  80  83  86  99  99 100  89  89  89  88  90  90  90  90  90  86  86  86  91  94  96 114 114 105 102  93
78  75  75  79  79  79  92 105 112 121 121 100  96  84  77  77  81  86  99  99  94  89  86  83  83  83  84  96  97 100
88  77  76  74  74  79  80  80  91  91  91  84  81  74  72  72  72  74  74  74  86  95 101 101  96  88  82  82  69  69
71  82  90  91 100 100  97  92  81  77  68  68  68  87  92  93  97  97  78  78  65  65  66  66  66  66  74  76  90  93
93 93 71 67 63 47 47 47 47 60 64 65 82 84 87 84 74 64 60 56 56 70 70 75 94 94 94 94 94 78
63 52 52 52 52 67 69 70 90 94 94 94 94 94 93 82 75 72 58 56 56 56 56 71 71 71 93 93 93 93
89  86  74  74  69  70  70  87  87  91  98  98  98  94  88  83  80  70  70  71  71  71  94  99 103 119 119 117 108 103
83  80  80  90  90  94 125 125 129 117 114 100  93  93  93 100 104 107 121 121 121 112 112 112 106 106 106 105 105 105
104 104 102 102 102  94  94  94  95  95  95  93  93  93  92  92  92  79  79  79  87  87  87  94  94  94  79  79  78  67
67  75  75  75  91  97  99 110 110 106  98  95  92  78  73  73  70  70  70  94  94  94 120 120 122 127 127 118 113 100
86  86  86  90  91  91 115 115 115 126 126 116 109 102  98  81  81  81  89  89  89 121 123 129 130 130 109  97  92  92
97  97 115 115 115 136 136 136 129 129 114 106 101 101  97  97  97 108 108 111 130 130 124 108 108 104  92  92  92  98
98 105 105 109 117 117 100  90  90  73  58  58  58  49  63  64  64  64  64  45  45  47  47  47  56  56  56  59  59  59
63  63  71  71  71  78  81  81  91  91  91  91  91  91  85  82  82  81  81  81  87  87  87  86  86  86  93  97  97 106
106 106 106 106  97  97  95  83  75  75  73  73  73  75  76  76  98 100 101 117 117 117 114 113  96  93  80  80  76  76
94  98 101 113 113 113 104 104 101  96  84  84  79  79  79  87  87  87 105 105 105  96  96  96  81  80  80  80  80  80
101 101 106 106  98  87  83  83  76  76  76  91  91  91 122 122 120 108 105  94  82  81  81  76  76  76  96  96  96 112
110 102  91  88  73  73  73  69  69  69  83  83  83  90  90  90  75  75  75  69  69  69  65  65  65  86  86  86 105 105
92 92 92 81 81 81 73 73 73 75 75 75 87 87 87 80 80 80 72 72 72 75 75 75 83 83 83 73 90 80
80  75  75  75  76  76  76  89  89  89  98  98  86  79  75  75  70  70  70  93 102 108 120 120 119 114 105  93  88  88
101 101 101  99  99  91  91  91  92 111 113 121 113 101  87  81  79  79  82  88  95 108 108  83  82  68  56  52  52  52
56  56  72  77  89 117 117 106 105 105  84  81  67  56  50  50  37  37  37  46  48  49  55  74  92  96  96  96  96  96
71  71  71  71  71  57  57  73  83  84 106 106 106  98  98  98  85  82  82  77  77  77  89  89  96  96  96  92  86  86
80  80  85  96  96 100  89  89  89  77  77  77  80  80  84  99  99  82  77  74  61  61  61  61  61  61  72  94 105 105
106  91  85  82  67  55  55  55  59  59  44  44  44  60  91  91  88  83  83  79  79  79  81  85  85  77  69  69  69  75
83  92  92  85  80  80  80  82  82  84  94  94  86  83  83  83  92  92 100 101 101  93  83  83  74  71  71  71  94  94
105 105  94  92  92  84  83  83  83 107 107 117 121 121 103  96  96  89  86  86  86 122 122 119 114  95  65  61  61  61
61  62  77  92  92  92  92  92 140 140 135 117 106 101  78  68  67  58  58  68  68  68  74  79  82  82  82  82  82  82
77 68 68 64 68 68 77 81 86 86 76 69 69 52 51 51 51 51 62 62 68 83 85 88 88 88 88 85 71 71
64 62 62 62 63 71 74 74 86 86 86 85 82 78 77 62 62 59 59 59 59 59 66 79 81 87 92 92 92 92
67 67 67 67 67 67 67 78 80 80 80 75 69 68 62 62 67 75 78 85 85 80 79 67 56 56 56 56 60 62
88  97  97  97  97  97  92  71  64  64  51  51  51  51  62  75  80  90 101 101  92  89  75  66  66  66  66  66  52  52
66 70 88 93 93 93 93 79 79 64 64 60 60 60 60 60 65 77 81 81 92 92 92 91 70 70 65 64 56 56
56 75 77 79 94 94 94 94 91 91 91 76 76 71 65 65 65 65 65 75 78 83 99 99 99 99 91 90 85 75
75  76  76  78  82  82  91  91  91  91  81  80  75  65  65  69  72  72  96  97 106 106 101 101  96  79  77  73  68  68
75  76  91  96 106 116 118 118 118 102 101  95  75  75  75  72  71  71  71  73  85  89 103 117 119 119 119  98  98  92
71  69  71  71  71  81  85  97 113 113 113 110 110 110  82  80  79  70  70  70  72  72  79  85  96 124 130 141 141 124
100  65  65  64  57  57  57  60  61  79  80 101 101 106 106 106  87  85  81  67  67  67  61  61  61  64  65  65  65  65
77  92  99 101 113 113 109 101 101  72  72  71  67  63  63  63  65  65  66  78  84  93 105 105 107 105 105  78  78  71
69  69  49  49  51  67  69  69  77  93  99 103 114 114 109 104 104  68  68  68  60  60  60  56  56  56  56  56  78 101
114 121 129 131 131 101  93  87  67  67  67  59  59  59  68  68  75  82  82  97 102 102 102  97  97  92  69  69  68  62
62  75  75  86  95 103 103 106 106 106  94  86  82  68  68  60  61  61  62  72  74  91  98 104 104 100 100  94  80  80
68  68  69  77  77  89  90  90  90  91  91  91  90  90  90  83  83  83  71  71  71  73  73  80  90 102 142 147 173 173
133 115  82  75  75  61  61  59  58  58  64  72  73  79  79  79  82  82  82  74  66  66  61  56  52  52  52  60  74  79
104 104 104 102  94  86  85  57  57  49  49  42  42  52  55  82  82  82  82  82 105 105 102  96  91  73  63  57  49  43
43 43 63 70 70 87 87 87 87 87 85 70 65 65 56 55 55 55 55 55 53 53 53 62 62 62 74 74 74 81
81 81 81 76 58 56 56 50 50 50 60 63 63 86 86 86 86 86 86 84 64 63 48 48 48 48 48 48 62 65
59 59 56 62 62 62 65 65 65 68 68 68 68 68 68 65 65 66 66 66 66 74 74 74 70 70 70 76 76 76
59 59 56 62 62 62 65 65 65 68 68 68 68 68 68 65 65 66 66 66 66 74 74 74 70 70 70 76 76 76
84 84 84 84 84 73 73 73 74 74 75 79 79 80 84 84 84 84 84 84 80 80 78 77 77 77 74 74 75 76
76  79  79  81  85  85  85  86  86  86  76  76  76  75  75  79  82  82  84  91  91  91 101 101 101  94  94  94  92  92
95  95  97  99  99 100 104 104 104 104 104 104 107 107 107 111 111 111 109 109 109 104 104 104 105 105 105 109 109 111
119 123 125 125 144 158 168 206 217 219 219 193 177 172 135 135 125 133 133 142 155 156 156 148 148 148 128 128 126 123
123 129 129 129 124 124 124 123 123 123 134 134 134 133 133 133 132 132 132 130 130 130 132 132 132 138 138 138 126 126
122 122 122 122 122 122 125 125 125 125 125 125 119 119 119 120 120 120 113 113 111 115 115 115 113 113 113 118 118 118
111 111 110 110 110 109 109 109 107 107 107 106 106 106 103 103 103 106 106 106 107 107 107 102 102 102 104 104 104 102
102 101 101 101  97  97  97 101 101 101 102 102 102 100 100 100 100 100 100 104 104 104 103 103 103 101 101 101 104 104
102 102 102 102 102 102  99  99  99  96  96  96  99  99  99  93  93  93  92  92  92  82  82  82  78  78  78  85  85  85
87  87  90  90  90  92  92  92  93  93  93  98  98 104 114 114 114 115 115 115 117 117 117 113 113 113 116 116 116 122
123 131 131 131 133 133 133 129 129 129 131 131 142 145 145 145 142 142 142 152 152 155 168 168 168 183 183 185 185 185
190 190 190 184 184 182 171 171 171 145 145 166 166 174 175 175 167 167 167 156 153 153 137 137 137 128 128 128 129 129
130 130 130 131 128 128 128 125 125 124 124 124 121 121 121 113 113 113 108 108 108 108 108 108 108 108 108 104 104 104
104 104  98  98  98 104 104 104 104 104 104 103 103 103 104 104 104 101 101 101  97  97  97 102 102 102 102 102 102  97
97 94 94 94 91 91 91 92 92 92 88 88 88 87 87 87 86 86 86 91 91 91 94 91 91 88 88 88 89 91
88  88  88  88  92  92  94  94  94 101 104 104 100 100 100 103 103 103 109 109 109 108 108 108 107 107 107 106 106 106
107 107 104 104 104 106 106 106 101 101 101 100 100 100  99  99  99 100 100 100  99  99  99 101 101 101  97  97  97  97
97 101 101 101  98  98  98  96  96  96  95  95  95  98  98  98 101 101 101 103 103 103 103 103 103 101 101 101 100 100
99  99  99 100 100 100  98  98  98 102 103 103  96  96  96 103  97  97  97 101 101 104 104 104 104 104 104 100 100 100
101 101 103 107 107 102 102 102  99  99  99 109 107 107 103 103 103 108 109 109 108 108 108 105 105 105 111 111 111 107
107 108 108 108 111 111 111 115 111 111 111 112 112 112 112 112 113 113 113 113 113 113 116 116 116 110 110 110 115 118
115 114 114 113 113 113 114 114 114 110 110 110 115 115 115 113 113 113 113 114 114 112 112 112 112 112 112 117 117 117
116 116 117 117 117 120 120 120 121 121 121 116 116 116 119 119 119 119 119 119 125 125 125 123 123 123 120 120 120 121
121 120 120 120 125 125 125 121 121 121 121 121 121 119 119 119 123 123 123 121 121 121 122 122 122 121 121 121 118 118
121 121 121 120 120 120 125 124 124 124 125 125 120 120 120 120 120 120 118 118 118 119 119 119 119 119 119 123 118 118
123 123 121 121 121 120 120 120 120 120 120 119 119 119 123 123 123 128 128 128 127 127 127 127 127 127 133 135 135 133
133 132 132 132 130 130 130 132 129 129 129 129 129 130 130 130 128 128 128 130 130 130 131 131 131 127 127 127 129 129
133 133 133 131 131 131 131 131 131 131 131 131 136 136 136 136 136 136 146 146 146 145 145 145 141 141 141 142 142 142
139 139 142 142 142 141 141 141 141 141 141 145 145 145 147 147 147 142 142 142 143 143 143 146 146 146 142 142 142 141
141 142 141 141 140 140 140 139 139 139 140 140 140 142 142 142 140 140 140 144 144 144 144 144 144 144 144 144 144 148
144 144 144 145 141 141 134 131 131 119 119 119 115 115 115 121 120 120 120 131 131 138 155 155 164 160 160 145 137 137
118 118 118 112 112 112 113 113 119 119 119 126 130 130 141 144 144 133 129 129 122 119 119 112 109 109 108 108 108 108
108 114 119 119 129 138 138 146 139 139 124 117 117 107 107 107 107 107 107 111 115 115 119 137 137 143 146 146 134 126
119 116 116 116 116 116 116 116 116 116 127 127 130 141 141 133 127 127 119 115 115 110 110 110 114 116 116 119 118 118
122 122 123 125 125 125 126 126 112 112 112 113 120 120 120 125 125 129 131 131 123 118 118 111 111 111 112 114 114 117
122 120 117 117 111 108 108 108 110 110 114 120 120 117 116 116 116 116 116 120 118 118 107 107 107 111 111 111 114 114
114 114 114 112 112 112 118 118 118 112 112 112 114 114 114 119 119 119 118 117 117 117 117 117 119 119 119 116 116 116
118 118 114 114 114 112 112 112 116 116 116 115 115 115 111 111 111 115 115 115 114 114 114 112 112 112 115 112 112 112
112 111 111 111 117 115 115 112 112 112 115 115 115 114 114 114 116 116 116 112 112 112 112 112 112 111 111 111 114 114
112 112 112 117 115 115 114 114 114 115 115 115 110 110 110 114 114 114 112 112 112 114 114 114 115 118 118 113 113 113
121 121 117 117 117 116 116 116 116 119 119 112 112 112 110 110 110 116 119 119 113 113 113 118 116 116 113 113 113 111
111 115 115 115 111 111 111 113 113 113 116 116 116 117 117 117 112 112 112 116 116 116 108 108 108 117 118 118 118 118
111 111 111 116 116 116 111 111 111 111 111 111 110 110 110 115 115 115 116 115 115 115 117 117 118 118 118 116 116 116
114 114 119 118 118 116 116 116 117 117 117 114 114 114 114 114 114 116 116 116 116 116 116 114 114 114 113 113 113 114
114 112 112 112 118 120 120 114 114 114 116 116 116 112 112 112 115 115 115 118 118 118 117 117 117 116 116 116 110 110
111 114 114 117 114 114 109 109 109 116 115 115 115 116 116 111 111 111 111 111 111 112 113 113 111 111 111 113 113 113
113 113 112 112 112 113 113 113 111 111 111 116 116 116 114 114 114 114 115 115 112 112 112 114 114 114 116 116 116 110
110 112 112 112 113 113 113 114 115 115 115 114 114 114 114 114 115 114 114 114 116 116 115 115 115 110 110 110 113 113
111 111 111 111 111 111 112 112 112 114 114 114 112 112 112 111 111 111 115 115 115 113 113 113 112 112 112 115 115 115
111 111 112 112 112 115 115 115 115 115 115 116 116 116 114 114 114 116 118 118 118 118 118 112 112 112 116 116 116 118
118 116 116 116 114 114 114 117 117 117 118 118 118 118 119 119 119 119 119 115 115 115 117 117 117 120 120 120 117 117
116 116 116 118 118 118 120 114 114 114 118 118 117 117 117 116 116 116 112 112 112 118 118 118 117 117 117 110 110 110
114 114 116 120 120 109 109 109 113 113 113 117 116 116 113 113 113 113 113 113 113 113 113 110 110 110 114 114 114 118
116 115 115 115 116 117 117 117 117 117 121 119 119 119 121 121 116 116 116 117 120 120 112 112 112 114 114 114 114 114
121 120 120 120 120 120 120 121 121 124 122 122 122 123 123 118 118 118 119 119 119 121 121 121 122 123 123 120 120 120
115 115 120 120 120 120 122 122 119 119 119 116 116 116 118 118 118 120 120 120 122 122 122 123 123 123 118 118 118 119
119 123 123 123 121 121 121 122 122 122 123 124 124 120 120 120 122 122 122 124 124 124 126 123 123 123 126 126 125 125
124 124 124 125 125 125 121 121 121 127 127 127 125 125 125 121 121 121 124 124 124 125 125 125 125 126 126 124 124 124
120 120 122 122 122 123 123 123 126 126 126 124 124 124 124 124 124 122 122 122 123 123 123 127 128 128 120 120 120 128
126 122 122 122 120 120 120 125 125 125 121 121 121 124 124 124 119 119 119 122 122 122 125 125 125 123 123 123 121 121
123 123 123 126 126 126 121 121 121 118 118 118 119 119 119 122 122 122 122 122 122 122 122 122 123 123 123 119 119 119
122 122 117 117 117 123 123 123 118 118 118 121 121 121 125 124 124 122 122 122 124 124 124 122 122 122 125 125 125 129
129 122 122 122 124 124 124 126 126 126 124 124 124 128 128 128 128 128 128 126 126 126 129 129 129 126 126 126 128 128
130 130 130 127 127 127 129 129 129 129 132 132 129 129 129 133 131 131 129 129 129 134 134 134 134 132 132 132 134 134
127 127 126 126 126 128 130 130 126 126 126 132 132 132 128 128 128 129 129 129 127 127 127 129 129 129 128 128 128 128
128 126 126 126 124 124 124 126 126 126 128 128 128 127 127 127 127 127 127 128 131 131 132 131 131 124 124 124 127 127
122 122 122 126 126 126 125 125 125 125 128 128 124 124 124 125 125 125 127 127 127 126 126 126 124 124 124 126 126 126
123 123 124 124 124 126 126 126 126 125 125 125 127 127 125 125 125 123 123 123 122 122 122 129 129 129 126 126 126 123
123 127 123 123 123 127 127 126 126 126 124 124 124 125 125 125 129 130 130 129 129 129 127 127 127 128 128 128 130 130
129 129 129 134 134 134 131 131 131 132 130 130 126 126 126 135 134 134 134 135 135 132 132 132 129 129 129 135 135 135
132 132 130 130 130 136 132 132 132 134 134 126 126 126 131 131 131 130 130 130 136 134 134 131 131 131 130 130 130 132
132 134 134 134 133 133 133 131 131 131 131 131 131 130 130 130 129 129 129 131 128 128 128 129 129 129 129 129 129 129
129 130 130 129 129 129 126 126 126 127 127 127 130 130 130 126 126 126 125 125 125 126 126 126 125 125 125 129 129 129
129 129 128 128 128 130 130 130 128 128 128 130 130 130 129 128 128 128 128 128 126 126 126 128 128 128 128 128 128 128
128 126 126 126 127 127 127 125 125 125 127 127 127 127 127 127 130 130 130 130 129 129 128 128 128 130 130 130 130 132
125 125 125 128 128 128 127 127 127 130 130 130 127 127 127 126 126 126 129 129 129 130 134 134 132 132 132 132 133 133
134 134 133 133 133 131 131 131 134 134 134 135 135 135 135 133 133 133 133 133 133 134 134 126 126 126 135 133 133 133
131 131 132 132 132 132 132 126 126 126 128 128 128 126 126 126 125 125 125 130 130 130 130 131 131 132 131 131 129 129
131 130 130 128 128 128 125 125 125 128 128 128 128 128 128 124 124 124 128 130 130 130 131 131 128 128 128 129 129 129
133 133 125 125 125 128 128 128 129 129 129 128 125 125 125 130 130 125 125 125 131 130 130 127 127 127 125 125 125 121
121 125 125 125 126 126 126 125 125 125 127 127 127 124 124 124 127 127 127 128 128 128 132 132 132 127 127 127 128 128
131 131 131 128 128 128 122 122 122 123 123 123 130 129 129 128 128 128 133 130 130 130 131 131 134 135 135 126 126 126
133 133 130 130 130 129 129 129 129 129 129 129 129 129 128 128 128 134 134 134 134 134 134 135 137 137 136 132 132 132
134 134 135 135 128 128 128 134 134 134 128 128 128 135 135 135 134 133 133 133 135 135 135 134 134 129 129 129 130 130
131 131 131 131 131 131 132 132 132 128 128 128 130 130 130 132 132 132 131 131 131 132 132 132 132 132 132 129 129 129
130 130 134 131 131 124 124 124 130 130 130 128 128 128 124 124 124 130 131 131 128 128 128 129 129 129 134 133 133 133
129 128 128 128 130 126 126 126 131 131 125 125 125 129 129 129 129 134 134 126 126 126 125 125 125 127 127 127 133 130
127 127 127 128 128 128 131 129 129 129 129 129 131 132 132 127 127 127 127 127 127 130 130 130 132 132 132 133 133 133
131 131 134 134 134 134 134 134 132 132 132 136 135 135 134 134 134 134 134 134 136 136 136 133 133 133 136 136 136 132
132 133 133 133 136 136 136 139 137 137 132 132 132 137 136 136 136 138 138 133 133 133 139 139 139 133 133 133 136 137
137 137 137 137 137 137 137 138 138 138 137 137 133 133 133 137 139 139 136 136 136 134 134 134 130 130 130 136 136 136
137 137 134 134 134 133 133 133 132 132 132 128 128 128 130 130 130 130 130 130 132 132 132 136 133 133 129 129 129 137
137 132 132 132 132 132 132 133 133 133 131 131 131 132 132 132 136 136 136 129 129 129 138 138 138 138 138 138 133 133
135 135 135 130 130 130 133 133 133 133 133 133 136 135 135 135 138 138 136 136 136 132 132 132 133 133 133 141 137 137
142 142 142 142 142 142 142 142 140 140 140 138 138 138 136 136 136 141 141 141 136 136 136 143 142 142 138 138 138 143
143 140 140 140 138 138 138 139 139 139 138 138 138 138 138 138 136 136 136 135 135 135 136 140 140 137 137 137 138 138
138 140 140 135 135 135 135 135 135 136 136 136 140 140 140 138 138 138 136 136 136 142 139 139 139 141 141 135 135 135
133 133 138 138 138 136 136 136 138 138 138 133 133 133 138 138 138 131 131 131 135 135 135 133 133 133 135 135 135 133
19 25 27 27 25 24 24 24 19 17 17 14 14  7  4  4  4  5  5  5  2  2  2  2  2  2  2  2  2  4
13 13 19 19 19 22 22 22 19 19 19 16 16 16 11 11  9  3  3  3 -2 -2 -2  1  1  1  3  3  3  5
17 20 24 24 24 28 28 26 25 25 22 18 18 15 15 15 12  5  5  5  8  8  3  3  3  3  0  0  0  1
11 11 21 21 21 23 23 23 22 22 22 16 16 10  9  9  9  1  0  0  7  7  4 -1 -1 -1 -3 -3 -3  7
12 12 19 19 19 22 22 24 20 20 20 25 25 23 18 18 17 11 11 11  9  9  8  7  7  7 -1 -1 -1  7
16 19 22 22 25 31 31 31 33 33 35 31 31 31 29 29 29 25 25 23 21 18 18 12 12 12  9  9  9  9
23 23 23 24 24 24 26 26 27 28 28 28 27 27 27 24 24 21 21 21 17 15 15 12 12 12  7  7  7  7
16 23 26 26 27 33 33 34 28 28 26 24 24 24 14 14 14 11 11 11  3  3  3  4  4  4  0  0  0 -1
12 12 23 23 23 28 28 28 28 28 28 29 29 29 29 29 25 19 19 18 12 12  9  5  5  4  1  1  1  5
17 18 20 20 22 26 26 26 26 26 24 23 23 25 25 25 20 13 13 13 11 11 11  6  6  6  5  5  5  6
16 16 17 23 23 23 29 29 29 28 28 28 25 25 22 18 18 16 12 12 12  7  7  7 -1 -1 -1 -1 -1 -1
10 10 23 23 25 29 29 31 37 37 38 34 34 34 31 31 30 22 22 22 14 14 14  9  9  9  5  5  3  3
9 13 19 19 20 20 20 20 22 22 22 20 20 20 18 18 18 14 14 14 14 14 10  7  7  6  3  3  3  3
14 14 14 20 20 20 21 22 22 22 28 28 26 21 21 18 16 16 13  4  4  4  4  4  4 -3 -3 -3  1  1
13 13 14 16 16 25 25 26 24 24 24 24 24 22 19 19 19 22 22 18 12 12 11  6  6  6  3  3  3 -2
7 16 16 16 24 24 26 28 28 28 31 31 31 28 28 28 25 25 23 17 17 17 12 12 12  5  5  5  7  7
11 15 15 15 15 26 26 26 26 26 26 16 16 16 14 14 14 13 13 12  5  5  5  8  8  8  6  6  3 -1
21 21 21 28 28 29 31 31 31 31 31 26 24 24 21 13 13 13 12 12  9  6  6  6  2  2  2  3  3  3
18 19 19 18 18 22 22 23 28 28 30 28 28 26 23 23 23 16 16 13 10 10  6  5  5  5  5  5  5  4
11 13 24 24 24 33 33 33 34 34 34 41 41 33 32 32 31 18 18 17  8  8  7  7  7  5  5  5  7  8
14 15 23 23 23 33 33 33 31 31 31 35 35 32 27 27 24 22 17 16 13 13 13  4  4  4  2  2  2 -1
13 13 15 15 15 22 22 22 27 27 27 29 29 29 37 37 37 41 41 41 41 41 37 32 32 31 24 24 17 14
17 17 17 24 24 24 27 27 27 29 29 29 30 30 30 25 25 25 17 17 15 14 14 12 10 10 10  4  4  4
16 16 24 24 24 28 28 28 27 27 27 20 20 20 16 16 13 11 11 11  9  9  9  1  1  1  1  1  1  3
13 13 20 20 20 26 26 28 33 33 33 31 31 29 26 26 25 15 15 12 12 12  8  8  8  8  0  0  0  2
17 17 23 23 23 33 33 33 40 40 40 37 37 30 26 26 17  7  7  7  0  0  0  0  0  0 -6 -6 -6 -3
16 16 26 26 26 34 34 34 31 31 31 28 28 26 20 20 14  5  5  5  5  5  5  3  3  3 -2 -2 -2 -4
14 14 14 14 14 25 25 26 28 28 28 30 30 30 33 33 33 23 23 23 18 18 18  7  7  7 -2 -2 -2  1
6  6 12 12 12 13 13 13 23 23 23 23 23 23 21 21 21 19 19 19 18 18 18 12 12 12  9  9  9  5
15 15 19 19 19 26 26 26 25 25 25 33 33 33 25 25 25 22 22 22 19 19 19 11 11 11  4  4  4  6
11 11 18 18 18 25 25 27 32 32 35 38 38 38 31 31 31 27 27 27 17 17 17 10 10 10  4  4  4  3
9  9 13 13 13 18 18 18 20 20 20 23 23 23 30 30 30 30 30 30 29 29 29 22 22 22 14 14 14 13
17 17 16 16 16 26 26 26 29 29 29 35 35 35 27 27 27 24 24 24 19 19 19 16 16 16 12 12 12  8
20 20 20 20 20 22 22 22 28 28 28 31 31 32 30 30 30 28 28 28 30 29 28 22 22 19 14 14 12 12
21 21 24 24 24 28 28 28 36 36 36 28 28 28 27 27 27 17 17 16  7  7  7  7  7  7  1  1  1  1
16 16 21 21 21 27 27 27 34 34 34 37 37 37 33 33 33 28 28 28 15 15 15 10 10 10 -3 -3 -3  2
7  7 15 15 15 26 26 26 38 38 38 36 36 36 33 33 33 29 29 29 24 24 24 17 17 17  4  4  4  1
20 20 22 22 22 20 20 20 22 22 22 15 15 15 16 16 16  7  7  7  4  4  4 -2 -2 -2 -2 -2 -2 -2
18 18 21 21 21 26 26 26 30 30 30 29 29 29 23 23 23 17 17 17  5  5  5  2  2  2 -2 -2 -2 -2
13 13 16 16 16 21 21 21 19 19 19 15 15 15 14 14 14 15 15 15  5  5  5  4  4  4  1  1  1  2
16 16 18 18 18 19 19 19 20 20 20 21 21 21 22 22 22  8  8  8  4  4  4  4  4  4  1  1  1 -2
19 19 26 26 26 27 27 27 32 32 32 35 35 35 24 24 24 23 23 21 14 14 14 -1 -1 -1  1  1  1  4
15 15 20 20 20 23 23 23 29 29 29 21 21 21 16 16 16 16 16 16  6  6  6  6  6  6  2  2  2  3
14 14 19 19 19 21 21 21 15 15 15 18 18 18  9  9  9  6  6  6  8  8  8  3  3  3  7  7  7  5
16 16 16 16 16 18 18 18 24 24 24 17 17 17 21 21 21 11 11 11  8  8  8  3  3  3  6  6  6  3
19 19 18 18 18 20 20 20 25 25 25 19 19 19 15 15 15 11 11 11  5  5  5  0  0  0  4  4  4 -2
10 10 18 18 18 19 19 19 21 21 21 16 16 16 18 18 18 14 14 14  8  8  8 -3 -3 -3  4  4  4  1
13 13 17 17 17 17 17 17 19 19 19 17 17 17 14 14 14  8  8  8  8  8  8  1  1  1  5  5  5 -2
17 17 15 15 15 20 20 20 21 21 21 22 22 22 12 12 12 10 10 10 11 11 11  6  6  6  4  4  4  5
11 11 13 13 13 18 18 18 22 22 22 20 20 20 16 16 16 12 12 12  5  5  5  2  2  2  6  6  6 -3
15 15 16 16 16 20 20 20 21 21 21 19 19 19 15 15 15 16 16 16 13 13 13  7  7  7  3  3  3  4
14 14 22 22 22 25 25 25 33 33 33 34 34 34 28 28 28 24 24 24 22 22 22 11 11 11  2  2  2 -1
18 18 19 19 19 24 24 24 27 27 27 25 25 25 25 25 25 20 20 20 10 10 10  9  9  9  7  7  7  2
18 18 18 18 18 19 19 19 33 33 33 35 35 35 35 35 35 26 26 26 18 18 18  7  7  7  9  9  9  6
21 21 25 25 25 34 34 34 41 41 41 41 41 41 39 39 39 31 31 31 18 18 18  8  8  8  2  2  2  9
17 17 23 23 23 25 25 25 26 26 26 27 27 27 25 25 25 13 13 13  8  8  8  1  1  1  1  1  1  0
13 13 17 17 17 25 25 25 18 18 18 16 16 16 16 16 16 12 12 12  4  4  4  8  8  8  2  2  2  7
15 15 17 17 17 15 15 15 17 17 17 11 11 11  8  8  8  7  7  6  1  1  1 -1 -1 -1  7  7  7  5
12 12 14 14 14 14 14 14 11 11 11 15 15 15  5  5  5  8  8  8  6  6  6  2  2  2  0  0  0  0
15 15 13 13 13 15 15 15 17 17 17 13 13 13 10  9  9  5  5  5  3  3  3  4  4  4  1  1  1  0
12 12 10 10 10 12 12 12 16 16 16 16 16 16  6  6  6  2  2  2 -2 -2 -2  3  3  3  8  8  8  3
9  9 19 19 19 16 16 16 24 24 24 19 19 19 22 22 22 22 22 22 16 16 16 14 14 14  4  4  4  6
13 13 15 15 15 14 14 14  9  9  9 12 12 12  5  5  5  1  1  1  6  6  6 -1  0  0  1  1  1  3
9  9 17 17 17 14 14 14 18 18 18 17 17 17 10 10 10  7  7  7  9  9  9  0  0  0  3  3  3  0
8  8 13 13 13 10 10 10 11 11 11  7  7  7  1  1  1  9  9  9  7  7  7 -1 -1  0  4  4  4  2
13 13 17 17 17 13 13 13 16 16 16  5  5  5  1  1  1  1  1  1  5  5  5  3  3  3  0  0  0 -2
13 13 13 13 13 15 15 15 19 19 19 14 14 14 13 13 13 11 11 11  6  6  6  4  4  4  4  4  4 -2
9  9 18 18 18 15 15 15 17 17 17 13 13 13 11 11 11  5  5  5  2  2  2  1  1  1  6  6  6  3
14 14 11 11 11 11 11 11  6  6  6  5  5  5  1  1  1  3  3  3 -1 -1 -1  0  0  0  0  0  0 -2
6  6 14 14 14 24 24 24 30 30 30 23 23 23 14 14 14  6  6  6  2  2  2  1  1  1  3  3  3 -1
8  8 17 17 17 21 21 21 20 20 20 16 16 16 12 12 12 10 10 10  4  4  4  4  4  4  1  1  1  5
7  7 10 10 10 14 14 14 11 11 11  9  9  9  9  9  9  7  7  7  1  1  1  5  5  5  0  0  0 -2
7  7 11 11 11 12 12 12 19 19 19 12 12 12 10 10 10  9  9  9  2  2  2 -1 -1 -1  6  6  6 -1
9  9 13 13 13 19 19 19 23 23 23 18 18 18 15 15 15  9  9  9  3  3  3  2  2  2  6  6  6  1
8  8 14 14 14 16 16 16 16 16 16 19 19 19 16 16 16  8  8  8  5  5  5  2  2  2  1  1  1  3
5  5 13 13 13 14 14 14 17 17 17 24 24 24 15 15 15 18 18 18 10 10 10  1  1  1  3  3  3  4
9  9 15 15 15 14 14 14 17 17 17 13 13 13  6  6  6  5  5  5 -1 -1  0  1  1  1  1  1  1  4
6  6 18 18 18 15 15 15 21 21 21 19 19 19 13 13 13 11 11 11  2  2  2 -1 -1 -1  0  0  0 -2
11 11 14 14 14 16 16 16 22 22 22 21 21 21 14 14 14  8  8  8  5  5  5 -2 -2 -2  0  0  0  3
14 14 10 10 10 22 22 22 22 22 22 15 15 15 14 14 14  9  9  9  6  6  6  6  6  6  6  6  6  5
13 13 12 12 12 18 18 18 15 15 15 13 13 13 10 10 10  8  8  8  4  4  4 -1 -1 -1  3  3  3 -2
11 11 18 18 18 16 16 16 18 18 18 14 14 14 13 13 13 11 11 11  5  5  5  9  9  9  3  3  3 -1
8  8 18 18 18 16 16 16 18 18 18 18 18 18 10 10 10  5  5  5  7  7  7  1  1  1  1  1  1  7
10 10 10 10 10 14 14 14 15 15 15  6  6  6  4  4  4  4  4  4  5  5  5  4  4  4 -1 -1 -1 -3
11 11 11 11 11 11 11 11 12 12 12  9  9  9 12 12 12  3  3  3  2  2  2  1  1  1 -1 -1  0  7
8  8 15 15 15 15 15 15  8  8  8  6  6  6  7  7  7  3  3  3  6  6  6  2  2  2  3  3  3  1
9  9 16 16 16 10 10 10  6  6  6  4  4  4  4  4  4  2  2  2  0  0  0 -3 -3 -3 13 13 13 -2
8  8 12 12 12 12 12 12 11 11 11  7  7  7  9  9  9  8  8  8  2  2  2 -1 -1 -1  1  1  1 -4
14 14 20 20 20 19 19 19 12 12 12  9  9  9  1  1  1  0  0  0 -5 -5 -5  2  2  2  0  0  0  3
8  8 12 12 12  7  7  7  1  1  1 -1 -1 -1 -2 -2 -2  1  1  1 -3 -3 -3  4  4  4 -1 -1 -1 -4
12 12 11 11 11  9  9  9  7  7  7  9  9  9  4  4  4  5  5  5  3  3  3 -5 -5 -5 -4 -4 -4 -1
10 10 16 16 16 16 16 16  9  9  9  4  4  4  1  1  1  0  0  0  4  4  4 -1 -1 -1  1  1  1 -3
8  8 11 11 11 18 18 18 14 14 14 11 11 11  9  9  9  6  6  6  2  2  2  3  3  3  5  5  5  2
11 11  7  7  7 19 19 19 15 15 15 11 11 11  7  7  7  7  7  7  2  2  2  5  5  5  4  4  4 -2
9  9 11 11 11 15 15 15 14 14 14 11 11 11  9  9  9  9  9  9  5  5  5  5  5  5  3  3  3  1
11 11 18 18 18 18 18 18 20 20 20 13 13 13  8  8  8  4  4  4  3  3  3 -1 -1 -1  2  2  2  0
10 10 16 16 16 14 14 14 14 14 14  8  8  8 11 11 11  9  9  9  4  4  4  7  7  7 -1 -1 -1  4
8  8 18 18 18 16 16 16 20 20 20 20 20 20 17 17 17 10 10 10 10 10 10 -1 -1 -1  2  2  2  6
13 13 16 16 16 18 18 18 22 22 22 22 22 22 12 12 12 15 15 15  9  9  9  5  5  5  3  3  3  5
11 11 11 11 11 18 18 18 17 17 17 14 14 14 14 14 14 14 14 14 10 10 10  8  8  8  2  2  2  1
11 16 16 27 27 27 18 18 18  3  3  3  4  4  4  0  0  0  3  3  3  3  3  3  2  2  2 -2 -2 -2
9 12 12 12 20 20 20 10 10 10  5  5  5  6  6  6  2  2  2  0  0  0  5  5  5  3  3  2 -1 -1
8  8 16 16 16 26 27 27 16 16 16  9  9  9  4  4  4  3  3  3  4  4  4  4  4  4  2  2  2  2
10 10 18 18 18 22 22 22 16 16 16 14 14 14  6  6  6  4  4  4 -1 -1  0  2  2  2  6  6  6  4
13 13 22 22 22 25 25 25 19 19 19 12 12 12  7  7  7  4  4  4  6  6  6  4  4  4  5  5  5  4
11 11 17 17 17 21 21 21 18 18 18 18 18 18  7  7  7  5  5  5  6  6  6  5  5  5  3  3  3  4
16 16 22 22 22 28 28 28 24 24 24 17 17 17  9  9  9  4  4  4  3  3  3  5  5  5  4  4  3  3
10 10 22 22 22 20 20 20 23 23 23 14 14 14  8  8  8  6  6  6  1  1  1  1  1  1  3  3  3  5
6 16 18 18 23 23 23 34 32 32 21 21 21  5  5  5  6  6  6 -2 -2 -2  3  3  3  2  2  2  5  5
12 12 17 21 21 18 18 18 16 16 16 10 10 10  5  5  5  2  2  2  2  2  2  2  2  2  1  1  1 -1
15 15 16 16 16 19 19 19 15 15 15  7  7  7  6  6  6  1  1  1  5  5  5  3  3  3 -1 -1 -1  3
9  9 16 16 16 18 18 18 10 10 10  7  7  6 -1 -1 -1  4  4  4  2  2  2 -3 -3 -3  1  1  1 -1
9  9 18 18 18 13 13 13  8  8  8  4  4  4  0  0  0  1  1  1  2  1  1 -3 -3 -3  1  1  1  1
7  7 15 15 15 19 17 17 11 11 11  6  6  6  5  5  5  5  5  5  1  1  1 -2 -2 -2  1  1  1 -2
10 11 11 11 15 15 15 10 10 10  5  5  5  3  3  3  2  2  2  0  0  0  0  0  0  2  2  2  1  1
12 12 16 16 16 17 17 17 10 10 10  6  6  6  2  2  2  2  2  2 -1 -1 -1  3  3  3  2  2  2  3
12 12 17 22 22 17 17 17 10 10 10  4  4  4  4  4  4  6  6  6  3  3  3  0  0  0 -2 -2 -1  0
17 17 11 11 11  8  8  8  6  6  6  6  6  6  4  4  4 -1 -1 -1  0  0  0 -1 -1 -1  7  6  6 -3
12 12 15 15 15 18 18 18 11 11 11  8  8  8  7  7  7  7  7  7  5  5  5  1  1  1  2  2  2  0
13 13 15 15 15 20 20 20 20 20 20 17 17 17 11 11 11 11 11 11  3  3  3  2  2  2  3  3  3  2
11 11 17 17 17 10 10 10 15 15 15  9  9  9  9  9  9  6  6  6  2  2  2  5  5  5  2  2  2  2
13 13 23 25 25 26 26 26 20 20 20 19 19 19 10 10 10  7  7  7  6  6  6  6  6  6  7  7  7  6
12 12 19 19 19 16 16 16 10  9  9  2  2  1  4  4  4 -4 -4 -4  2  2  2  3  3  3  2  2  2 -2
20 20 21 21 21 17 17 17 11 11 11  7  7  7  5  4  4  3  3  3  2  2  2  3  3  3  4  4  4  1
10 10 16 16 16 21 21 21 11 11 11  8  8  8  5  5  5  0  0  0  2  2  2  6  6  6  3  3  3 -1
11 11 19 19 19 15 15 15  8  8  8  5  5  5  2  2  2 -1 -1 -1  4  4  4  3  3  3 -2 -2 -2 -1
16 16 16 16 16 11 11 11  6  6  6  3  3  3  1  1  1  2  2  2  2  2  2  5  6  6  4  4  4  3
11 11 16 16 16 23 23 23 21 20 20 13 13 13  4  4  4  1  1  1  5  5  5 -3 -3 -3  3  3  3  3
7 10 10 10 21 17 17 10 10 10  4  4  4  7  7  7  3  3  3  7  7  7  0  0  0  2  2  2  3  3
9  9 13 13 13  7  7  7  6  6  6  6  6  6  6  6  6  6  6  6  6  5  5  0  0  0  1  1  1  1
17 17 17 19 19 16 16 16  8  8  8  6  6  6  2  2  2  3  3  3  5  5  5  2  2  2 -5 -5 -5  2
12 12 15 15 15 16 16 16 10 10 10  5  5  5  3  3  3  1  1  1  5  5  5 -2 -2 -2  5  5  5  2
9 14 14 14 17 17 17 13 13 13 11 11 11  5  5  5  4  4  4  0  0  0  0  0  0  0  0  0  4  4
10 10 10 10 10 16 16 16 12 12 12 10 10 10  5  5  5  2  2  2  8  8  8  0  0  0  4  4  4 -3
10 10 12 12 12  8  8  8  7  7  7  3  3  3  4  4  4  1  1  1  3  3  3  3  3  3 -2 -2 -2  2
11 11 15 17 17  9  9  9  9  9  9  3  3  3  5  5  5  3  3  3  7  7  7  1  1  1  0  0  0  1
10 10 18 18 18 15 15 15 20 20 20 15 15 15  9  9  9  5  5  5  5  5  5  4  4  4  3  3  3  0
9  9 15 15 15  8  8  8 12 12 12  5  5  5  7  7  7  7  7  7  7  5  5  1  1  1  1  1  1  3
10 10 19 19 19 16 16 16 11 11 11  8  8  8  4  4  4  1  1  1  6  6  6  1  1  1 -2 -2 -2  0
16 16  9  9  9 10 10 10  7  7  7  4  4  4  3  3  3  7  7  6  3  3  3 -1 -1 -1  1  1  1  5
8  8 14 14 14 12 12 12  8  8  8  6  6  6  8  8  8  6  6  6  5  5  5 -1 -1 -1 -1 -1 -1 -1
9  9 12 12 12  9  9  9  5  5  5  0  0  0  2  2  2  1  1  1  5  5  5  1  1  1  5  5  5 -3
7  7  8  8  8  7  7  7  5  5  5  2  2  2 -1 -1 -1  1  1  1  3  3  3 -1 -1 -1  5  5  5  3
9  9 14 14 14 15 15 15  7  7  7  7  6  6  5  5  5 -3 -3 -3 -1 -1 -1  5  5  5  1  1  1 -1
8  8 13 13 13  8  8  8  6  6  6  5  5  5  2  2  2  4  4  4 -3 -3 -3  1  2  2 -1 -1 -1 -3
8  8 11 11 11 12 12 12  8  8  8  7  7  6  6  6  6  1  1  1  2  2  2  0  0  0  0  0  0  3
7 10 10 10 10 10 10 12 11 11  6  6  6  1  1  1  4  4  4  5  5  5  2  2  2  2  2  2  1  1
17 17 22 22 22 22 22 22  8  8  8  8  8  8  1  1  1  3  3  3  4  4  4  5  5  5  0  0  0  3
6  6  8  8  8 10 10 10  5  5  5  2  2  2 -1 -1 -1 -2 -2 -2  2  2  2  2  2  2  1  1  1  3
9  9 11 11 11 10 10 10  6  6  6  3  3  3  1  1  1  1  1  1  1  1  1 -1 -1 -1  1  1  1  3
14 14 15 15 15 15 15 15  9  9  9  7  7  7  6  5  5  4  4  4  0  0  0  1  1  1  3  3  3  2
9 10 10 10 10 10 10  5  5  5  2  2  2  3  3  3 -1 -1 -1  1  1  1  0  0  0  1  1  1  5  5
10 12 12 12  8  8  8  9  9  9  5  5  5  2  2  2  2  2  2  2  2  2  3  3  3  1  1  1  0  0
4 11 11 11 10 10 10  8  8  8  4  4  4  0  0  0 -2 -2 -2 -1 -1 -1 -1 -1 -1  4  4  4 -2 -2
9  9 10 10 10  9  9  9  7  7  7  4  4  4  6  6  6  7  7  7  4  4  4 -1 -1 -1  0  0  0 -1
9 13 13 13 17 17 17 15 15 15  7  7  7  4  4  4  8  8  8  5  5  5  4  4  4  1  1  1  5  6
12 12 15 15 15 16 14 14  6  6  6  5  5  5 -1 -1 -1  1  1  1  2  2  2 -5 -5 -5  4  4  4 -2
10 10 16 17 17 13 13 13  7  7  7  3  3  3  3  3  3  0  0  0  0  0  0  0  0  0 -2 -2 -2  0
6  6 11 11 11 15 15 15  8  8  8  2  2  2  4  3  3 -1 -1 -1 -1 -1 -1 -4 -4 -4  2  1  1  0
14 14 21 22 22 25 24 24 19 19 19  2  2  2  3  3  3  0  0  0 -2 -2 -2  1  1  1  0  0  0 -2
10 10 13 13 13 17 17 17 13 13 13  7  7  7  0  0  0  2  2  2  3  3  3  1  1  1 -2 -2 -2  1
13 13 11 11 11 12 12 12  8  8  8  1  1  1  0  0  0  6  6  6  7  7  7  2  2  2  0  0  0 -1
15 15 10 10 10  9  9  9  7  7  7  1  1  1  3  3  3  5  5  5  0  0  0 -3 -3 -3  2  2  2 -2
9 10 10 10 15 15 15 13 13 13  7  7  7  4  4  4  1  1  1  5  5  5  1  1  1  1  1  1  1  1
9  9 13 13 13 22 22 22 17 17 17 16 16 16  8  8  8  4  4  4  5  5  5  3  3  3  5  5  5  4
14 14 21 21 21 16 16 16  7  7  7  4  4  4  5  5  5  1  1  1  1  1  1  4  4  4  4  4  4 -2
12 12 13 13 13 15 14 14  7  7  7  3  3  2 -3 -3 -3  4  4  4 -1 -1 -1  1  1  1 -1 -1 -1  2
7  7 16 16 16 18 18 18 14 14 14 11  9  9  4  4  4  1  1  1 -3 -3 -3  4  4  4 -4 -4 -4 -4
6  6 10 10 10 10 10 10 12 12 12  7  7  7  3  3  3  2  2  2  0  0  0  2  2  2  3  3  3  0
11 11 18 18 18 14 14 14 19 19 19  7  7  7  7  7  7  7  7  7  6  6  6  2  2  2  2  2  2  0
11 11 15 15 15 19 19 19 21 21 21 15 15 15 10 10 10  4  4  4  3  3  3  0  0  0 -1 -1 -1  3
5  5  8  8  8 11 11 11 11 11 11  7  7  7  6  6  6  4  4  4  0  0  0  0  0  0 -1 -1 -1  0
9  9 12 12 12 22 22 22 14 14 14 13 13 13  5  5  5  5  5  5  3  3  3 -4 -4 -4 -1 -1 -1 -1
10 10 14 14 14 16 16 16 13 13 13  9  9  9  6  6  6  4  4  4  4  4  4  4  4  4  6  6  6  2
14 14 13 13 13 10 10 10 10 10 10  9  9  9  4  4  4  1  1  1  5  5  5  6  6  6  6  6  6  8
13 13 14 14 14 10 10 10 13 13 13  8  8  8  1  1  1  5  5  5 -2 -2 -2  3  3  3  3  3  3  6
11 11 16 17 17 11 11 11  9  9  9  8  8  8  3  3  3  5  5  5 -2 -2 -2  5  5  5  2  2  2  1
7  7  9  9  9 11 11 11 10 10 10  7  7  7  6  6  6  6  6  6  3  3  3  2  2  2  2  2  2  0
10 10 17 17 17 18 18 18 15 15 15 10 10 10  6  6  6  7  7  7  3  3  3  7  7  7  0  0  0  3
15 15 17 17 17 17 17 17 11 11 11  9  9  9  7  7  7  3  3  3  4  4  4  3  3  3  4  4  4  5
12 12 16 18 18 12 12 12 13 13 13  7  7  7  5  5  5  5  5  5  1  1  1 -1 -1 -1  0  0  0  0
8  8 13 13 13 14 14 14 10 10 10 10 10 10  4  4  4  1  1  1 -2 -2 -2  0  0  0 -2 -2 -2  5
8 15 16 16 22 22 22 20 20 20 12 12 12  6  6  6  0  0  0  2  2  2 -3 -3 -3  2  2  2 -3 -3
9  9 10 10 10 12 12 12 15 15 15 12 12 12  6  6  6  5  5  5  2  2  2  2  2  2 -2 -2 -2  4
10 10 16 16 16 17 17 17 13 13 13 11 11 11  4  4  4  3  3  3  1  1  1 -1 -1 -1  5  5  5 -1
11 11 14 16 16 17 17 17 17 17 17 10 10 10  8  8  8  3  3  3 -2 -2 -2  5  5  5  3  3  3  2
9  9 18 18 18 16 16 16 13 13 13  9  9  9  3  3  3  5  5  5  5  5  5  4  4  4  4  4  4  2
11 11 10 10 10 13 13 13 13 13 13  7  7  7  3  3  3  5  5  5 -2 -2 -2  2  2  2  1  1  1  4
9  9 12 12 12 14 14 14 11 11 11  6  6  6  6  6  6  6  6  6  3  3  3 -3 -3 -3 -4 -4 -3  5
13 13 19 19 19 23 23 23 16 16 16 14 14 14  4  4  4 -1 -1 -1  2  2  2 -1 -1 -1  1  1  1  3
11 10 10 10 16 16 16 13 13 13  8  8  8  7  7  7  1  1  1  4  4  4 -1 -1 -1  0  0  0  1  1
10 10 17 17 17 20 20 20 12 12 12 10 10 10  2  2  2 -1 -1 -1  1  1  1  0  0  0  4  4  4 -1
15 15 18 17 17  8  8  8  7  7  7  3  3  3  6  6  6  1  1  1  2  2  2  5  6  6 -5 -5 -5  2
12 12 16 16 16 16 16 16 10 10 10  8  8  8  6  6  6  6  6  6  4  4  4 -3 -3 -3 -2 -2 -2  1
10 10 17 17 17 19 19 19 16 16 16  8  8  8  6  6  6  6  6  6  0  0  0  4  4  4  1  1  1 -5
10 10 19 19 19 14 14 14 10 10 10  6  6  6  5  5  5  0  0  0 -3 -3 -3  2  2  2 -4 -4 -4 -1
10 10 14 14 14 20 20 20 11 11 11  8  8  8  4  4  4  5  5  5  3  3  3  3  3  3 -2 -2 -2  2
11 11 21 21 21 13 13 13 13 13 13  7  7  7  6  6  6  0  0  0  0  0  0  1  1  1 -2 -2 -2 -3
9  9 16 16 16 12 12 12  9  9  9  6  6  6 -1 -1 -1 -1 -1 -1  2  2  2 -1 -1 -1 -1 -1 -1  0
13 13 14 14 14 12 12 12  5  5  5  3  3  3  2  2  2 -6 -6 -6 -4 -4 -4  1  1  1  0  0  0  3
4 -1  2  2  2  4  4  4  6  6  6  6  6  6  1  1  1  2  2  2 -1 -1  1  1  1  0  1  1  1 -3
0  3  3  3  4  4  4  4  4  4  0  0  0  6  6  6  0  0  0 -1 -1 -1  0  0  0  0  0  0  3  3
-2 -2 -2  0  0  0  3  3  3  3  3  3 -1 -1  1  1  1  0 -1 -1 -2  6  6  6  4  4  4  6  6  6
2  2  2  2  2  2  2  2  3  3  3  3  3  3  3  3  3  4  4  4  2  2  2  1  1  1  6  6  6 -1
-1  3  3  3  1  1  2  3  3  3 -2 -2  2  2  2  2  0  0  0  0  0  0  5  5  5  3  3  3  1  1
0  0  0 -3 -3  0  0  0 -2 -1 -1 -1  4  4  4 -1 -1 -1  5  5  5 -2 -2 -2  0  0  0  4  4  4
-2 -2  5  5  5 -1 -1  0  2  2  2  0  0  0  3  3  3  6  6  6  6  6  6  5  5  4  1  1  1  0
-3  1  1  1  2  2  2  1  1  3  4  4  4  3  3  0  3  3  3  1  1  1  2  2  2  2  2  2  0  0
1  1  1  6  6  6  7  7  7  1  1  1  2  2  2  0  0  1  3  3  3 -2 -2 -2 -1 -1 -1  4  4  4
-1 -1 -1 -1 -1  2  2  2  4  4  4  3  3  3  2  2  2  2  2  2 -1 -1 -1  1  1  1  2  2  2  5
5  5  5  5  3  3  3  3  3  3  0  0  0  0  0  0 -3 -3 -3  0  0  1  2  2  2  1  1  1  2  2
1  1  0  3  3  3 -1 -1 -1 -3 -3 -1  3  3  3  1  1  1  2  2  2 -3 -3 -3  3  3  3  3  3  3
4  4  8  8  8  1  1  1 -4 -4  3  3  3  1  1  1 -2  6  6  6  1  1  1  1  1  4  4  4  4  5
5 -3 -3  0  0  0  2  2  2  2  2  2  0  0  0  0 -3 -3 -3  4  4  4  0  0  0  3  3  3  1  1
1  1  1 -1 -1 -1  0  0  0  2  2  2 -1 -1  1  3  3  3  2  2  2  1  1  1  3  3  3 -1 -1  2
4  4  5  5  5 -1 -1 -1  2  2  2  0  0 -3 -2 -2 -2 -1 -1 -1 -2 -2 -2  1  1  1  4  4  4  1
1  3  3  3  4  4  4  2  2  2 -1 -1 -1 -1 -1 -1 -1 -1 -1  4  4  4 -2 -2 -2  5  5  5 -1 -1
1  1  1 -3 -3 -4  3  3  3  0  0  0 -1 -1 -1 -1  0  1  1  1  0  2  2  2  1  1  1  1  1  3
7  7  1  1  1  4  4  4  0  0  0 -1 -1  0  5  5  5  1  1  5  5  5  4  5  5  5  0  0  0  1
1  2  2  2  1  1  0  2  2  4  4  4 -1 -1 -1 -1  5  5  5  1  1  1 -2 -2 -2  0  0  0  4  4
3  3  3  2  2  0  4  4  4  0  0  0 -1 -1  1  1  1  3  3  3  0  3  3  3  0  0  0  5  5  5
3  3 -1 -1  0  0  0 -3  0  0  0  1  1  1  4  4  4  2  2  2  1  1  1  4  4  4  2  2  3  3
1  4  4  4  3  3  3  4  4  4  0  0  0 -1 -1 -1  1  1  1 -1 -1 -1  2  2  2  4  4  4  5  5
0  0  1  3  3  3  0  0  0  6  6  6  7  7  7  1  1  1  5  5  5 -2 -2 -2  6  6  6  1  1  0
0 0 7 7 7 5 5 5 1 1 1 1 1 1 4 4 4 1 1 1 0 0 0 1 1 1 0 0 0 6
6 -2 -2  1  1  1 -1  6  6  6  2  2  2 -2 -2 -2  2  2  2  3  3  3  0  0  0 -1 -1  0  0  0
3  3  3  3  3  3 -1 -1  2  2  2 -2  4  4  4  0  0  2  4  4  4  2  2  2  1  1  1 -2 -2 -2
1  1 -2 -2 -2  0  0  0 -1 -1 -1  4  4  4  3  3  3  0  0  0  0  0  0 -2 -2 -2  5  5  5  0
0  0  0  0  0  0  0 -1 -1 -1  0  0  1  1  1  1  5  5  5  0  0  0  0  0  0  1  1  1 -1 -1
-1 -1  0  0  0  1  1  1  3  3  3 -2  0  0  0  1  1  3  3  3  1  0  0  0  3  3  3 -2 -2 -2
1  1 -1 -1 -1 -3 -3 -2 -2 -2 -1  0  0  0  1  1  1  5  5  5  1  1  1  8  8  8  4  4  4 -2
1  1  1 -1 -2 -2  1  1  1  6  6  6  1  1  1  1  2  2  2  4  4  4 -1 -1 -2  0  0  0  1  1
0  0  0  1  1  3  3  3  3  5  5  5  5  5  5 -1 -1  0  5  5  5  0  0 -1  6  6  6  1  1  1
-1 -1  2  2  2  2  2  2  6  6  6  0  0  0  1  1  2  2  2  0  1  1  1  1  1  7  7  7  2  0
2 2 2 0 7 7 7 2 2 2 4 4 4 2 2 2 3 3 3 3 3 3 5 5 5 0 0 0 2 2
-2 -2 -2  0  0  0  2  2  2  2  2  2  2  2  2  1  1  1 -1 -1 -1  4  4  4 -2 -2 -2 -1 -1 -1
6  6 -1 -1 -1  1  1  1 -1 -1 -1  1  1  1  3  3  3  1  1  1  1  1  1  2  1  1  0  0  0  5
5  3  3  3 -1 -1 -1  5  5  5  4  4  4 -1 -1  0  0  0 -1  4  4  4  1  1  1 -1 -1 -1  0  0
3  3  3 -1 -1 -1  4  4  4 -1 -1 -1  1  1  1  0  0  0  0  0 -1  2  2  2  0  0  0 -5 -5 -2
-2 -2 -1 -1 -1  4  4  4  1  1  3  3  3  0  4  4  4 -2 -2 -2 -3 -3 -3  1  1  1 -2 -2 -1 -1
-1  3  3  3  3  3  3  2  2  2  5  5  5  0  0 -1 -1 -1 -1  2  2  2  1  1  1  2  2  2  6  6
0  0  0  3  3  3 -2 -2 -2 -1 -1 -1 -1 -1 -1  5  5  5  5  5  5  3  3  3  2  2  0 -2 -2  1
1  1  1  1 -1  1  1  1  0  0  0  1  1  1  2  2  2  1  1  1  1  1  2  5  5  5  2  2 -2  3
3  2  2  2  3  3  3  2  2  2  2  2  2 -2 -2 -2 -1 -1  1  1  1  0  2  2  2  3  3  3  0  0
3  3  3 -1 -1 -1 -1 -1 -2  0  0  0  4  4  4 -1 -1  1  1  1  1  3  3  3  2  2  2  2  2  2
4  4  4  4  4 -2 -2 -3 -1 -1 -1  1  1  2  2  2 -1 -2 -2 -4 -2 -2 -2  0  0  0  0  0  0 -2
5  5  0  0  0  1  1  1  4  4  4  0  0  0  0  0 -1  0  0  0  1  1  1 -4 -4 -4 -1 -1 -1  4
4  3  3  3 -1 -1  0  4  4  4 -2 -2 -1  3  3  3 -2 -2 -2  0  0  3  3  3 -1  6  6  6  4  4
-3 -2  0  0  0  0  0  0  0  0  0  0  0 -2  0  0  0 -1 -1 -1  0  0  0  2  2  2  0  0  0  2
2  2  2 -1  6  6  6 -3 -3 -3  1  1  1  2  2  1  3  3  3  0  0  0 -2 -2 -2 -5 -5 -5  1  1
4  4  4  4  4  4 -1 -1  3  3  3  2  1  1 -1  1  1  1  6  6  6  1  1  1  7  7  7  2  2  2
4  4  3  3  3  3  3  3  3  3  3  2  2  2  2  2  2  2  2  2  3  3  3 -1 -1  2  2  2 -1  0
0 -1 -1 -1  2  2  2  0  0  1  3  3  3 -1 -1 -1  3  3  3  0  0  0  3  3  3  1  1  2  2  2
5  5  5  7  7  7  0  0  0  5  5  5  5  5  5  3  3  3  7  7  7  3  3 -2  1  1  1  1  1  1
3 3 3 3 3 0 0 0 5 5 5 0 0 3 5 5 5 1 1 2 2 2 0 2 2 2 3 3 3 3
3 1 1 1 1 1 1 1 1 2 6 6 6 3 3 3 4 4 4 4 4 4 2 2 2 3 3 3 1 1
1  1  1  4  4  4  0  0  0 -2 -2 -2  4  4  4  3  3  3  3  3  3  1  1  1  3  3  3  0  0  0
2  2  3  3  3 -1 -1 -2  5  5  5 -2 -2 -2  4  4  4  0  0  0  1  1  2  2  2 -3  0  0  0  1
1  1  1  2  3  3  3  5  5  5 -1 -1 -2  4  4  4  3  3  3 -4 -4 -4 -3 -3 -3  3  3  3  3  3
-3 -3  0  0  0  2  2  2 -1  4  4  4  3  3  3  0  0  0  3  3  3  0  0  0  0  0  0  2  2  2
1  1  5  5  5  2  2  2  4  4  4  0  0  0  3  3  3 -2 -2 -2 -2 -2 -2  1  1  1  6  6  6  3
1 -3 -3 -3  3  3  3  2  2  2  4  4  4 -2 -2 -1  0  0  1  1  1  1  6  6  6 -1 -1 -1 -2 -2
0  0  1  1  1  0  0  0  2  2  2  0  0  0  2  2  2  1  1  1  4  4  4  3  3  3 -1 -1 -1  1
1  2  2  2  2  2  2 -1 -1 -1 -2 -2 -2  6  6  6  0  0  0  0  0  2  2  2  1  0  0  0 -3 -3
2  2  2  2  2  2  3  3  3 -1 -1  0  4  4  4  4  4  4  2  2  2  0  0  0  6  6  6  1  1  2
2  2 -1 -1 -1  4  4  4  2  2  2 -1 -1 -1 -3 -3 -3 -1 -1 -1 -1 -1 -1 10 10 10  4  4  4  6
6 -2 -2 -2  3  3  3  4  4  4 -2 -2  0  2  2  2  3  3  3  4  4  4  4  4  4  7  7  7  3  3
4 4 4 4 4 4 4 4 4 7 7 7 0 0 0 1 1 2 2 2 0 4 4 4 3 3 3 2 2 2
3  3  5  5  5  4  4  4  1  1  1  5  5  5  3  3  3 -1 -1  2  2  2  1  5  5  5  2  1  1 -2
3  3  3  3  3  2  2  2  1  1  0 -1 -1 -1 -1 -1 -1  3  3  3  4  4  4 -2 -2 -2  3  3  3  6
6  5  5  5  0  0  0  3  3  3 -2 -2 -2  1  1  1  0  0  0  3  3  3  0  0  0  5  5  5  2  2
4  4  4  2  2  2  0  0  0  1  1  1  4  4  4  2  2  2 -2 -2 -2  4  4  4  1  1  1  3  3  3
1  1  4  4  4  1  1  1  5  5  5  3  3  3 -2 -2 -2  1  1  1  1  1  2  3  3  3  1  1 -1  1
1 0 0 0 2 2 2 0 0 0 0 0 0 4 4 4 3 3 3 2 2 2 2 2 2 2 2 2 4 4
0  0  2  2  2 -1  1  1  1  3  3  3 -2 -2 -2  0  0  0  1  1  1  1  1  1  0  0  0  0  0  0
4  4  2  2  2  0  0  2  3  3  3 -3 -3 -2  4  4  4 -3 -3 -3  2  2  2 -1 -1 -1  2  2  2  1
1  4  4  4  3  3  3 -2 -2 -1 -1 -1 -2 -2 -2 -2 -2 -2 -3 -2 -2 -2  2  2  2 -3 -3 -2  0  0
1  1  1 -1 -1  0  0  0 -1  1  1  1 -3 -3 -3  1  1  1 -3 -3 -3  2  2  2  1  1  1  0  0  0
-1 -3  0  0  0 -1 -1  0  5  5  5  3  3  3  3  3  3 -1 -1 -3  0  0  0  4  4  4  0  0  1  1
-2 -2 -2 -1  1  1  1  1  1  1  2  2  2 -1 -1 -1 -1 -1 -1 -1 -1  1  1  1  0  2  2  2  1  1
2  2  2  1  1  1 -1 -1 -1  2  2  2  2  2  2  2  2  2 -1 -1  0  0  0 -3  2  2  2  1  1  1
-1 -1 -2 -2 -3  0  0  0  0  0  0  3  3  3  4  4  4 -2 -2 -2  3  3  2 -2 -2 -2 -1 -1 -1 -3
-3 -3 -3 -3 -2 -2  1  3  3  3 -3 -3 -3  0  0  0  6  6  6  4  4  4 -2 -2 -2  2  2  2 -2 -2
4  4  4  4  4  2  2  2 -1  0  0  2  2  2  1  1  1  0  0  0 -1 -1 -1 -2 -2 -2  6  6  6  1
1  4  4  4  0  0  0  6  6  6  1  1  1 -1 -1 -1 -1 -1 -1 -2 -2 -2  1  1  1  0  0  0  1  1
-3 -3 -3  0  0  0 -3 -3 -3  4  4  4  1  1  1  0  0  0  2  2  2  6  6  6 -1 -1 -1  7  7  7
-2 -2  0  0  0  2  2  2 -1 -1 -1  5  5  5  1  1  1 -1 -1 -1 -1 -1 -1 -2 -2  0  0  0 -2  2
2 -2 -2 -3 -3 -3 -3  0  0  0 -1 -1 -1  0  0  0  4  4  4  2  2  2  0  0  0  2  2  2  1  1
0  0  0 -2 -1 -1  6  6  6  4  4  4  6  6  6  1  1  1  1  1  1 -1 -1 -1  3  3  3  0  0  0
1  1  3  3  3  1  1  1  3  3  3 -1 -1 -1  0  0  0 -2 -2 -2 -1 -1 -1  2  2  2  3  3  3  1
1  3  3  3  0  0  1  2  2  2  0  0  0  2  2  2 -1 -1 -1 -1 -1 -1  2  2  2  4  4  4  2  2
3 3 3 0 0 0 7 7 7 0 0 0 2 2 2 6 6 6 4 4 4 2 2 2 4 4 4 3 3 3
3  3  3  3  3  3  3  3  2  2  2  0  0  0  7  7  7  5  5  5  0  0  0 -1 -1 -1  8  8  8  0
0  1  1  1  3  3  3  1  1  1  0  0  0  4  4  4  5  5  5  4  4  4  3  3  3  1  1  1 -1 -1
0  0  0  1  1  1  2  2  2  2  2  2  2  2  2  0  0 -1  3  3  3  1  1  1  4  4  4 -4 -4  2
2 -2 -2 -2 -3  0  0  0  1  1  1 -3 -3 -3  3  3  3  2  2  2  2  2  2 -2 -2 -2  4  4  4  0
0 -2 -2 -2  3  3  3  4  4  4  6  6  6  3  3  3  1  1  0  5  5  5  0  0  0  3  3  3 -1 -1
3  3  3  1  1  0  0  0  0  1  1  1  4  4  4  6  6  6  1  1  1 -1 -1 -1  1  1  1 -1 -1 -2
-2 -2  2  2  2  1  1  1  1  1  1 -1 -1 -1  2  2  2  0  0  0 -1 -1  2  2  2 -2  2  2  2  4
4 -4 -4 -4  2  2  2  1  1  1  3  3  3  1  1  1  3  3  3  1  1  1  1  1  1  0  0  0 -1 -1
6  6  1  1  0 -2 -2 -2  1  1  1  5  5  5  2  2  2  2  2  2  2  2  2  3  3  3  1  1  1  4
4 -1 -1 -1 -1 -1 -1 -3 -3 -3  1  1  1 -1 -1 -2 -2 -2 -2  2  2  2  0  0  0  5  5  5  2  2
0  0 -2  0  0  0  1  1  1  4  4  4 -1 -1 -1  1  1  1  3  3  3  0  0  0  2  2  2 -1 -1 -2
1  1  0  0  0  3  3  3  5  5  5  6  6  6 -1 -1 -1  1  1  1 -1 -1  0  5  5  5  4  4  4 -1
3  3  3 -1  2  2  2  2  2  0  1  1  1  2  2  2  2  2  2  1  1  1  5  5  5  1  1  1  4  4
2 2 2 5 5 5 2 2 2 1 1 1 3 3 3 1 1 1 3 3 3 0 0 0 1 1 1 3 3 3
3 3 3 3 3 3 3 3 3 3 3 5 5 5 2 2 2 1 1 1 2 2 2 3 3 3 1 1 2 2
1  1  1  1  4  4  4  2  2  2  1  1  1  5  5  5  5  5  5  3  3  3 -1 -1 -1  3  3  3  1  1
1  1  1  3  3  3  2  2  2  3  3  3  6  6  6 -1 -1  0  3  3  3  3  3  3  3  3  3  3  3  3
3 3 5 5 5 0 0 0 3 3 3 5 5 5 3 3 0 2 2 6 6 6 3 5 5 5 5 5 2 2
2  3  3  3  5  4  4  2  2  2  1  1  1  4  4  4  5  5  5  8  8  8  6  6  6  6  6  6 -1 -1
6 6 6 3 3 3 1 1 1 5 5 5 6 6 6 2 2 2 5 5 5 2 2 0 2 2 2 0 0 0
3 3 3 3 4 4 4 3 8 8 8 0 0 0 1 1 1 0 0 0 3 3 3 3 3 3 5 5 5 3
3 3 3 3 4 4 4 4 4 4 6 6 6 5 5 4 1 1 0 1 1 1 4 4 4 4 4 4 3 3
2 2 2 1 1 1 1 1 1 1 1 1 1 1 1 2 2 2 3 3 3 1 1 3 3 3 3 3 3 3
0 0 5 5 5 6 6 6 0 0 0 1 1 1 1 1 1 3 3 3 4 4 4 1 1 1 3 3 3 5
5  2  2  2  2  2  2  5  5  5  1  1  1  4  4  4  0  0  0  3  3  3  4  4  4  1  1  0 -2 -2
5 5 5 3 3 3 6 6 6 0 0 0 2 2 2 1 1 1 4 4 4 3 3 3 4 4 4 1 1 1
1  1  1  1  1  0  0  0  0  0  0 -1 -1 -1  2  2  2  2  2  2  1  1  1  3  3  3  0  0  2  2
1  1  1  1  7  7  7  1  1  1  1  1  1  3  3  3  0  0  0  1  1  1  2  2  2 -1 -1 -1  1  1
-1 -1 -1  3  3  3 -1 -1 -1  1  1  1  4  4  4  0  0  0  4  4  4 -1 -1 -1 -2 -2 -2  2  2  2
3  3 -1 -1  1  1  1  1  1  1  1  1  1  1  4  4  4  7  7  7  1  1  1  1  1  1  3  3  3 -2
-2  2  2  2  0  0  0  0  0  0 -1 -1 -1  0  0  0  0  0  0  5  5  5  3  3  3 -2 -2 -2  0  0
-1 -1 -1  0  0  0  2  2  2 -2 -2 -3 -2 -2 -2  3  3  3 -2 -2 -2  0  0  0  2  2  2  3  3  3
2  2  1  1  0  0  0  0 -1 -1  1  1  1  1  2  2  2  2  2  2  0  0 -3  1  1  1  2  2  2  4
4  2  2  2  2  2  2  1  1  1 -1 -1 -1 -1 -1 -1  3  3  3  4  4  4  0  0  1  1  1  0  2  2
0  0 -3  0  0  0  3  3  3  0  0 -1  0  0  0  1  1  1  1  1  1  1  1  1  2  2  2  1  1  1
1  1  2  2  2  1  1  1  0  0  2  2  2  1  1  1  1  0  0 -1  0  0  0  1  1  1  1  1  1  6
6  3  3  3  3  3  3 -1 -1 -1  4  4  4  2  2  2  1  1  1  5  5  5  3  3  3  2  2  2  0  0
1  1  1  1  1  1  0  0  0  1  1  1  7  6  6  3  3  3  1  1 -1 -1 -1 -1  5  5  5  0  0  0
-1 -1  1  1  1  1  1  1 -2 -2 -2 -1 -1 -1  0  0  0 -2 -2 -2  1  1  1  0  0  0 -2 -2 -2  0
0  3  3  3  5  5  5  3  3  3  0  0  0  2  2  2 -1 -1 -1 -2 -2 -2  3  3  3  0  0  0  0  0
0  0  0  3  3  3  1  1  1  3  3  3 -3 -3 -3 -2 -2 -2 -1 -1  0  3  3  3  5  5  5  0  0  0
-2 -2  0  0  0  7  7  7  0  0  0  1  1  1  1  1  1  0  0  0  1  1  1  4  4  4  2  2  2  4
4  1  1  1  2  2  2  2  2  2 -1 -1 -1  2  2  2 -1 -1 -1  0  0  3  3  3  1  2  2  2  1  1
3  3  3  2  2  2  5  5  5  0  0  0  2  2  2  1  1  1  3  3  3  4  4  4 -1 -1 -1  0  0  0
0  0 -2 -2 -2  0  0  0  4  4  4  4  4  4  1  1  1  1  1  1  1  1  1 -1 -1  0  1  1  1  0
-1 -1 -1 -2  1  1  1  0  0  2  2  2 -2  1  1  2  2  2  0  3  3  3  1  1  1  2  2  2  1  1
1  1  1  3  3  3  2  2  2 -2 -2 -2  1  1  1  5  5  5  1  1  1 -2 -2 -2 -1 -1 -1 -1 -1 -1
1  1  3  3  3 -1 -1 -1  2  2  2  2  2  2  0  0  0  0  0  0 -2 -2 -2  5  5  5  4  4  4 -1
-1  6  6  6  3  3  3  3  3  3  3  3  3  4  4  4 -1 -1 -1  1  1  1  0  0  0  1  1  1  2  2
7  7  7  2  2  2  5  5  5  3  3  3  2  2  2 -1 -1 -1  2  2  3  3  3  1  5  5  5 -1 -1 -1
3 3 4 4 4 0 0 1 1 1 0 1 1 1 7 7 7 1 1 1 1 1 1 1 1 0 2 2 2 5
5  3  3  3  4  4  4  2  2  2 -1 -1 -2  1  1  1  1  1  1 -2 -2 -2  2  2  2  3  3  3  1  1
1 1 2 5 5 5 1 1 1 3 3 3 1 1 1 3 3 3 1 1 1 1 1 2 5 5 5 0 0 0
-1 -1  5  5  5  0  0  0  1  1  1  3  3  3  1  1  1  6  6  6  3  3  3  2  2  2  6  6  6  2
2 -1 -1 -1  2  2  2  1  1  1  3  3  3  3  3  3  1  1  1 -1 -1 -1  0  0  0  5  5  5  0  0
2  2  2  3  3  3  2  2  2 -1 -1 -1  2  2  2  4  4  4  0  0  0  3  3  3  5  5  5  0  0  0
-1  0  0  0 -1  5  5  5  3  3  3  0  0 -1  3  3  3  1  1  1  1  1  1 -1  0  0  2  2  2  7
7  2  2  2  2  2  2  4  4  4  7  7  7  3  3  0  0  0  0  2  2  2  2  2  0  5  5  5 -1 -1
1 1 1 6 6 6 0 0 0 1 1 2 2 2 3 4 4 4 5 5 5 4 4 4 3 3 3 4 4 4
2 2 2 2 2 4 4 4 3 3 3 2 2 2 3 3 3 6 6 6 1 1 1 3 3 3 1 1 1 0
0 4 4 4 2 2 2 0 0 0 1 1 1 6 6 6 4 4 4 6 6 6 2 2 2 3 3 3 3 3
8 8 8 2 2 2 6 6 6 7 7 7 2 2 2 2 2 2 4 4 4 2 2 2 1 1 1 0 0 0
-1  1  4  4  4  2  2  2  4  4  4  6  6  6  2  2  2  2  2  2  3  3  3  4  4  4  3  3  3  6
6  3  3  3  0  0 -1  0  0  1  3  3  3  1  1  1  2  2  2 -1 -1 -1  0  0  0  2  2  2  2  2
1  1  1  3  3  3  1  1  1 -1 -1 -1  2  2  2  2  2  2  3  3  3  5  5  5  3  3  3  2  2  2
1 1 0 0 0 3 3 3 1 1 1 1 1 1 0 0 0 1 1 1 2 2 2 1 1 1 4 4 4 1
1  3  3  3  1  1  1  4  4  4  0  0  0  2  2  2  3  3  3  7  7  7 -1 -1 -1  1  1  1  5  5
1 1 1 5 5 5 5 5 5 6 6 6 3 3 3 4 4 4 3 3 1 1 1 1 2 2 2 7 7 7
6 6 6 6 6 4 4 4 5 5 5 8 8 8 2 2 2 4 4 4 1 1 1 1 1 1 4 4 4 6
6 5 5 5 5 5 5 4 4 4 3 3 3 5 5 5 2 2 2 6 6 5 4 4 4 2 2 2 1 1
3  3  3  1  1  1  0  0  0  0  0  0  1  1  1 -1 -1 -1  3  3  3  4  4  4  3  3  3  3  3  3
2  2  5  5  5  2  2  2 -1  0  0  1  1  1  3  3  3  4  4  4  5  5  5  4  4  4  3  3  3  3
3 3 3 3 1 1 2 2 2 1 2 2 2 2 2 2 1 1 1 3 3 3 1 1 1 2 2 2 4 4
4  4  0  2  2  2  1  1 -1  1  1  1  2  2  2  1  1  1  3  3  3  6  6  6  5  5  5  3  3  3
3 3 6 6 6 6 6 6 3 3 3 3 3 3 4 4 4 7 7 7 1 1 1 1 1 1 2 2 2 3
3 2 2 2 6 6 6 5 5 5 2 2 1 1 1 3 3 3 0 2 2 2 1 1 1 0 0 4 4 4
2 2 2 3 2 2 0 0 1 5 5 5 2 2 2 3 3 3 0 0 0 1 1 1 4 4 4 1 1 1
3 3 3 3 3 2 2 1 1 1 1 0 0 0 8 8 8 4 4 4 6 6 6 1 1 1 1 1 1 0
1  1  5  5  5  0  0  0  1  1  1  2  2  2  1  1 -1  0  0  0  5  5  5  5  5  5  1  1  2  7
7  1  1  1 -1 -1 -1  0  0  1  2  2  2  2  2  2  0  0  0  1  1  1  4  4  4  2  2  2  1  1
1 1 1 1 1 1 1 1 1 2 2 2 5 5 5 5 5 5 2 2 2 2 2 2 1 1 1 4 4 4
2  2  0  0  0  3  3  3  1  1  1  2  2  2  5  5  5  4  4  4  1  1  1  2  2  2  0  0  0 -2
-2 -1 -1 -1  0  0  0  7  7  7  1  1  1  2  2  2  5  5  5  4  4  4  3  3  3  0  0 -2 -1 -1
1  1  1  1  1  1  3  3  3  3  3  3  1  1  1  0  0 -2  2  2  2  0  0  0  0  0  0 -1 -1 -1
-2 -1  2  2  2 -1 -1 -1  0  0  0  1  1  1  4  4  4  1  1  1  3  3  3 -1 -1 -1 -3 -3 -3  3
3  2  2  2  4  4  4  0  0 -1  4  4  4 -2 -2  1  1  1  1  2  2  2  6  6  6 -1 -1 -1  3  3
5  5  5  4  4  4  0  0  0  3  3  3 -1 -1 -1  0  0  0 -2 -2 -1 -1 -1 -1  0  0  0  7  7  7
3  3  0  0  0  5  5  5  2  2  2  2  2  2  0  0  0  1  1  1  2  2  2 -1 -1 -1  2  2  2  3
3  1  1  1 -1 -1 -1  3  3  3  4  4  4  2  2  2  3  3  3  1  1  1  1  1  1 -1 -1 -1 -1 -1
1  1  1 -1 -1 -1  5  5  5  5  5  5  0  0  0  0  0  0  1  1  1  3  3  3  0  0  0  0  0  0
0 0 6 6 6 2 2 2 3 3 3 0 0 0 3 3 3 0 0 0 6 6 6 7 7 7 4 4 4 7
7 0 0 1 3 3 3 2 2 2 3 3 3 4 4 4 4 4 4 3 3 3 3 3 3 0 0 0 4 4
5  5  5 -2 -2 -2  5  5  5  7  7  7  0  0  5  5  5  4  1  1  1  2  2  2  4  4  4  2  2  2
3 3 6 6 6 5 5 5 5 5 5 2 2 2 5 5 5 3 3 3 2 2 2 4 4 4 3 3 3 2
2 7 7 7 2 2 2 0 0 0 7 7 7 0 0 0 2 2 3 3 3 2 0 0 0 5 5 5 1 1
2  2  2  4  4  4  0  0  2  2  2  1  2  1  1  1  1  1 -2 -2 -2  5  5  5  4  4  4  2  2  2
1  1 -1 -1 -1 -1 -1 -1 -3 -3 -3  2  2  2 -2 -2 -2  2  2  2  5  5  5 -1 -1  0  4  4  4  1
1 -1 -1 -1  1  1  1  4  4  4  0  0  0  1  1  1 -1 -1  4  4  4  0 -1 -1  0  1  1  1  1  1
3 3 3 0 0 4 4 4 2 7 7 7 3 3 3 2 2 2 0 0 0 2 2 2 6 6 6 3 3 3
1  1 -1 -1 -1  0  0  0  2  2  2  3  3  3  4  4  4  2  2  1  1  1  1  1  1  1  1  1  1  3
3 0 0 0 7 7 7 4 4 4 3 3 3 5 5 5 1 1 1 3 3 3 0 0 0 0 0 0 4 4
0  0  0  6  6  6 -2 -2 -2  6  6  6  7  7  7  1  1  1  5  5  5  1  1  1  2  2  2  0  0  0
1  1 -2 -2 -2 -3 -3 -3  0  0  0 -3 -3 -2 -1 -1 -1  1  1  1 -2 -2 -2  0  0  0 -1 -1 -1  7
7 -1 -1 -1  3  3  3  2  2  2  4  4  4  4  4  4 -2 -2 -1 -1 -1 -1  2  2  2  0  0  0 -1 -1
0  0  0  5  5  5  3  3  0  4  4  4  4  4  4  3  3  3 -2 -2 -2  2  2  2  4  4  4  0  0  0
0  0  6  6  6  0  0  0 -1 -1 -1  3  3  3  0  0  0  2  2  2 -1 -1  3  3  3 -1  0  0  0  3
3 -1 -1 -1  0  0  0  3  3  3  3  3  3  5  5  5  2  2  2  5  5  5  2  2  2  0  0  0  0  0
4  4  4  0  0  0  1  1  1  1  1 -2  3  3  3 -1 -1 -1  1  1  1  4  4  4  0  0  3  3  3  2
19 20 26 26 26 32 31 31 16 16 16 11  8  8  2  2  2 -1 -1 -1 -1 -1 -1  0  0  0  4  3  3  3
13 13 24 25 26 29 29 29 23 17 17  6  6  6  4  4  4 -3 -3 -3  1  2  2  0  0  0  1  1  1  2
11 12 12 12 20 22 22 15 15 15 10  8  8  2  2  2  2  2  2  3  1  1  1  1  1  2  2  2  2  1
19 21 26 27 33 33 36 36 36 28 28 28 16 15 15  3  3  2  0  0  0 -4 -4 -4 -2 -2 -2 -1 -1 -1
14 22 24 24 30 33 37 37 39 39 39 27 26 24 13 11  7  5  5  5 -2 -2 -2  1  1  1 -1 -1 -1  0
7 16 16 18 20 20 25 32 32 39 39 36 31 26 26 26  9  9  9  4  4  4 -3 -3 -2 -2 -2 -2 -2 -2
15 15 30 31 36 61 63 63 63 63 59 58 48 46 38 24 19 19 19 19 19 -1 -1 -5 -5 -5 -1 -1 -1 -3
10  8 11 11 14 14 14 12 11 11  3  3  3  2  0  0  0  0  0  0  0  0  0  1  1  1 -1 -1  3  3
17 17 16 16 16 15 15 15 16 16 16 19 19 19  8 10 10 12 12 12  6  6  6  5  5  5  2  2  2 -1
20 20 20 20 20 26 28 28 44 44 44 46 46 46 40 35 35 35 35 28 22 15  8  8  8  8  8 -6 -6 -4
13 13 22 23 23 33 39 39 59 59 59 59 64 76 76 61 57 57 35 35 35  4  3  3  3  3  3  1  1  1
7 19 19 19 35 37 37 42 42 42 26 22 22 22 22 22  4  4  1 -2 -2 -2 -2 -2 -2 -6 -6 -6 -6 -6
7  7 17 17 17 23 23 23 20 20 20 11 11 10  1  1  1 -2 -2 -2 -3 -3 -3  1  1  1  1  1  1 -3
10 10 14 14 14 27 27 27 26 26 26 16 16  9  3  3  3 -4 -4 -4  4  4  4 -2 -2 -2  1  1  1 -6
14 14 34 34 34 45 45 45 37 37 37 23 23 23  2  2  2  2  2  2  1  1  1  0  0  0 -1 -1 -1 -1
12 12 19 19 19 19 19 19 15 15 15  3  3  3  7  7  7 -3 -3 -3 -1 -1 -1 -3 -3 -3  0  0  0 -1
20 20 35 35 35 33 33 33 22 22 22  8  8  8  1  1  1 -1 -1 -1  0  0  0  2  2  2  4  4  4 -1
16 16 23 23 23 25 25 25 19 19 19 11 11 11  4  4  4  1  1  1  5  5  5  1  1  0  8 10 10  2
21 21 23 23 23 43 43 43 38 38 38 14 14 14  6  6  6 -1 -1 -1 -4 -4 -4 -5 -5 -5 -5 -5 -5 -7
17 17 28 28 28 24 24 24 11 11 11  3  3  3 -5 -5 -5 -4 -4 -4  1  1  1 -7 -7 -7 -3 -3 -3 -7
9  9 29 29 29 32 32 32 23 23 23 23 23 23  4  4  4 -1 -1 -1  0  0  0 -4 -4 -4 -7 -7 -6  1
16 16 24 24 24 31 31 31 33 33 33 23 23 23  2  2  1 -6 -6 -6 -5 -5 -5 -2 -2 -2 -4 -4 -4 -5
9 12 19 19 25 34 34 34 27 27 27 27 27 27  9  9  9  9  9  9 -7 -7 -7 -6 -6 -6 -7 -7 -7 -8
14  14  27  27  29  52  52  52  43  43  43  43  43  33  16  16   8  -7  -7  -7  -7  -3  -3  -7  -7  -7 -10 -10 -10 -10
17  17  26  40  40  49  49  49  40  19  19  13   1   1  -1  -7  -7  -7  -7  -7  -7 -10 -10 -11  -8  -8  -8  -6  -6  -6
8 12 18 18 31 31 31 31 29 29 19 11 11 11  0  0  0 -8 -8 -8 -9 -9 -9 -9 -9 -9 -5 -5 -5 -9
10 10  8  8  8  7  7  7  4  4  4  0  0 -2 -2 -2 -5 -4 -4 -4 -6 -6 -6 -7 -7 -7 -7 -7 -7 -6
11 13 16 16 16 20 20 20 28 28 28 24 24 21 24 24 24 17 17 17 10 10 10  2  2  1  2  2  2 -2
16 16 17 20 20 23 23 23 22 23 23 23 16 16 16 11 11  9 11 11 11 -2 -2 -2 -1 -1 -1 -4 -4 -4
14 16 19 19 20 22 22 22 20 20 20 21 21 21 12 12 12  5  5  3 -2 -2 -2 -2 -2 -3  1  1  1  2
-2  -2   0   2   2   7   7   9   3  -1  -1  -5  -9  -9 -14 -13 -13 -13 -12 -12 -12 -12 -12 -11 -11 -11 -14 -14 -14 -13
 3   3  11  13  13  26  26  26  24  24  15   6   3   1  -4  -5  -5  -9  -9  -9 -11 -11 -11 -10 -10 -10  -7  -7  -7  -8
0  0  7  7 10 24 24 24 20 15 10  3  0 -1 -7 -7 -7 -4 -4 -4 -9 -8 -8 -1 -1 -3 -3 -3 -4 -5
7 15 15 17 30 33 34 43 43 43 49 49 49 49 37 28 28 21 11 11 11 11 11  5  1 -1 -6 -6 -3 -3
3  3  7  7  7  7  7  7 10 10  4  4  4  9  6  6  2  2  2  2 -1 -1 -1 -2 -2 -2 -3 -3 -3 -4
5  9  9  9  9 14 14 10 10 10 11 11 11 13  5  5  5  9  9  4  0  0  0  1  1  1 -3 -3 -3  1
17 17 17 17 17 28 28 30 33 33 28 18 18 17 12 11  9  4  4  4  4  4  4 -1 -1 -1 -3 -3 -3  0
14 14 17 17 17 18 18 18 13 11 11 11 11  8  7  7  7  3  3  3  4  4  4  4  4  4 -3 -3 -3  1
7  7 12 12 12 16 16 17 11 11 11 12 12 11  6  6  6  2  2  2  2  2  2  3  3  2  0  0  0 -3
11 11 12 12 12 12 12 12  6  6  6  6  6  5 -2 -2 -2  3  3  3 -2 -2 -2 -3 -3 -3  1  1  2 -4
8  7 13 13 15 12 12 12  8  8  8  1  1  1  1 -3 -3  2  2  2 -2 -2 -2 -3 -3 -3 -2 -2 -2 -2
11 11 16 16 16 16 16 16 14 14  7  2  1  1  0  0  0 -3 -3 -3  1  1  1 -2 -2 -2  1  1  1  0
13 14 14 14 16 14 14 14 12 11 10  8  8  7  5  5  4  0  0  0  2  2  2  2  2  3  4  4  4  4
14 14 16 16 20 19 19 19 17 12 12 11 11  4  4  4  6  2  2  2  5  5  2  1  1  1  3  3  4 -1
12 12 24 24 24 22 22 19 16 11 10  7  7  7  3  3  3 -2 -1 -1 -1 -2 -2  1  1  1  2  2  2  3
12 12 15 15 18 23 23 23 16 16 12 11  4  3  2  2  2  0 -2 -2  3  3  3 -2 -2 -2  5  5  6  0
7  7 12 12 12 20 20 19 15 15 14 12 10  8  2  2  2  1  1  1  0  0  0  5  5  5  0  0  0 -1
15 18 20 20 24 27 27 25 20 20 12 11  6  6  3  3  3  5  5  5 -2 -2 -2  3  3  2  0  0  0  4
18 18 21 21 21 29 29 31 27 27 27 24 24 16 12  8  8  1  1  1  5  5  7  8  8  7  7  7  6  4
14 14 24 24 24 31 31 29 20 20 12  5  5  5  3 -1 -1  1  1  6  0  0  0  4  4  4  0  0  0  4
9  9 15 15 20 26 26 23 17 16 11 10  5  5  2  2  2  6  6  6 -1 -1 -1  2  2  2 -1 -1 -1  1
14 14 15 16 16 16 24 24 17 13 13 13  7  6  4  0  0  0  1  1  1  3  3  1  1  1  2  3  3  3
16 16 20 22 22 36 39 40 41 41 37 25 22 17 15 14 10  6  6  5  1  1  1  6  6  4  4  4  4  2
16 16 26 26 29 34 34 36 33 33 33 37 37 37 37 34 34 30 30 24 20 20 14 11 11 11  9  9  8  1
15 16 19 19 22 21 21 21 26 26 26 25 25 19 19 19 13 12 12  9  2  2  2  4  4  4  6  6  6  6
16 16 25 25 24 24 24 27 27 27 20 16 16 13  5  4  4  2  2  2  6  6  8  6  6  5 -2 -2 -2  4
19 19 13 13 13 11 11 11  7  7  7  7  7  4  3  3  1  1  1  4  7  7  6  5  5  5  0  0  0  7
12 12 12 12 12  9  9  8  5  5  5  4  4  4  2  2  2  3  3  3  2  2  2  4  4  5  0  0  0  2
17 17 21 21 21 19 19 19 20 20 10 10 10  6  6  6  6  6  6  6  5  5  5  6  6  6  3  3  3  1
18 20 20 22 22 13 10 10  7  4  4  4  3  3  3  3  3  3  3  3  0  0  0  0  0  0  0 -2 -2 -2
12 12 12 12 12 16 16 16 14 14 12  6  6  5  2  2  2  3  3  2 -5 -5 -5  4  4  4  4  4  5  1
9 10 17 17 21 25 25 27 24 24 23 14 12  6  4  4  4  0  1  1  4  4  1  1  1  2 -2 -2 -2  3
8  8 11 11 11  9  9  9  8  8  5  5  5  7  4  4  2  2  2  6  2  2  2  2  2  2  2  2  2  5
13 13 12 12 12 10 10 10  9  9  7  4  4  4  5  5  5  6  6  2  2  2  3  3  3  5  0  0  0  2
11 11 12 16 16 17 18 18 12  8  8  8  3  3  3  2  2  2  2  2  3  2  2  2  0  0  0 -1 -1 -1
15 19 25 25 19 19 19 15  7  7  7  7  7  8  7  7  4  3  3  3  1  1  1  0  0  0  2  2  2  3
14 14 12 12 11  8  8  8  3  3  3  5  5  5  6  6  5  0  0  0  4  4  7  4  4  4  5  5  6  2
18 19 17 17 15 13 13 11  6  6  6  4  4  4  2  2  2  5  5  3  2  2  2  1  1  1  3  3  3  4
21 21 31 33 38 35 35 26 22 17  6  4  4  4  5  5  4  4  4  2  2  2  2  7  7  4  4  4  3  3
6  6 15 15 15 23 23 21 14 14 11  6  6  6 -1 -1 -1  1  1  1 -1 -1 -1  0  0  0  2  2  2  0
13 13 15 15 16 16 16  8  5  2  2  5  5  5  2  2  2  3  3  3  4  4  4  1  1  1 -1 -1 -1 -1
18 18 17 14  9  6  4  4  4  4  4 -2 -2 -2  2  2  2  0  0  0 -1 -1 -1  3  3  2  2  2  2 -1
19 21 33 33 38 32 30 20 18 18  8  3  3  0 -2 -2 -2 -3 -3 -3  1  1  1  2  2  2  3  3  1  1
13 16 19 19 19 12 11 11  9  5  5  6  6  4 -1 -1 -1  4  4  4  4  4  5  1  1  1  1  1  4  4
13 13 13 13 13 10 10 10  6  5  5  1  1  1  3  3  2  0  0  0  0  0  0  3  3  5  0  0  0  4
13 16 16 16 13 13 13  6  6  6  4  2  2  2  4  4  4 -1 -1 -1  2  2  2 -4 -4 -4  3  3  3  2
12 12 16 16 16 25 25 22 20 20 13 10 10 10  7  7  7  2  2  2  3  3  3  4  4  3  3  3  3  0
19 19 24 36 36 41 38 38 27 24 20 11  9  9  4  0  0  0  4  4  4 -2 -2 -2  1  1  5  4  4  3
13 16 24 24 29 26 26 21 15 15 10  4  4  4  3  3  3  4  4  4  1  1  1  2  2  2  2  2  4  2
11 13 20 20 20 24 24 24 18 18 12  8  8  7  1  1  1  0  0  0  0  0  0  2  2  1  1  1  3 -2
17 17 23 23 26 28 28 28 22 22 17  9  9  6  6  6  4  3  3  3  1  1  1  3  3  4  1  1  1 -2
10 10 17 17 23 33 33 31 18 18 16  7  7  5  1  1  1 -2 -2 -2 -2 -2 -2 -3 -3 -3 -2 -2 -2 -3
14 15 15 15 15 15 15 15 12 12 11  1  1  1 -2 -2 -2  0  0  0 -3 -3 -3 -2 -2 -2 -2 -2 -2  0
14 14 18 18 18 22 22 22 12 12 11  5  5  5 -1 -1 -1  2  2  2  0  0  0  2  2  2  2  2  2  1
10 10  6  6  6 13 13 10  7  7  7  2  2  2  4  4  4  4  4  4  2  2  2 -1 -1 -1  0  0  0  1
15 14 15 15 15 18 18 17  2  2  2  4  4  4 -1 -1 -1  2  2  1 -2 -2 -2 -3 -3 -3  0  0  0  1
14 14 19 19 19 19 19 19  9  9  9  1  1  1  1  1  1 -3 -3 -3  0  0  0  1  1  1  1  1  1 -3
11 11 18 18 18 30 30 30 19 19 19 14 14 14  3  3  3  0  0  0  3  3  3 -2 -2 -2 -4 -4 -4 -3
11 11 14 14 14 31 31 33 33 33 33 15 15 13  4  4  4 -1 -1 -1  1  1  1  0  0  0  1  1  1 -2
15 15 28 28 28 42 42 42 28 28 28 15 15 15  6  6  6  0  0  0  1  1  3  2  2  2 -1 -1 -1 -3
13 13 19 19 19 20 20 20 22 22 16 10 10 10 -1 -1 -1 -1 -1 -1 -1 -1 -1  2  2  2 -1 -1 -1  3
14 15 18 18 18 28 28 28 29 29 27 23 23 23 13 13 11  3  3  3  3  3  3  3  3  3  2  2  2 -1
10 10 18 18 18 28 28 35 38 38 38 26 26 26 21 21 12  5  2  2  0  0  0 -3 -3 -3  1  1  1  1
14 14 17 17 20 23 23 18 18 18 20  4  4  4  2  2  1  1  1  3 -2 -2 -2  4  4  5  0  0  0  1
13 14 27 27 31 37 37 32 20 20 13  8  8  5  4  4  1  1  1  2  4  4  4  2  2  2  3  3  3  2
12 15 16 16 16 17 17 17 12 12 12  6  6  4  4  4  4  4  4  4  5  5  5  1  1  1  3  3  3  5
14 14 19 19 19 24 24 24 27 27 27 21 21 18 12 12 10  2  2  2  0  0  0  1  1  1  4  4  4 -2
23 23 24 24 24 26 26 22 15 15 15 12 12 10  5  5  5  1  1  1  0  0  0  3  3  1 -2 -2 -2 -4
16 19 20 20 21 32 32 32 29 29 25 16 16 11 11 11  6  3  3  0  0  0  2  0  0  0  2  2  2 -1
16 16 26 26 26 34 34 35 41 41 39 37 37 37 37 37 37 37 37  4 -2 -2 -2  1  1  1  4  4  4  3
14 14 11 11 11  6  6  6  7  7  7  4  4  4  2  2  2 -2 -2 -2  3  3  3  0  0  0  6  6  6  2
17 17 23 23 23 17 17 17  9  9  9  2  2  2 -4 -4 -4  1  1  1  0  0  0  3  3  3  2  2  2  0
9  9 14 14 14 11 11 11  7  7  7  4  4  4 -2 -2 -2  1  1  1 -1 -1 -1  3  3  3 -3 -3 -3 -2
10 10 18 15 15  8  8  8  5  5  5  1  1  1  0  0  0  0  0  0  3  3  3 -4 -4 -4  4  4  4 -2
15 15 15 15 15  7  7  7  6  6  6  3  3  3  0  0  0  4  4  4  1  1  1  4  4  4  3  3  3 -3
7  7 10 10 10  6  6  6  0  0  0 -1 -1 -1  0  0  0  1  1  1  0  0  0 -3 -3 -3  4  4  4  0
11 12 12 12 10 10 10  8  6  6  4  4  4  0  0  0 -1 -1 -1  4  4  4  0  0  0  5  6  6  0  0
8  8 10 10 10  7  7  7  4  4  4 -2 -2 -2  6  6  6  0  0  0 -1 -1 -1 -1 -1 -1  6  6  6 -2
9  9 12 12 12 10 10 10  4  4  4  2  2  2 -1 -1 -1 -2 -2 -2  1  1  1  2  2  2  5  5  5 -1
7  7  5  5  5  2  2  2 -4 -4 -4 -1 -1 -1 -3 -3 -3 -1 -1 -1  1  1  1 -1 -1 -1  2  2  2  2
10 10  8  8  8  1  1  1  6  6  6  4  3  3  0  0  0 -1 -1 -1  4  4  4  2  2  2  5  5  5 -1
19 19 13 13 13  7  7  7  5  5  5  1  1  1  4  4  4  4  7  7  5  5  5  2  2  2  4  4  4  1
11 14 14 14 10 10 10  7  7  7  6  6  6 -2 -2 -2  3  3  3  2  2  2  0  0  0 -3 -3 -3 -1 -1
11 11  8  8  8  7  6  6  4  4  4  2  2  2 -3 -3 -3 -2 -2 -2  0  0  0  0  0  0 -3 -3 -3  5
9 14 14 14 17 16 16  9  9  9  2  2  2 -3 -3 -3  0  0  0 -2 -2 -2  0  0  0  0  0  0 -1 -1
13 13 13 13 13  7  7  7  7  6  6  3  3  3 -2 -2 -2 -2 -2 -2  0  0  0  0  0  0  1  1  1  0
14 13 13 13 12 12 12  8  8  8  4  4  4  2  2  2 -1 -1 -1  2  2  2  1  1  1  1  1  1  5  5
10 10 12 12 12  9  9  9  1  1  1  4  4  4  0  0  0 -3 -3 -3  3  3  3  0  0  0 -2 -2 -2 -4
6  6 13 13 13 18 18 18 13 11 11  4  4  4  4  4  4  3  3  3  0  0  0  3  3  3  0  0  0 -4
14 14  9  9  9  7  7  7  7  7  7  6  6  5  5  5  5 -4 -4 -4 -3 -3 -3  0  0  0  1  1  1  0
8  8  7  7  7  3  3  3  4  4  4  0  0  0  0  0  0  0  0  0  0  0  0  5  5  5  2  2  2 -1
9  9 14 14 14  7  7  7  4  4  4  1  1  1  3  3  3  2  2  2 -2 -2 -2 -4 -4 -4  2  2  2  0
17 17 15 15 15 15 15 15 12 12 12  3  3  3  3  3  3  6  6  6  2  2  2  0  0  0  0  0  0  3
14 14 15 15 15 16 16 16 12 12 12  3  3  3  1  1  1 -3 -3 -3 -1 -1  0  0  0  0  6  6  6  1
15 15 22 22 22 10 10 10  7  7  7  7  7  7  7  6  6  1  1  1  2  2  2  1  1  1  1  1  1  5
16 16 15 15 15  7  7  7  6  6  6  1  1  1  4  4  4  2  2  2  2  2  2 -4 -4 -4  4  4  4  0
11 11  9  9  9  6  6  6  3  3  3  1  1  1  6  6  6  4  4  4  0  0  0 -1 -1 -1  1  1  1  1
13 13 14 14 14 12 12 12  3  3  3  0  0  0  1  0  0  4  4  4  4  4  4 -2 -2 -2  2  2  2 -3
10 10 14 14 14  9  9  9  6  6  6  5  5  5  7  7  7  1  1  1 -2 -2 -2  1  1  1  6  6  6  6
10 10 11 11 11  8  8  8  3  3  3  1  1  1  0  0  0  2  2  2  0  0  0 -3 -3 -3 -1 -1 -1  3
11 18 18 18  7  7  7  7  7  7  4  4  4  0  0  0 -1 -1 -1  1  1  1  2  2  2  4  4  4 -1 -1
15 15 15 15 15 13 11 11  3  3  3  2  2  2  2  2  2  2  2  2  1  1  1  2  2  2  3  3  3  0
10  9  9  9 11 11 11  7  7  7  6  6  6  0  0  0  1  1  1  0  0  0  1  1  1  0  0  0  0  0
15 15 14 14 14  9  9  9  9  8  8  7  7  7 -3 -3 -3 -3 -3 -3  1  1  1 -1 -1 -1  4  4  4  3
16 13 13 13 12 12 12  9  9  9  3  3  3  7  7  7  7  7  7  3  3  3  8  8  8  3  3  3  3  3
23 23 18 18 18  9  9  9  2  2  2  2  2  2  5  5  5  3  3  3  2  2  2  5  5  5  2  2  2  0
10 10 13 13 13 10 10 10  4  4  4  1  1  1  1  1  1 -1 -1 -1  4  4  4  2  2  2  1  1  1  3
10 10  6  6  6  4  4  4  0  0  0  4  4  4 -1 -1 -1 -1 -1 -1  0  0  0  1  1  1  4  4  4  3
10 10 12 12 12  6  6  6  5  5  5  3  3  3  0  0  0 -1 -1 -1  1  1  1  5  5  5  4  4  4  1
11 11 12 12 12  7  7  7  6  6  6  0  0  0  2  2  2 -2 -2 -2 -1 -1 -1  4  4  4  3  2  2 -3
14 14  7  7  7  5  5  5  6  6  6  1  1  1  0  0  0  0  0  0  0  0  0 -2 -2 -2 -1 -1 -1  1
12 12 11 11 11  6  6  6  3  3  3  4  4  4  3  3  3 -2 -2 -2  1  1  1 -2 -2 -2  2  2  2 -1
13 13  6  6  6  3  3  3 -5 -5 -5  1  1  1  0  0  0 -1 -1 -1 -4 -4 -4 -4 -4 -4  3  3  3  2
9  9 18 18 18  9  9  9  5  5  5  1  1  1 -2 -2 -2 -3 -3 -3 -3 -3 -3 -2 -2 -2  2  2  2  0
10 10  8  8  8  0  0  0  4  4  4  2  2  2 -4 -4 -4  2  2  2  2  2  2 -3 -3 -3 -3 -3 -3 -5
9 11 11 11  9  9  9  1  1  1  2  2  2  2  2  2  1  1  1  0  0  0  2  2  2  1  1  1 -4 -4
11 11 13 13 13 15 14 14  7  7  7  6  6  6  0  0  0  1  1  1 -2 -2 -2  2  2  2  0  0  0  2
12 10 10 10 13 13 13 11 10 10  3  3  3  6  6  6  7  7  7  0  0  0  1  1  1  3  3  3  3  3
10 10 19 20 20 11 11 11 10 10 10 -6 -6 -6  5  5  5  0  0  0 -2 -2 -2  3  3  3 -2 -2 -2 -1
7  7  9  9  9  8  8  8  7  7  7 -1 -1 -1 -1 -1 -1  4  4  4  3  3  3  7  7  7 -2 -2 -2  4
9  9 17 18 18 14 14 14  7  7  7  1  1  1 -1 -1 -1  0  0  0 -3 -3 -3 -6 -6 -6 -1 -1 -1 -4
11 11 12 12 12  6  6  6  6  6  6 -1 -1 -1  1  1  1  3  3  3  2  2  2 -1 -1 -1  3  3  3  2
9  9 11 11 11  8  8  8  3  3  3  2  2  2  2  2  2  0  0  0  5  5  5  4  4  4  3  3  3 -3
14 14 20 20 20 12 12 12  8  8  8  4  4  4  7  7  7  3  3  3  5  5  5 -1 -1 -1 -1 -1 -1 -1
15 14 14 14 16 16 16  5  5  5  7  7  7  6  6  6  4  4  4  5  5  5 -2 -2 -2  1  1  1  3  3
20 20 23 23 23 11 11 11  8  8  8  1  1  1  0  0  0  4  4  4  3  3  3  3  3  3  6  6  6  2
14 14 12 12 12  6  6  6  4  4  4 -1 -1 -1 -4 -4 -4 -1 -1 -1 -2 -2 -2  0  0  0  3  3  3  1
12 12 11 11 11  9  9  9  7  7  7  0  0  0  5  5  5  0  0  0 -2 -2 -2 -2 -2 -2 -1 -1 -1 -1
18 18 10 10 10  9  9  9  2  2  2  6  6  6  3  3  3  5  5  5  4  4  4  1  1  1 -1 -1 -1 -2
18 18 13 13 13  9  9  9  0  0  0  3  3  3  1  1  1  5  5  5  7  7  7  1  1  1  1  1  1  4
12 12 11 11 11  6  6  6  2  2  2  3  3  3  5  5  5  5  5  5  3  3  3  1  1  1  4  4  4 -2
10 10 20 20 20 14 14 14 12 12 12 -1 -1 -1  6  6  6  7  7  7  4  4  4  4  4  4  7  7  7  1
16 16 23 23 23  8  8  8  8  8  8  6  6  6  6  6  6  2  2  2  4  4  4  4  4  4  1  1  1  1
14 14 10 10 10  8  8  8 -1 -1 -1  5  5  5  6  6  6  7  7  7  5  5  5  6  6  6  8  8  8  3
14 14 13 13 13 10 10  9  5  5  5  6  5  5 -1 -1 -1  2  2  2  4  4  4  6  6  6 -2 -2 -2  4
10 10  9  9  9  5  5  5  5  5  5  1  1  1  4  4  4  2  2  2  5  5  5  4  4  4  3  3  3 -2
11 11  9  9  9  4  4  4  5  5  5  0  0  0  0  0  0  5  4  4 -2 -2 -2 -2 -2 -2  5  5  5  0
14 21 21 21 16 16 16  8  8  8  5  5  5  0  0  0  5  5  5  4  4  4  5  5  5  7  7  7  2  2
13 13  9  9  9 12 11 11  5  5  5  6  6  6  3  3  3  2  2  2 -1 -1 -1  5  5  5  2  2  2  2
13 13 13 13 13 11 11 11  4  4  4  4  4  4  3  3  3  1  1  1  2  2  1  6  6  6  1  1  1  1
11 10 10 10  9  9  9  5  5  5  2  2  2  0  0  0  5  5  5  0  0  0  0  0  0 -1 -1 -1  3  3
10 10  7  7  7  7  7  7  3  3  3 -3 -3 -3 -1 -1 -1  3  3  3  1  1  1  0  0  0  1  1  1  4
8  8  9  9  9  8  8  8  1  1  1  6  6  6  3  3  3  2  2  2  4  4  4  6  6  6 -3 -3 -3  5
10 10  7  7  7  2  2  2  3  3  3  2  2  2  2  2  2  1  1  1  1  1  1 -1 -1 -1  0  0  0  7
12 12 17 17 17 17 17 17 12 12 12  6  6  6  3  3  3  5  5  5  3  3  3  0  0  0 -1 -1 -1  0
12 12 12 12 10 10 10  8  8  8  6  6  6  5  5  5  1  1  1  4  4  4  3  3  3  7  7  7 -3 -3
7  7  8  8  8  4  4  4  3  3  3  0  0  0  3  3  3 -2 -2 -2 -2 -2 -2 -2 -2 -2  3  3  3  0
9  9  9  9  9  6  4  4  3  3  3  3  3  3  3  3  3  2  2  2 -2 -2 -2 -1 -1 -1  7  7  7 -4
11 11  6  6  6  7  7  7  3  3  3  5  5  5  5  5  5  0  0  0  0  0  0  1  1  1  0  0  0  4
18 18 10 10 10  7  7  7  6  6  6 -2 -2 -2  3  3  3  1  1  1  2  2  2 -3 -3 -3  2  2  1 -5
6  6  2  2  2 -1 -1 -1  4  4  4  4  4  4  2  2  2 -2 -2 -2 -1 -1 -1  0  0  0 -5 -5 -5  1
10 10  7  7  7  9  9  9  5  5  5  3  3  3  2  2  2  3  3  3  2  2  2  3  3  3  3  3  3  3
10 10 11 11 11  9  9  9  5  5  5  4  4  4  1  1  1  4  4  4  3  3  3  4  4  4  3  3  3  3
11 11 12 12 12  6  6  6  8  8  8  1  1  1  1  1  1 -1 -1 -1 -3 -3 -3 -1 -1 -1  3  3  3 -1
14 14 13 13 13  9  9  9  6  6  6  5  5  5  1  1  1 -1 -1 -1  2  2  2  2  2  2  0  0  0  5
13 13  8  8  8  8  8  8  5  5  5  0  0  0  2  2  2 -3 -3 -3  2  2  2  0  0  0  2  2  2  2
9  9 16 16 16 14 14 14  8  8  8  1  1  1  1  1  1 -1 -1 -1  1  1  1  6  6  6  3  3  3  0
8  8  7  7  7  3  3  3 -1 -1 -1 -1 -1 -1  4  4  4  2  2  2  0  0  0 -1 -1 -1  4  4  4  3
9 10 10 10  7  7  7  7  7  7  2  2  2  1  1  1 -4 -4 -4  1  1  1  2  2  2  2  2  2 -1 -1
11 11 12 12 12 12 11 11  3  3  3  4  4  4  4  4  4  7  7  7 -2 -1 -1  5  5  5  6  6  6  6
12 12 16 16 16 19 19 19 12 12 12  9  9  9  5  5  5  6  6  6  7  6  6  5  5  5  6  6  6 -3
13 13 13 13 13  8  8  8  6  6  6  1  1  1  4  4  4 -3 -3 -3  5  5  5  0  0  0  4  4  4 -2
10 12 12 12 14 13 13  8  8  8  3  3  3  2  2  2  5  5  5  5  5  5 -2 -2 -2 -1 -1 -1  0  0
14 14 11 11 11 12 12 12  6  6  6  6  6  6  3  3  3 -3 -3 -3  2  2  2  2  2  2  6  6  6  2
11 11 10 10 10  8  8  8  1  1  1  8  8  8  5  5  5  0  0  0 -4 -4 -4  6  6  6 -2 -2 -2  3
11 20 21 21 17 17 17  9  9  9  4  4  4  4  4  4  4  4  4  6  6  6 -2 -2 -2  1  1  1 -3 -3
9  9 12 10 10  3  3  3  3  3  3  2  2  2  0  0  0  0  0  0  1  1  1 -4 -4 -4  0  0  0  3
11 11  9  9  9  4  4  4  3  3  3  3  3  3 -2 -2 -2 -2 -2 -2  2  2  2  4  4  4  1  1  1  2
10 10 14 13 13  2  2  2  8  8  8  4  4  4  5  5  5 -1 -1 -1 -5 -5 -5 -2 -2 -2 -1 -1 -1  4
14 14 18 18 18  7  7  7  3  3  3  5  5  5  0  0  0  0  0  0  2  2  2  3  3  3 -4 -4 -4  1
