245 245 245 245 245 239 215 215 176 158 152 152 152 152 140 129 129 129 158 158 173 234 245 245 245 245 245 241 241 241
200 186 173 173 173 182 182 184 205 205 205 255 267 267 267 267 267 241 241 208 189 184 173 161 161 161 161 161 161 185
196 245 256 256 256 256 236 212 203 171 147 147 147 147 147 139 139 139 139 139 139 156 209 217 234 287 287 287 287 287
215 184 173 157 130 130 130 130 130 131 137 160 166 183 231 245 245 245 245 245 245 245 233 210 185 152 150 138 138 138
138 156 167 178 221 241 249 249 249 249 240 206 165 155 140 122 122 122 122 142 149 161 192 208 210 208 198 178 177 163
158 165 166 193 193 187 178 154 131 127 124 124 136 153 159 176 176 163 158 151 151 156 156 157 157 153 149 149 157 164
187 187 186 169 169 170 170 170 174 174 156 154 150 150 169 185 197 200 200 173 170 155 155 171 181 186 186 180 158 154
154 191 223 246 246 246 246 238 208 175 175 173 175 201 211 211 208 197 197 200 205 214 214 207 184 181 164 164 191 214
269 269 269 269 218 189 175 149 141 141 141 141 191 219 249 249 249 249 249 217 174 162 144 144 144 144 157 185 197 200
175 159 155 157 157 186 208 215 215 192 177 170 176 176 212 229 242 260 260 260 260 260 196 190 160 145 145 145 145 145
162 197 197 200 196 187 171 160 154 154 177 177 177 178 178 178 167 167 151 146 136 126 118 118 118 143 154 161 184 184
143 120 114 105 105 105 115 115 121 131 131 129 115 112 112 100 100 100 137 138 149 169 169 169 167 167 167 159 159 157
141 141 147 149 153 205 205 209 200 178 161 151 145 145 154 157 163 212 212 209 189 175 152 133 133 133 166 179 195 257
257 257 257 190 188 149 123 123 123 123 186 188 196 253 254 254 254 254 226 203 192 192 179 179 179 185 185 185 200 200
227 227 216 209 181 181 180 190 190 240 240 228 222 189 177 163 163 163 238 268 308 366 366 366 366 264 198 182 182 182
182 201 281 281 259 251 205 190 176 176 176 176 176 176 196 196 196 192 192 192 243 281 348 428 428 292 247 192 147 147
147 147 134 120 120 120 139 175 175 170 149 149 149 149 149 148 125 125 118  95  95  95  80  80  80  86  86  86  92  92
100 100 100  88  88  86  77  77  77  93  93  93 128 128 128 113 126 113 106 106 101 101 101 128 131 133 170 170 172 159
138 125 105 105  98  98  98 127 143 147 210 210 210 210 210 162 155 133 105 105 105 105 124 124 124 156 159 166 202 202
202 202 176 159 139 139 137 137 137 173 173 176 155 147 139 123 123 113 113 131 152 155 155 138 115 108 108 109 109 109
160 170 165 165 136 113 113 113 121 121 121 174 174 176 175 175 156 139 139 130 114 114 114 110 110 110 128 128 128 164
169 167 167 152 126 126 126 120 120 120 152 152 156 200 200 200 200 200 155 138 138 128 107 107 107 110 110 110 144 147
205 214 214 214 214 198 162 133 133 133 133 133 115 115 135 149 166 218 251 251 251 251 257 257 216 180 171 151 134 134
134 134 127 127 128 128 128 152 166 169 204 204 204 204 174 142 138 123 112 100 100 100 110 119 124 174 195 197 211 211
174 150 140 140 140 141 167 170 179 197 197 197 197 197 197 212 212 212 207 207 181 180 163 152 147 147 147 160 166 171
209 215 233 233 208 206 185 162 158 151 145 142 142 142 142 142 145 190 206 231 289 309 309 309 309 232 213 166 137 137
137 137 126 126 148 162 172 230 251 251 251 251 215 202 167 129 129 129 129 129 118 118 152 171 186 252 272 272 272 272
184 158 109 109 109 109 142 142 144 199 233 233 233 233 233 233 233 189 186 156 121 121 121 121 154 157 160 217 235 235
235 176 167 150 143 143 143 144 200 233 236 250 250 250 250 250 167 162 155 155 157 163 165 224 249 255 255 255 255 255
145 133 132 132 132 132 132 150 160 170 236 275 275 275 275 275 275 263 189 183 155 155 155 155 126 126 126 126 126 126
162 187 188 255 260 260 260 260 260 208 184 155 147 147 147 147 147 147 176 180 196 234 234 222 203 194 162 147 147 147
147 147 147 147 156 186 198 205 256 256 256 256 256 208 190 190 171 171 171 171 171 171 180 206 206 189 181 181 181 186
191 215 215 199 182 182 182 178 178 178 174 174 170 170 170 171 198 198 208 221 221 194 173 173 161 146 146 146 156 156
197 197 211 209 209 175 149 149 149 149 149 149 200 213 225 225 206 204 190 190 186 186 186 179 177 172 165 165 165 177
188 222 222 224 222 215 185 179 162 147 141 141 141 141 141 150 177 182 188 221 223 223 223 223 211 207 179 158 156 147
141 141 141 174 187 217 262 265 265 265 265 198 182 156 142 142 142 142 142 168 186 238 256 256 256 256 236 231 199 184
176 176 206 229 247 265 265 227 198 166 137 137 137 137 137 131 131 147 149 150 193 194 212 214 214 214 214 187 174 167
149 150 151 151 176 180 188 203 203 203 203 203 183 178 156 137 131 120 118 104 104 104 102 103 103 109 112 112 123 123
136 136 136 126 126 126 145 152 159 186 199 202 202 202 202 216 216 198 193 184 184 197 200 202 229 229 229 229 229 229
240 234 220 217 207 198 198 198 214 214 223 290 329 372 372 353 283 252 217 217 217 222 231 263 263 239 238 212 208 208
229 272 272 248 246 208 192 183 186 186 240 268 276 276 258 216 209 190 190 210 225 237 284 284 249 243 207 182 179 179
222 251 267 303 303 271 270 233 220 204 204 204 245 257 275 278 278 227 218 191 191 205 220 248 339 339 332 301 229 191
183 183 247 307 422 436 436 297 246 198 180 176 180 180 220 226 227 227 224 205 196 177 177 179 179 182 232 232 214 210
128 128 128 128 128 101 101 121 121 122 174 174 178 178 178 156 130 126 126 110 110 110 131 131 132 189 189 197 177 177
127 124 124 132 139 139 189 189 175 161 139 132 119 119 119 160 160 164 182 182 147 121 120 120 121 121 121 186 186 196
185 137 119 108 108  98  98  98 156 164 170 244 244 244 244 244 161 148 143 130 130 130 143 143 143 176 182 184 221 221
221 221 204 200 175 166 166 166 177 187 199 202 235 235 235 235 235 195 179 169 154 146 146 146 146 146 146 167 167 167
211 211 211 211 187 163 163 163 159 159 159 190 190 190 200 200 200 221 228 228 228 228 228 250 250 217 193 193 183 174
174 226 237 259 276 276 244 221 221 221 212 212 212 197 197 193 193 193 196 210 210 229 265 265 230 207 195 175 155 155
155 155 155 206 209 221 293 293 297 271 253 205 188 181 181 185 185 187 236 264 269 308 308 247 222 201 181 165 165 165
165 165 207 207 215 267 267 228 206 206 206 209 209 209 228 228 228 238 238 243 292 292 272 239 237 207 190 190 190 218
231 265 265 230 210 205 205 207 207 217 267 267 241 216 216 209 206 206 234 234 238 234 205 205 213 217 217 262 279 292
269 228 222 196 196 189 191 191 216 225 243 289 301 301 295 263 216 204 189 176 166 165 165 187 194 211 247 252 252 252
189 188 173 173 176 183 191 219 219 220 212 209 209 210 210 210 202 202 194 183 182 182 199 202 222 264 264 251 239 201
165 157 145 145 145 166 204 234 262 281 281 238 218 186 178 178 187 198 231 231 211 210 189 184 184 185 197 231 233 233
200 172 167 166 156 156 156 173 208 208 204 197 171 158 158 158 158 158 158 165 205 225 234 237 237 237 197 177 160 152
152 183 204 220 242 242 242 218 187 165 165 158 158 192 215 236 236 224 176 175 145 138 138 138 138 138 162 180 212 216
216 216 155 152 128 106 106 106 106 129 139 145 192 193 193 189 170 139 128 125 125 151 165 173 227 235 235 235 235 167
135 118 118 118 118 141 146 152 208 236 236 236 236 242 242 201 166 165 144 121 121 121 121 150 154 163 212 214 214 214
185 184 164 158 152 156 156 190 194 198 216 216 216 212 203 180 175 157 154 153 153 153 199 220 236 286 286 286 286 245
191 181 181 201 210 210 283 283 302 277 267 225 210 209 209 237 237 246 288 288 284 260 259 259 249 249 249 247 247 247
246 246 249 249 245 226 226 226 222 222 222 217 217 217 205 205 201 191 191 191 208 208 208 218 218 201 182 169 169 156
156 156 156 162 221 242 251 281 281 281 281 281 204 199 169 165 157 157 157 198 211 219 288 308 308 308 308 284 280 242
191 184 184 203 203 205 270 293 305 358 358 298 287 240 211 186 186 186 196 196 204 282 318 334 334 321 256 255 229 229
220 220 262 262 262 320 335 335 335 331 270 260 227 227 216 216 216 248 248 253 339 339 308 285 262 239 218 218 218 222
222 246 246 246 287 287 272 244 222 170 170 170 170 170 133 133 133 133 133 116 116 117 117 117 147 147 147 147 147 147
141 141 163 163 165 191 191 191 231 231 231 231 231 231 213 207 207 193 193 193 200 200 200 197 197 197 231 234 241 280
280 280 280 275 256 236 206 191 172 149 149 149 149 177 177 177 234 254 272 272 272 272 293 293 236 231 196 190 185 185
236 249 249 295 295 295 290 290 263 256 222 213 194 186 186 215 215 216 276 276 283 263 252 225 201 187 187 194 194 194
283 283 288 288 246 231 201 201 194 194 194 236 237 239 311 315 325 315 278 234 223 197 197 192 192 192 241 246 256 326
294 290 246 208 193 186 186 186 186 186 204 204 204 256 256 256 218 218 203 172 172 172 165 165 165 224 227 232 284 284
284 284 246 208 208 208 184 184 184 195 195 195 221 221 221 223 223 212 195 195 195 187 187 187 218 218 218 199 199 198
194 186 186 185 184 184 184 210 230 230 245 245 209 208 179 173 173 173 176 229 261 283 283 283 283 283 270 230 220 220
250 250 260 246 245 231 229 229 229 281 307 307 306 259 200 198 186 186 197 225 226 260 260 206 185 150 114 114 114 114
127 129 169 198 230 299 299 299 299 299 216 202 162 114 114 114 114 114 112 112 118 125 127 177 212 241 241 241 241 241
154 154 154 154 154 142 142 170 190 200 270 270 270 270 270 239 231 204 195 191 191 191 213 213 225 234 234 229 208 208
201 201 202 228 228 241 251 251 212 190 187 187 196 196 198 236 236 190 185 168 145 145 145 145 145 155 170 233 260 260
260 260 225 186 151 151 151 151 151 151 120 120 120 157 219 219 206 182 182 178 178 178 192 202 202 176 164 164 164 174
199 224 224 193 187 187 187 193 193 203 223 223 201 188 188 188 221 231 252 258 258 258 258 198 174 172 172 172 210 220
257 257 257 257 213 193 193 193 195 253 286 286 286 286 241 232 212 200 200 200 208 313 313 311 279 211 146 146 146 146
133 133 176 217 233 233 233 233 376 376 376 376 376 224 182 149 148 148 148 148 148 150 167 178 192 207 207 207 207 207
180 155 155 150 160 164 185 186 200 200 183 161 159 131 116 116 116 116 144 145 154 196 197 212 212 212 212 202 169 156
141 141 141 141 142 161 166 172 204 213 213 213 201 180 174 144 144 133 129 129 129 129 147 183 193 206 216 216 216 216
158 154 149 149 149 149 159 187 190 192 190 173 156 152 145 145 165 166 193 207 207 192 176 145 135 135 135 135 138 144
204 233 233 233 233 233 214 171 145 141 129 129 129 129 149 177 196 226 244 244 244 244 177 152 148 148 148 148 127 127
159 184 227 237 237 237 237 200 190 153 153 146 129 129 129 129 141 182 193 218 261 261 228 214 188 166 161 139 130 130
130 169 174 183 226 226 226 226 226 220 215 189 174 166 148 135 135 135 135 170 174 191 247 256 259 256 232 207 207 179
166 165 165 187 188 188 231 231 231 231 195 177 168 154 154 164 170 201 229 249 281 285 285 285 285 191 170 169 142 142
142 170 217 228 276 338 338 338 338 278 258 228 184 175 175 175 175 167 164 164 208 208 261 330 330 330 330 280 248 227
173 173 173 173 173 191 211 261 264 304 304 304 304 277 211 192 187 165 165 165 165 165 196 205 261 339 383 383 383 383
249 173 151 151 151 151 136 136 146 181 189 236 275 275 275 275 230 213 201 154 154 154 154 154 154 144 144 144 144 144
180 220 266 279 326 326 326 326 271 193 181 181 181 181 154 140 140 144 165 192 230 236 297 303 303 303 303 208 199 193
128 128 128 128 128 154 158 158 180 218 263 270 334 334 334 334 267 177 169 169 169 169 147 133 133 133 133 133 187 249
262 262 262 365 365 271 242 224 166 160 160 160 160 160 149 149 168 183 202 255 259 281 281 281 281 250 189 178 171 145
149 175 181 218 223 276 311 311 311 311 249 233 222 153 153 153 153 153 153 166 184 233 236 279 295 295 295 255 255 204
161 161 163 186 190 210 227 227 227 237 237 245 245 245 242 204 203 199 163 163 163 169 169 209 215 284 404 404 404 404
359 298 210 195 176 176 176 176 132 132 139 161 164 186 197 197 209 209 207 193 165 162 138 132 121 121 121 132 171 176
279 279 279 279 279 200 195 142 116 116 116 116 116 117 124 177 190 190 190 190 259 291 291 291 291 181 143 133 109 100
100 100 147 152 171 217 217 217 217 217 202 185 166 162 138 132 132 132 132 132 113 113 113 125 127 127 166 167 167 204
204 204 204 170 157 126 126 105 105 105 133 140 141 217 225 225 225 225 218 208 159 138 117 110 110 110 110 110 147 149
143 143 143 143 143 143 164 164 164 161 161 161 164 164 164 156 156 156 157 157 158 165 165 165 169 169 169 178 178 180
143 143 143 143 143 143 164 164 164 161 161 161 164 164 164 156 156 156 157 157 158 165 165 165 169 169 169 178 178 180
185 185 185 185 185 181 181 181 182 182 182 185 185 185 196 196 196 196 196 196 197 197 197 184 184 184 181 181 181 180
180 190 190 195 206 206 206 196 196 192 174 174 174 179 179 186 193 193 205 217 217 217 225 225 225 225 225 225 216 216
225 225 225 228 228 228 222 222 222 222 222 221 223 223 226 226 226 224 224 224 224 207 207 207 211 211 211 214 214 214
222 226 233 233 259 287 307 369 381 381 381 337 309 302 247 247 238 240 240 254 269 269 269 263 263 263 232 232 232 224
224 227 227 227 232 232 232 233 233 233 235 235 235 243 243 243 237 237 237 235 235 235 241 241 241 241 241 241 234 234
226 226 226 226 226 226 234 234 234 229 229 229 224 224 224 223 223 223 223 223 223 220 220 220 223 223 223 218 218 218
217 217 215 215 215 215 215 215 212 212 212 214 214 214 200 200 200 203 203 203 203 203 203 205 205 205 211 211 211 202
202 201 201 201 205 205 205 203 203 203 201 201 201 197 197 197 200 200 200 200 200 200 202 202 202 202 202 202 202 202
204 204 204 199 199 199 200 200 200 200 200 200 195 195 195 193 193 193 187 187 187 191 191 191 182 182 182 188 188 188
202 202 202 202 202 203 203 203 207 207 207 216 216 216 230 230 230 231 231 231 228 228 228 225 225 225 228 228 228 232
232 247 247 247 244 244 244 236 236 236 239 239 239 248 248 248 244 244 244 252 252 252 264 264 264 276 276 276 284 284
280 280 280 283 283 283 272 272 272 251 251 287 287 294 303 303 298 298 298 291 291 291 290 290 290 281 281 281 284 295
296 314 314 321 313 313 313 319 319 319 323 323 318 318 318 291 290 290 267 267 267 272 272 272 275 275 275 262 262 262
253 253 248 248 248 252 257 257 264 264 264 257 257 257 258 255 255 255 259 259 253 253 253 258 258 258 261 261 261 248
248 240 240 240 233 233 233 229 229 229 230 228 228 228 228 228 228 228 228 228 228 228 228 228 228 228 228 228 227 227
224 224 224 232 234 234 247 252 252 259 264 264 267 267 267 275 277 277 283 283 283 288 288 288 283 283 283 286 281 281
278 278 271 271 271 265 265 265 266 266 266 264 264 264 259 255 255 255 262 262 256 256 256 262 262 262 258 258 258 258
258 259 258 258 258 255 255 253 253 253 255 255 255 257 257 257 260 260 260 267 267 267 273 272 272 269 269 269 274 274
264 264 264 265 265 265 266 266 266 270 269 269 266 266 266 272 272 272 273 273 273 272 272 272 272 270 270 270 272 272
277 277 277 277 277 277 277 277 281 281 281 287 287 287 288 288 288 292 294 294 302 300 300 300 302 302 306 306 306 307
307 309 309 309 309 309 309 315 315 315 317 317 317 318 316 316 316 318 318 313 313 313 317 315 315 314 314 314 327 327
332 333 333 324 324 324 325 334 334 330 330 330 329 329 329 323 323 323 324 324 324 321 321 321 322 322 322 324 334 334
338 338 338 347 347 351 351 351 357 357 357 356 355 355 349 349 349 360 360 360 360 360 360 358 358 358 360 360 360 361
361 360 358 358 358 359 359 365 365 365 362 362 362 358 358 358 357 357 357 360 360 360 357 357 357 358 358 358 353 353
358 357 357 356 352 352 352 358 358 358 358 358 351 351 351 348 348 348 347 347 347 352 352 352 344 344 344 353 353 353
351 351 353 353 353 344 344 344 347 347 347 352 352 352 355 368 368 385 387 387 388 388 388 392 392 392 405 414 414 414
414 403 403 403 396 396 396 387 387 387 401 398 398 397 397 397 392 392 392 396 396 396 403 398 398 389 389 389 390 390
398 404 404 394 394 394 401 401 401 411 420 420 422 422 422 434 450 450 480 505 505 504 490 490 463 463 463 464 470 470
468 468 462 462 462 469 469 469 474 488 488 493 493 493 481 481 481 472 472 472 479 479 479 488 488 488 469 463 463 463
464 459 451 451 442 442 442 442 442 442 444 444 444 453 453 453 449 449 449 452 452 452 450 450 450 452 452 452 452 452
453 453 453 455 448 448 393 385 366 328 326 326 314 314 314 319 327 327 333 370 399 401 499 538 550 538 535 443 428 390
318 316 292 291 291 291 292 292 300 302 302 325 361 391 403 424 424 364 358 347 315 304 304 281 276 276 265 265 265 274
274 288 315 330 343 394 401 414 401 381 312 305 290 261 261 261 263 263 263 284 294 304 315 372 379 399 409 409 349 343
302 297 297 293 287 287 287 290 290 299 331 336 350 395 395 351 344 331 299 287 287 279 279 279 282 284 284 296 298 298
311 311 320 327 327 313 307 307 289 281 281 281 288 288 296 325 325 340 343 343 316 302 302 277 275 275 275 286 286 298
317 304 288 288 269 269 269 271 272 272 288 288 288 277 277 277 281 286 286 282 282 282 267 267 267 273 285 285 285 284
282 282 282 287 287 287 293 293 293 297 294 294 282 282 282 291 291 291 291 291 291 293 294 294 286 286 286 287 287 287
287 287 289 289 289 276 276 276 279 278 278 278 280 280 280 281 281 278 277 277 270 270 270 275 276 276 274 274 274 282
283 270 270 270 275 275 275 273 273 273 278 278 278 275 275 275 269 269 269 276 281 281 276 276 276 278 278 278 280 278
273 273 273 278 282 282 277 277 277 277 277 277 283 283 283 283 281 281 269 269 269 281 282 282 276 276 276 279 279 279
278 278 285 285 285 280 280 280 282 282 282 278 278 278 278 278 278 281 281 281 283 283 283 283 281 281 279 279 279 278
278 284 285 285 284 284 284 276 276 276 277 277 277 273 273 273 268 268 268 270 270 270 274 274 274 270 270 270 272 272
276 276 276 277 279 279 275 275 275 275 275 275 276 277 277 272 272 272 274 274 274 276 276 276 273 273 273 277 277 277
276 276 277 279 279 279 280 280 275 275 275 277 277 277 279 279 279 272 272 272 277 277 277 277 276 276 269 269 269 267
267 269 269 269 272 269 269 269 269 269 266 266 266 271 273 273 270 270 270 261 261 261 269 268 268 268 267 267 267 267
263 260 260 257 257 257 265 263 263 256 256 256 262 260 260 257 257 257 259 259 259 265 261 261 259 259 259 256 256 256
259 259 259 263 263 257 257 257 258 258 258 260 260 260 264 264 264 264 264 264 253 253 253 254 254 254 261 261 261 261
261 264 265 265 266 263 263 263 263 263 256 256 256 263 262 262 261 261 261 258 258 258 261 261 261 261 261 261 254 254
262 262 262 257 257 257 260 264 264 255 255 255 261 267 267 259 259 259 262 262 262 266 266 266 264 264 264 265 265 265
264 264 256 256 256 269 271 271 271 268 268 267 267 267 267 263 263 258 258 258 261 261 261 265 263 263 263 266 266 254
254 257 257 257 264 264 264 266 266 266 269 270 270 267 267 267 271 271 271 266 266 266 263 263 263 266 266 266 267 267
271 271 271 270 266 266 259 259 259 268 271 271 270 267 267 261 261 261 264 266 266 263 263 263 262 262 262 261 260 260
251 251 255 255 255 258 258 258 259 259 259 255 255 255 261 261 261 259 259 259 261 261 261 260 260 260 264 265 265 263
263 263 265 265 260 260 260 270 270 270 269 267 267 264 264 264 269 270 270 266 266 266 267 269 269 264 264 264 266 266
269 270 270 270 272 272 277 277 277 275 275 275 276 272 272 272 273 273 273 278 278 278 278 278 268 268 268 271 271 271
273 273 273 271 271 271 272 272 269 269 269 276 275 275 266 266 266 273 273 273 274 274 274 269 269 269 281 278 278 271
271 277 279 279 273 273 273 276 276 276 280 280 280 280 280 280 282 282 282 282 282 282 273 273 273 277 277 277 278 284
284 286 286 285 285 285 281 281 281 286 287 287 284 281 281 279 279 279 276 276 276 283 284 284 281 281 281 282 280 280
277 277 277 279 279 274 274 274 280 280 280 274 274 274 278 278 278 277 277 277 281 281 281 281 282 282 275 275 275 277
277 279 280 280 273 273 273 277 277 277 277 277 277 274 274 274 266 266 266 270 270 270 270 270 270 264 264 264 265 265
266 266 266 263 263 263 273 273 273 267 267 267 268 276 276 271 271 271 267 267 267 272 272 272 272 272 272 273 273 273
272 272 270 270 270 267 267 267 273 271 271 271 274 274 279 276 276 266 266 266 279 279 279 272 272 272 269 269 269 281
282 281 281 281 278 278 278 281 281 281 281 281 281 285 284 284 284 284 284 284 282 282 282 286 286 287 287 287 292 293
288 288 288 290 289 289 288 288 288 288 288 288 290 290 290 290 290 290 292 292 292 294 293 293 292 292 292 288 288 288
280 280 286 287 287 288 287 287 287 286 286 280 280 280 281 281 281 284 284 284 286 286 286 279 279 279 286 283 283 279
279 284 285 285 285 282 282 278 278 278 277 277 277 277 274 274 274 274 274 274 277 277 274 274 274 275 273 273 267 267
265 265 265 266 262 262 262 265 265 269 269 269 267 262 262 262 269 269 269 265 265 257 257 257 265 265 265 263 263 263
266 266 266 266 266 267 266 266 255 255 255 263 264 264 262 262 262 262 259 259 259 260 260 257 257 257 264 262 262 262
266 259 259 259 262 262 262 263 263 263 258 258 258 265 265 265 268 268 268 269 271 271 270 270 270 270 270 270 274 275
273 273 273 270 270 270 272 272 272 271 271 271 278 281 281 273 273 273 277 277 277 272 272 272 275 275 275 281 281 281
281 281 279 279 279 264 264 264 276 276 276 279 279 279 278 278 278 280 280 280 282 280 280 273 273 273 280 279 279 279
278 278 278 278 278 278 278 277 275 275 275 273 273 271 271 271 272 278 278 278 274 274 273 273 273 265 265 265 272 269
265 265 265 265 265 265 273 274 274 274 269 269 267 267 267 271 269 269 269 271 271 267 267 267 267 271 271 270 268 268
264 264 270 271 271 263 263 263 262 262 262 265 265 265 268 267 267 260 257 257 257 264 264 264 260 260 260 261 261 257
257 263 260 260 260 261 261 266 261 261 259 259 259 257 257 257 265 266 266 264 264 264 270 273 273 272 272 272 264 264
268 269 269 270 268 268 268 266 266 266 267 267 263 263 263 266 269 269 269 270 270 267 267 267 264 264 264 267 267 267
273 273 266 266 266 275 275 275 272 271 271 271 272 272 262 262 262 261 261 261 270 273 273 267 267 267 269 269 269 264
264 266 266 266 265 265 265 264 264 264 267 266 266 258 258 258 262 262 262 252 252 252 257 257 257 248 248 248 256 256
261 257 257 255 255 255 260 260 260 261 260 260 247 247 247 253 253 253 260 257 257 255 255 255 260 258 258 257 257 257
256 256 254 254 254 255 248 248 247 247 247 247 247 247 242 242 242 250 250 250 251 251 251 247 242 242 242 247 247 241
241 249 247 247 247 248 248 248 247 247 247 252 252 247 247 247 238 238 238 249 249 249 242 242 242 250 253 253 253 251
251 251 251 247 247 247 253 253 253 253 253 253 253 252 252 252 252 252 249 249 249 251 247 247 247 251 251 258 260 260
251 251 251 251 251 263 265 265 263 263 263 269 268 268 268 267 267 267 259 259 257 257 257 264 261 261 257 257 257 260
260 258 258 258 264 262 262 256 256 256 256 256 256 255 255 255 260 260 260 260 260 260 257 257 257 258 258 258 257 256
256 260 260 250 250 250 253 253 253 256 254 254 254 258 258 253 253 253 254 254 254 254 252 252 250 250 250 250 250 250
250 250 255 255 255 253 248 248 248 248 248 250 249 249 249 248 248 248 246 246 244 244 244 246 246 246 243 243 243 248
248 248 248 248 240 240 240 238 238 238 247 247 247 247 247 247 244 244 244 246 251 251 245 245 245 242 242 242 245 247
244 244 244 252 251 251 240 240 240 244 244 244 243 243 243 254 254 254 250 250 250 254 251 251 251 252 252 252 258 258
252 252 255 255 255 261 262 262 261 261 261 262 262 262 261 261 261 261 267 267 266 264 264 264 261 261 261 265 265 269
268 268 271 271 264 264 264 264 264 264 263 263 263 265 265 265 265 265 265 263 263 263 263 263 263 258 258 258 263 267
265 265 265 265 266 266 266 267 267 268 270 270 267 265 265 264 264 264 267 266 266 264 264 264 260 260 260 256 256 256
262 262 262 263 263 259 259 259 257 257 257 258 257 257 255 255 255 249 249 249 256 253 253 247 247 247 251 251 251 251
251 255 257 257 254 254 254 249 249 249 257 256 256 253 253 253 253 252 252 252 255 255 255 257 257 258 258 258 254 254
255 256 256 256 255 255 255 255 255 255 254 254 254 255 255 253 253 253 257 259 259 260 262 262 257 257 257 261 263 263
270 270 268 268 268 268 267 267 267 270 270 267 267 267 269 269 269 270 270 270 272 272 272 273 273 273 275 275 275 263
263 266 266 266 270 269 269 269 270 270 267 267 267 267 264 264 264 265 265 258 258 258 256 256 256 260 264 264 264 264
264 268 268 263 263 263 265 265 265 260 260 260 262 262 262 265 263 263 260 260 260 261 261 261 263 262 262 260 260 260
256 256 260 260 260 251 251 251 251 251 251 254 251 251 249 249 249 248 248 248 245 245 245 247 247 247 248 250 250 241
35 40 46 46 45 40 40 34 29 29 26 15 15  7  7  7  1  1  1  1  2  2  2 -1 -1  0  1  1  1  3
34 34 45 45 45 42 42 42 36 36 31 26 26 18 14 14 13  6  6  6  4  4  4  3  3  3  3  3  3  6
38 43 52 52 54 47 47 47 42 42 38 34 30 27 25 22 13  9  9  9  8  8  8  7  7  6  2  2  2  2
31 31 40 40 40 40 40 37 31 31 31 23 23 17 14 11 11  7  7  7  6  6  6  4  4  4  2  2  2  2
32 33 42 42 42 45 45 45 42 42 42 38 38 33 28 26 26 18 18 18 13 13 13  7  7  7  1  1  1  3
29 31 41 41 47 57 57 60 62 62 62 63 63 58 50 43 40 39 39 28 22 22 22 13 13 13  7  7  7  7
39 39 39 47 47 48 51 51 51 49 49 49 44 44 40 33 33 29 21 21 20 14 14  9  7  7  5  4  4  4
45 50 70 70 70 70 70 60 53 50 47 43 33 29 21 21 19 11 11 11  7  7  7 -2 -2 -2  3  2  2 -2
31 32 51 51 51 60 60 60 61 61 61 59 59 51 44 39 32 26 26 24 15 15 15  5  5  5  1  1  1  1
34 34 50 50 50 58 58 56 54 54 47 38 38 38 27 27 16 16 16 14 11 11 11  2  2  2  2  2  2 -2
45 45 47 62 62 65 54 54 54 47 47 43 39 36 31 25 25 24 17 17 16  5  5  5  2  2  2  3  3  3
30 30 47 47 47 60 60 60 72 72 72 73 73 73 60 60 43 38 32 30 24 20 17 11 11 10  2  2  2 -1
24 26 33 33 34 42 42 41 37 37 37 31 31 31 28 28 22 22 22 16 11 11 10  5  5  5  6  6  3 -2
29 42 42 44 45 45 45 45 45 45 46 46 46 37 37 26 25 21 13 10 10  5  4  4  4  2  2  2  0  0
29 32 42 42 42 49 49 49 47 47 45 43 43 40 39 34 30 27 27 20 20 20 15  7  7  7  0 -1 -1  1
27 45 45 46 56 56 58 65 65 65 66 66 66 56 56 50 44 39 36 28 27 26 13 13 13 10 10  7  5  5
28 30 43 43 43 44 44 44 39 39 39 33 33 30 25 25 23 19 19 16 15 15 12  6  6  6  4  4  4  5
44 44 44 55 55 55 62 62 54 50 46 37 30 28 20 13 13 13  4  4  4  4  4  4 -1 -1 -1 -1 -1 -1
30 33 36 35 35 43 43 45 45 45 45 50 50 37 30 30 27 22 22 12  8  8 -2 -2 -2  2  0  0  0 -1
32 33 50 51 53 76 76 76 78 78 78 68 68 58 49 45 39 26 26 19 14 14 10  5  5  5  5  5  5  1
23 32 45 45 45 67 67 67 77 77 68 64 64 54 43 43 36 28 28 20 15 15  9  6  6  6  2  2  2  6
26 26 38 38 40 46 46 46 58 58 59 76 76 76 87 87 87 92 92 92 77 73 60 54 54 37 32 32 20  8
35 35 37 40 40 40 49 49 49 55 55 55 52 52 41 37 37 26 23 23 17  9  9  2  2  2  3  3  3  5
34 34 46 46 45 42 42 42 42 42 38 30 30 25 22 22 18  8  8  6  5  5  5  1  1  1  3  3  3  0
31 31 40 40 45 53 53 62 69 69 65 57 57 44 44 44 36 20 20 20  8  8  6  5  5  4  3  3  3  4
41 51 59 59 67 71 71 72 87 87 75 62 62 45 32 32 24 12 12  8  2  2  2  2  2  2  3  3  3  3
30 35 58 58 64 76 76 76 70 70 65 48 48 39 23 23 18 12 12  7  1  1  1  1  1  1 -2 -2 -2 -1
26 26 38 38 38 46 46 46 57 57 57 60 60 60 62 62 55 42 42 42 28 28 25 12 12 12  2  2  2  5
18 18 28 28 28 33 33 33 39 39 39 44 44 44 40 40 40 34 34 34 25 25 25 17 17 17  8  8  8  3
32 36 43 43 43 50 50 50 54 54 54 53 53 53 52 52 51 36 36 36 21 21 21 16 16 16 11 11  9  5
23 23 42 42 43 56 56 56 67 67 67 66 66 66 53 53 49 37 37 34 27 27 25 10 10 10  0  0  0 -1
21 21 29 29 29 36 36 36 42 42 42 50 50 50 52 52 52 56 56 52 42 42 40 30 30 27 18 18 18 10
23 23 37 37 37 49 49 49 64 64 64 75 75 73 58 58 55 40 40 40 31 31 30 20 20 20 13 13 13  9
37 37 43 43 43 49 49 49 54 54 54 56 56 56 50 50 50 38 38 38 37 36 36 24 24 24 14 14 14  9
43 43 54 54 54 63 63 63 64 64 54 46 46 38 32 32 32 14 14 14  5  5  5  2  2  2 -2 -2 -2 -2
22 22 42 42 42 62 62 62 70 70 70 79 79 77 53 53 51 36 36 35 18 18 18  4  4  4 -2 -2 -2 -5
27 27 51 51 51 61 61 61 79 79 79 82 82 82 68 68 68 45 45 42 30 30 30 16 16 16  4  4  4 -2
26 26 38 38 38 42 42 42 35 35 35 22 22 22 13 13 13  4  4  4 -3 -3 -3 -8 -8 -8 -3 -3 -3 -9
26 26 45 45 45 50 50 50 58 58 58 41 41 41 21 21 21  9  9  9  0  0  0 -5 -5 -5 -5 -5 -5 -5
21 21 23 23 23 28 28 28 29 29 29 22 22 22 16 16 16  5  5  5  0  0  0  1  1  1 -4 -4 -4 -2
27 27 36 36 36 36 36 36 40 40 40 30 30 30 13 13 13  5  5  5  3  3  3  0  0  0 -2 -2 -2 -1
36 36 46 46 46 52 52 52 55 55 55 52 52 52 40 40 40 22 22 22 11 11 11  6  6  6  1  1  1 -3
28 28 43 43 43 45 45 45 44 44 44 35 35 35 24 24 24 15 15 15  5  5  5  0  0  0 -1 -1 -1 -3
27 27 28 28 28 26 26 26 18 18 18 13 13 13 11 11 11  7  7  7 -1 -1 -1 -2 -2 -2  0  0  0 -2
29 29 30 30 30 39 39 39 38 38 38 32 32 32 26 26 26 20 20 20  7  7  7  6  6  6  4  4  4  0
27 27 29 29 29 35 35 35 33 33 33 31 31 31 18 18 18 31 31 27  8  8  8  9  9  9  6  6  6 -3
21 21 31 31 31 35 35 35 32 32 32 24 24 24 19 19 19 17 17 17  9  9  9  7  7  7  1  1  1  6
28 28 31 31 31 32 32 32 28 28 28 28 28 28 21 21 21 15 15 15  6  6  6  3  3  3  0  0  0 -1
26 26 33 33 33 35 35 35 35 35 35 27 27 27 19 19 19 19 19 19  8  8  8  4  4  4  4  4  4  1
22 22 33 33 33 35 35 35 38 38 38 34 34 34 28 28 28 15 15 15  8  8  8  7  7  7  3  3  3  4
32 32 33 33 33 34 34 34 31 31 31 30 30 30 26 26 26 20 20 20 10 10 10  7  7  7  5  5  5  2
30 30 38 38 38 50 50 50 58 58 58 51 51 51 42 42 42 28 28 28 21 21 21 14 14 14  7  7  7 -1
35 35 42 42 42 44 44 44 52 52 52 51 51 51 38 38 38 32 32 32 17 17 17  9  9  9  3  3  3 10
18 18 33 33 33 51 51 51 52 52 52 63 63 63 50 50 50 36 36 36 22 22 22 13 13 13  5  5  5  1
40 40 62 62 62 72 72 72 74 74 74 72 72 72 58 58 58 41 41 41 26 26 26 14 14 14  4  4  4  5
31 31 32 32 32 39 39 39 41 41 41 40 40 40 28 28 28 19 19 19 10 10 10  0  0  0  6  6  6  3
27 27 32 32 32 31 31 31 33 33 33 25 25 25 22 22 22 10 10 10 -7 -7 -7  3  3  3  3  3  3 -1
24  24  23  23  23  27  27  27  23  23  23  14  14  14   7   7   7   4   4   3   2   2   2 -12 -12 -12  -4  -4  -4   0
21 21 25 25 25 22 22 22 21 21 21 13 13 13 10 10 10  7  7  7  4  4  4  8  8  8 -1 -1 -1  4
24 24 29 29 29 29 29 29 26 26 26 23 23 23 13 12 12 10 10 10  6  6  6  3  3  3  2  2  2  3
13 13 20 20 20 19 19 19 17 17 17 15 15 15 10 10 10  7  7  7  4  4  4  2  2  2  2  2  2  0
31 31 35 35 35 37 37 37 41 41 41 40 40 40 37 37 37 35 35 35 24 24 24 10 10 10  2  2  2  4
20 20 22 22 22 22 22 22 17 17 17 13 13 13 10 10 10  8  8  8  1  1  1  6  6  6 -1 -1 -1  2
25 25 24 24 24 26 26 26 30 30 30 21 21 21 14 14 14 11 11 11  5  5  5  5  5  5 -2 -2 -2 -1
20 20 16 16 16 21 21 21 13 13 13 11 11 11 12 12 12 11 11 11  5  5  5  1  1  1  0  0  0  8
25 25 28 28 28 23 23 23 13 13 13 10 10 10  8  8  8  1  1  1  2  2  2  1  1  1 -2 -2 -2 -1
25 25 30 30 30 31 31 31 31 31 31 24 24 24 17 17 17 14 14 14  7  7  7  8  8  8  7  7  7  7
21 21 21 21 21 25 25 25 24 24 24 17 17 17 12 12 12 11 11 11 11 11 11  6  6  6  3  3  3  4
17 17 20 20 20 13 13 13 10 10 10  5  5  5  8  8  8 -2 -2 -2  1  1  1  0  0  0  2  2  2  1
25 25 38 38 38 43 43 43 42 42 42 33 33 33 20 20 20 13 13 13  8  8  8  6  6  6  1  1  1  1
31 31 36 36 36 34 34 34 28 28 28 27 27 27 21 21 21 13 13 13  9  9  9  2  2  2  0  0  0 -1
18 18 23 23 23 21 21 21 27 27 27 18 18 18 16 16 16  7  7  7  6  6  6  2  2  2  3  3  3  4
28 28 32 32 32 31 31 31 27 27 27 23 23 23 16 16 16 10 10 10 10 10 10  4  4  4  3  3  3  0
26 26 38 38 38 38 38 38 38 38 38 30 30 30 18 18 18 10 10 10  6  6  6  2  2  2 -1 -1 -1  6
24 24 38 38 38 37 37 37 33 33 33 31 31 31 25 25 25 17 17 17 16 16 16  6  6  6  4  4  4  3
20 20 32 32 32 40 40 40 37 37 37 32 32 32 32 32 32 21 21 21 13 13 13  8  8  8  2  2  2 23
23 23 25 25 25 28 28 28 24 24 24 20 20 20  9  9  9  7  7  7  3  3  3  2  2  2  0  0  0  2
31 31 36 36 36 36 36 36 34 34 34 27 27 27 17 17 17  6  6  6 10 10 10  7  7  7  6  6  6  7
26 26 35 35 35 34 34 34 32 32 32 29 29 29 24 24 24 17 17 17  9  9  9  4  4  4  7  7  7  4
23 23 32 32 32 31 31 31 34 34 34 29 29 29 19 19 19 14 14 14 10 10 10  3  3  3  3  3  3  3
19 19 22 22 22 20 20 20 21 21 21 18 18 18 15 15 15 14 14 14  7  7  7  4  4  4  4  4  4 -1
22 22 30 30 30 30 30 30 30 30 30 27 27 27 20 20 20 18 18 18  9  9  9  6  6  6  0  0  0  5
22 22 25 25 25 30 30 30 30 30 30 22 22 22 15 15 15 11 11 11  5  5  5  5  5  5  3  3  3  0
21 21 22 22 22 27 27 27 17 17 17 14 14 14 10 10 10  7  7  7  4  4  4  3  3  3  3  3  3  0
20 20 29 29 29 29 29 29 20 20 20 17 17 17 13 13 13 10 10 10  4  4  4  4  4  4  4  4  4  0
17 17 20 20 20 21 21 21 17 17 17  9  9  9  7  7  7  3  3  3  2  2  2  4  4  4 -3 -3 -3  1
17 17 15 15 15 16 16 16 15 15 15  9  9  9  3  3  3  4  4  4  4  4  4  7  7  7  0  0  0  5
22 22 27 27 27 27 27 27 20 20 20 19 19 19 12 12 12  7  7  7  7  7  7  5  5  5  6  6  6  0
27 27 32 32 32 28 28 28 17 17 17  7  7  7  1  1  1 -1  0  0  0  0  0  4  4  4  3  3  3  1
19 19 14 14 14  8  8  8  6  6  6  1  1  1  5  5  5  3  3  3  5  5  5  2  2  2  4  4  4  1
22 22 25 25 25 19 19 19 18 18 18 14 14 14  8  8  8  4  4  4  0  0  0  0  0  0  2  2  2 -1
25 25 23 23 23 18 18 18 12 12 12  8  8  8  6  6  6  3  3  3  2  2  2  1  1  1  3  3  3  0
16 16 30 30 30 21 21 21 23 23 23 21 21 21 16 16 16 14 14 14  7  7  7  2  2  2 -1 -1 -1 -1
16 16 25 25 25 21 21 21 22 22 22 22 22 22 18 18 18 15 15 15 10 10 10  2  2  2  2  2  2  4
26 26 26 26 26 27 27 27 26 26 26 22 22 22 15 15 15 12 12 12  7  7  7  4  4  4  5  5  5  2
29 29 28 28 28 30 30 30 24 24 24 16 16 16 15 15 15 10 10 10  9  9  9 -1 -1 -1  2  2  2 -1
27 27 22 22 22 23 23 23 21 21 21 17 17 17  7  7  7  6  6  6  4  4  4  3  3  3  5  5  5  1
24 24 28 28 28 26 26 26 26 26 26 28 28 28 20 20 20 15 15 15  9  9  9  9  9  9  4  4  4  2
29 29 26 26 26 32 32 32 31 31 31 28 28 28 29 29 29 17 17 17 13 13 13  5  5  5  4  4  4  3
23 23 26 26 26 26 26 26 28 28 28 26 26 26 16 16 16 18 18 18 15 15 15 10 10 10  6  6  6  2
37 54 56 72 80 80 42 41 36 14 14 14  1  1  1  6  6  6 -2 -2 -2  0  0  0 -1 -1 -1  3  3  3
24 42 42 42 51 50 50 25 25 25 11 11 11  3  3  3  4  4  4  0  0  0  0  0  0  1  1  0  0  0
33 33 51 53 53 64 65 65 48 46 46 24 20 20 10 10 10  9  9  9  6  6  6  1  1  1  0  0  0  3
33 33 46 46 46 47 47 47 39 39 39 22 22 22 11 11 11  3  3  3  0  0  0  3  3  3  0  0  0  5
30 30 42 44 44 51 51 51 41 41 41 24 24 24 14 14 14  5  5  5  3  3  3  2  2  2  3  3  3  0
31 31 40 40 40 42 42 42 41 41 41 30 30 30 18 18 18  5  5  5  4  4  4  0  0  0  1  1  1  1
37 37 54 60 60 66 66 66 51 51 51 32 32 32 20 20 20 11 11 11  5  5  5  4  4  4  3  3  2  1
37 37 44 44 44 50 50 50 41 41 41 33 30 30 13 13 13  1  1  1 -1 -1 -1  2  2  2  4  4  4  1
32 45 52 52 70 73 73 73 70 70 47 38 38 19 19 19  4  4  4  4  4  4  4  4  4 -1 -1 -1 -1 -1
34 34 51 51 51 48 48 48 33 33 33 22 22 22 15 15 15 10 10 10  9  9  9  3  3  3  5  5  5  2
40 40 47 47 47 43 43 43 31 31 31 22 22 22 12 12 12  6  6  6  4  4  4  2  2  2  5  5  5  3
40 40 46 46 46 38 38 38 25 25 25 15 15 14  9  9  9  0  0  0  0  0  0 -1 -1 -1  1  1  1  1
39 39 41 41 41 40 40 40 25 25 25 19 18 18  6  6  6  6  6  6  4  4  4  4  4  4  0  0  0  0
31 31 39 39 39 34 34 34 24 24 24 19 19 19  7  7  7  2  2  2  6  6  6 -1 -1 -1  1  1  1  2
26 31 31 31 32 32 32 20 20 20 12 12 12  7  7  7  5  5  5  2  2  2  7  7  7  1  1  1  5  5
34 34 39 39 39 28 28 28 17 17 17 13 13 13 10 10 10  5  5  5  5  5  5  2  2  2  2  2  2  3
33 33 39 39 39 41 41 41 25 25 25 14 14 14  8  8  8  2  2  2  1  1  1  3  3  3  3  3  3  0
28 28 26 26 26 20 20 20 11 11 11  2  2  2  3  3  3  1  1  1  5  5  5  3  3  3  1  1  1  3
35 35 42 42 42 37 37 37 25 25 25 17 17 17 14 14 14  9  9  9  4  4  4  2  2  2  2  2  2  3
33 33 48 50 50 51 51 51 47 47 47 33 33 33 27 27 27 18 18 18 10 10 10  3  3  3  4  4  4  3
31 31 31 31 31 31 31 31 34 34 34 24 24 24 18 18 18  8  8  8 11 11 11  3  3  3  3  3  3  7
43 43 53 53 53 52 52 52 45 45 45 32 32 32 25 24 24 19 19 19 10 10 10  7  7  7  7  7  7  3
34 34 45 45 45 31 31 31 15 15 15 10 10  9  3  3  3  4  4  4 -2 -2 -2 -5 -5 -5 -2 -2 -2 -5
38 38 52 52 52 37 37 37 26 23 23  8  8  8  7  7  7  1  1  1  0  0  0  0  0  0  0  0  0  3
27 27 40 44 44 39 39 39 31 30 30 17 16 16  4  4  4 -1 -1 -1 -1 -1 -1  3  3  3 -4 -4 -4  5
27 27 37 37 37 35 35 35 21 20 20  7  7  7  3  3  3  4  4  4 -1 -1 -1  6  6  6  5  5  5  5
34 34 34 34 34 25 25 25 17 17 17  7  7  7  7  7  7  3  3  3  0  0  0  4  4  4  3  3  3 -4
29 29 49 51 51 47 47 47 36 36 36 19 19 19  7  7  7  3  3  3  2  2  2  4  4  4  1  1  1  5
27 38 38 38 35 35 35 25 23 23 13 13 13  4  4  4  2  2  2  4  4  4  2  2  2  0  0  0 -5 -5
36 36 33 33 33 26 26 26 15 15 15  7  7  7  2  2  2  0  0  0 -2 -1 -1  6  6  6  2  2  2  1
30 30 36 36 36 27 27 27 22 21 21  8  8  8 11 11 11  4  4  4  9  9  9  5  5  5  4  4  4 -1
37 37 42 42 42 29 29 29 18 18 18  8  8  8  8  8  8  1  1  1  4  4  4  4  4  4  5  5  5  2
25 37 37 37 42 42 42 35 35 35 24 24 24 16 16 16  6  6  6 10 10 10  9  9  9  2  2  2  0  0
28 28 40 40 40 40 40 40 36 36 36 20 20 20 14 14 14 11 11 11  3  3  3  8  8  8  3  3  3  7
31 31 33 33 33 23 23 23 17 17 17 13 13 13  5  5  5  5  5  5  7  7  7  5  5  5  4  4  4 -4
26 26 32 32 32 24 24 24 23 23 23 13 13 13 12 12 12  8  8  8  4  4  4  5  5  5 -3 -3 -3  4
32 32 44 45 45 46 46 46 37 37 37 22 22 22 13 13 13  9  9  9  0  0  0  1  1  1  2  2  2 -1
28 28 29 29 29 30 30 30 19 19 19 14 14 14  7  7  7  4  4  4  1  1  1  3  3  3  2  2  2  4
38 38 42 42 42 36 36 36 36 36 36 20 20 20 12 12 12 12 12 12 -1 -1 -1 -2 -2 -2  4  4  4  6
31 31 36 36 36 19 19 19 12 12 12 12 12 12 11 11 11 -1 -1  0  8  8  8  3  3  3  7  7  7  2
29 29 34 34 34 37 37 37 23 23 23 20 20 20  9  9  9  6  6  6  5  5  5  4  4  4 10 10 10  3
34 34 30 30 30 21 21 21 10 10 10  4  4  4  2  2  2  3  3  3  5  5  5  3  3  3  4  4  4  2
27 27 28 28 28 25 25 25 14 14 14 10 10 10 -1 -1 -1  3  3  3  6  6  6  4  4  4  1  1  1  1
36 36 38 38 38 31 31 31 20 20 20  7  7  7 -1 -1 -1  2  2  2  3  3  3  0  0  0 -2 -2 -2  0
28 28 34 35 35 33 27 27 19 19 19 15 15 15  8  8  8  4  4  4  6  6  6  0  0  0  1  1  1  3
28 28 34 34 34 33 33 33 29 29 29 17 17 16  5  5  5  4  4  4  1  1  1  4  4  4 -1 -1 -1  5
25 33 33 33 27 27 27 18 18 18  8  8  8 11 11 11  2  2  2  3  3  3  4  4  4  0  0  0  0  0
44 44 55 55 55 46 46 46 25 25 25 13 13 13  9  9  9  7  7  7  2  2  2  3  3  3  5  5  5  1
26 26 21 21 21 23 23 23 18 18 18 11 11 11  8  8  8  3  3  3  3  3  3  4  4  4  1  1  1  0
30 30 29 29 29 21 21 21 15 15 15  6  6  6  9  9  9  3  3  3  2  2  2  7  7  7  4  4  4 -4
34 34 46 46 46 40 40 40 29 29 29 16 16 16  6  6  6  4  4  4  1  1  1  2  2  2  5  5  5  4
20 30 30 30 24 24 24 16 16 16  7  7  7  8  8  8  2  2  2  2  2  2 -1 -1 -1  3  3  3  0  0
25 33 33 33 23 23 23 15 15 15  9  9  9  5  5  5  8  8  8  3  3  3  2  2  2  5  5  5 -1 -1
26 26 26 26 27 27 27 17 17 17 16 16 16  6  6  6  2  2  2  5  5  5  2  2  2  1  1  1  0  0
25 25 22 22 22 22 22 22 21 21 21 14 14 14  4  4  4  4  4  4  0  0  0  2  2  2  6  6  6 -1
22 42 42 42 38 38 38 32 32 32 15 15 15  7  7  7  6  6  6  4  4  4  6  6  6  1  1  1  4  4
35 35 39 39 39 31 31 31 18 18 18  7  7  7  6  6  6  6  6  6  3  3  3  2  2  2 -1 -1 -1 -4
34 34 35 35 35 26 26 26 13 13 13 11 11 11  3  3  3  0  0  0  8  8  8  5  5  5 10 10 10  5
29 29 35 35 35 33 33 33 25 25 25 12 12 12  2  1  1 -1 -1 -1  1  1  1  4  4  4 -1 -1 -1  3
41 41 52 60 60 54 51 51 34 33 33 15 15 15  3  3  3  3  3  3  0  0  0  4  4  4  6  6  6  7
37 37 43 43 43 38 38 38 24 24 24 11 11 11 10 10 10  6  6  6  2  2  2  8  8  8  7  7  7  5
31 31 28 28 28 20 20 20 13 13 13  8  8  8  0  0  0 -2 -2 -2 -2 -2 -2  0  0  0 -2 -2 -2  1
31 31 33 33 33 19 19 19  8  8  8  5  5  5  8  8  8  4  4  4  1  1  1  4  4  4  4  4  4  4
26 36 37 37 35 35 35 28 28 28 17 17 17  6  6  6  5  5  5  3  3  3  9  9  9 -4 -4 -4  8  8
30 30 45 50 50 56 56 56 50 50 50 34 34 34 15 15 15 10 10 10  0  0  0  1  1  1  4  4  4 -2
37 37 39 39 39 31 31 31 24 24 24 15 15 15  3  3  3  8  8  8  9  9  9  6  6  6 -1 -1 -1  6
35 35 36 36 36 30 30 30 20 20 20 13 13 12  8  8  8  5  5  5 -1 -1 -1  2  2  2  5  5  5  0
33 33 42 42 42 49 49 49 35 34 34 19 19 19  7  7  7 11 11 11  4  4  4  6  6  6  1  1  1  0
31 31 38 38 38 33 33 33 25 25 25 19 19 19  7  7  7  8  8  8  9  9  9  6  6  6  3  3  3 -2
42 42 47 47 47 53 48 48 36 36 36 24 24 24 15 15 15  8  8  8  7  7  7 10 10 10  9  9  9  5
34 34 41 41 41 45 45 45 42 42 42 33 33 33 23 23 23  9  9  9  5  5  5 11 11 11  8  8  8  3
31 31 35 35 35 34 34 34 36 36 36 28 28 28 11 11 11  7  7  7  9  9  9  2  2  2  7  7  7  4
30 30 43 43 43 43 43 43 40 40 40 28 28 28 12 12 12  6  6  6  3  3  3 11 11 11  9  9  9  4
35 35 37 37 37 36 36 36 24 24 24 10 10 10  6  6  6  1  1  1 -3 -3 -3 -2 -2 -2  5  5  5  2
36 36 36 36 36 35 35 35 25 25 25 16 16 16  6  6  6 10 10 10  1  1  1  4  4  4  4  4  4  2
38 38 46 46 46 38 38 38 23 23 23 19 19 19 12 12 12  7  7  7  9  9  9  7  7  7  2  2  2  5
29 29 31 31 31 24 24 24 25 25 25 15 15 15  6  6  6  6  6  6  2  2  2  5  5  5  7  7  7  1
29 29 28 28 28 29 29 29 21 21 21 11 11 11  2  2  2  4  4  4  6  6  6  6  6  6  0  0  0  3
29 29 41 41 41 41 41 41 41 41 41 29 29 29 17 17 17  8  8  8  2  2  2  5  5  5  4  4  4  2
33 33 39 39 39 36 36 36 31 31 31 20 20 20 18 18 18  8  8  8  2  2  2  3  3  3  6  6  6  4
30 30 38 38 38 39 39 39 27 27 27 12 12 12  7  7  7  5  5  5  6  6  6  7  7  7  0  0  0  3
35 35 39 39 39 38 38 38 27 27 27 19 19 19 14 14 14  9  9  9  3  3  3  7  7  7  4  4  4  6
28 43 49 49 56 56 56 40 40 40 26 26 26 16 16 16  9  9  9  5  5  5  8  8  8  2  2  2  5  5
29 29 36 36 36 40 40 40 41 39 39 29 29 29 17 17 17  5  5  5  8  8  8  3  3  3  1  1  1  3
30 30 43 43 43 46 46 46 32 32 32 19 19 19  8  8  8  9  9  9  2  2  2  6  6  6  1  1  1  0
31 31 42 42 42 40 40 40 32 32 32 25 25 25 11 11 11 10 10 10  0  0  0  3  3  3  5  5  5  0
35 35 46 46 46 42 42 42 27 27 27 17 17 17  9  9  9 -1 -1 -1  0  0  0  3  3  3  0  0  0  1
38 38 40 40 40 33 33 33 21 21 21 12 12 12 12 12 12  6  6  6  0  0  0 -1 -1 -1  3  3  3  1
35 35 44 46 46 36 36 36 27 27 27 19 18 18 11 11 11  3  3  3  3  3  3  5  5  5 -1 -1  0  1
41 41 53 53 53 50 50 50 37 37 37 27 27 27 12 12 12  9  9  9  1  1  1  1  1  1  1  1  1 -1
22 33 33 33 34 34 34 29 29 29 21 21 21 11 11 11  7  7  7  2  2  2  3  3  3  6  6  6  5  5
40 40 50 50 50 42 42 42 28 28 28 17 17 17  8  8  8  4  4  4  3  3  3  2  2  2  3  3  3  2
37 37 36 36 36 27 27 27 16 16 16 14 14 14  8  8  8  3  3  3  4  4  4  4  4  4  7  7  7 -1
30 30 36 36 36 36 36 36 32 32 32 19 19 19  7  7  7  9  9  9  7  7  7  9  9  9 14 14 14  5
44 44 48 48 48 47 47 47 35 35 35 22 22 22 14 14 14  8  8  8  0  0  0  5  5  5  3  3  3  2
40 40 47 47 47 44 44 44 32 32 32 22 22 22 14 14 14 11 11 11  3  3  3  4  4  4  1  1  1  8
30 30 50 51 51 48 48 48 35 35 35 22 22 22 12 12 12  3  3  3  2  2  2  2  2  2  4  4  4  4
33 33 43 45 45 47 47 47 36 36 36 27 27 27 12 12 12  5  5  5  3  3  3  1  1  1  2  2  2  5
36 36 44 44 44 37 37 37 26 26 26 14 14 14 12 12 12  7  7  7  6  6  6  2  2  2 -2 -2 -2  0
37 37 44 44 44 29 29 29 20 20 20 11 11 11  3  3  3  2  2  2  2  2  2  7  7  7 -2 -2 -2  4
-3 -3 -1 -1 -1  2  2  2  3  3  3  4  4  4  0  0  0  1  1  1 -1 -1 -1  1  1  1 -2 -2 -2  0
0 -2 -2 -2  1  1  1  2  2  2  1  1  1  4  4  4 -1 -1 -1  0  0  0  1  1  1  0  0  0 -1 -1
0  0  0 -3 -3 -3  1  1  1  0  0  0  1  1  1  1  1  1  2  2  2  3  3  3  1  1  1  2  2  2
0 0 3 3 3 2 2 2 3 3 3 4 4 4 0 0 0 4 4 4 4 4 4 1 1 1 4 4 4 0
0  2  2  2  1  1  1  5  5  5  1  1  1  2  2  2  1  1  1  0  0  0  3  3  3  5  5  5 -1 -1
2  2  2  0  0  0  1  1  1  3  3  3  4  4  4  0  0  0  7  7  7 -1 -1 -1  3  3  3  6  6  6
0  0  5  5  5 -2 -2 -1  2  2  2  0  0  0  5  5  5  7  7  7  5  5  5  3  3  3  2  2  2  2
2 2 2 2 4 4 4 0 0 0 3 3 3 1 1 1 3 3 3 2 2 2 4 4 4 1 1 1 0 0
2 2 2 5 5 5 6 6 6 0 0 0 2 2 2 3 3 3 1 1 1 4 4 4 4 4 4 6 6 6
2  2 -1 -1 -1  4  4  4  3  3  3  1  1  1  1  1  1  1  1  1  5  5  5  3  3  3  2  2  2  5
5 2 2 2 6 6 6 4 4 4 2 2 2 2 2 2 0 0 0 1 1 1 2 2 2 1 1 1 4 4
3 3 2 3 3 3 0 0 0 1 1 1 4 4 4 1 1 1 0 0 0 1 1 1 2 2 2 4 4 4
5 5 3 3 3 2 2 2 2 2 2 3 3 3 1 1 1 4 4 4 1 1 1 0 0 0 4 4 4 4
4 -1 -1 -1  4  4  4 -4 -4 -3  2  2  2  2  2  2  2  2  2  4  4  4  0  0  0  5  5  5  4  4
2  2  2  0  0  0  0  0  0  3  3  3 -2 -2 -2  1  1  1  1  1  1  3  3  3  6  6  6  3  3  3
2  2  2  2  2 -1 -1 -1  2  2  2  0  0  0  0  0  0 -1 -1 -1  4  4  4  0  0  0  3  3  3  2
2 2 2 2 2 2 2 3 3 3 0 0 0 1 1 1 0 0 0 4 4 4 1 1 1 4 4 4 1 1
1  1  1  0  0  0  4  4  4  2  2  2  1  1  1  1  0  0  2  2  2 -1 -1 -1  3  3  3  0  0  0
4  4  1  1  1  2  2  2 -2 -2 -2  2  2  2  2  2  2  0  0  0  1  1  1  2  2  2  1  1  1  1
1  3  3  3  0  0  0  1  1  1 -1 -1 -1  0  0  0  3  3  3 -1 -1 -1 -2 -2 -2  0  0  0  3  3
0  0  0  1  1  1  1  1  1  1  1  1  1  1  1  2  2  2  1  1  1 -2 -2 -1  1  1  1  3  3  3
2  2  3  3  3  4  4  4  0  0  0 -1 -1 -1  6  6  6  1  1  1  0  0  0  2  2  2  0  0  0  3
3  3  3  3  6  6  6  3  3  3  3  3  3  0  0  0  0  0  0 -1 -1 -1  1  1  1  4  4  4  2  2
0  0  0 -1 -1 -1  1  1  1  6  6  6  6  6  6  2  2  2  3  3  3  1  1  1  4  4  4  2  2  2
2  2  2  2  2  0  0  0  3  3  3 -1 -1 -1  7  7  7 -1 -1 -1 -2 -2 -2 -2 -2 -2 -1 -1 -1  6
6 -2 -2 -2  1  1  1  1  1  1 -3 -3 -3  1  1  1  3  3  3  5  5  5 -3 -3 -3  2  2  2 -3 -3
-1 -1 -1  2  2  2 -1 -1 -1  1  1  1  1  1  1  0  0  0  3  3  3 -1 -1 -1  2  2  2  2  2  2
2  2  2  2  2 -1  0  0  2  2  2  1  1  1  1  1  1  0  0  0  2  2  2  1  1  1  3  3  3  2
2  0  0  0  2  2  2  0  0  0  5  5  5  3  3  3  3  3  3  1  1  1  1  1  1  1  1  1 -1 -1
2  2  2  0  0  0  0  0  0 -1 -1 -1  1  1  1 -1 -1 -1  1  1  1  3  3  3  3  3  3  2  2  2
4  4  0  0  0 -2 -2 -2  3  3  3 -2 -2 -1  1  1  1  4  4  4  2  2  2  5  5  5  3  3  3  3
3  1  1  1  4  4  4 -1 -1 -1  1  1  1  2  2  2  1  1  1  5  5  5  4  4  4  1  1  1  2  2
4 4 4 2 2 2 4 4 4 5 5 5 4 4 4 0 0 0 4 4 4 2 2 2 3 3 3 2 2 2
0 0 6 6 6 6 6 6 5 5 5 1 1 1 2 2 2 1 1 1 0 0 0 2 2 2 0 0 0 2
2 3 3 3 4 4 4 2 2 2 4 4 4 4 4 4 3 3 3 4 4 4 5 5 5 2 2 2 2 2
3 3 3 0 0 0 2 2 2 3 3 3 6 6 6 3 3 3 2 2 2 4 4 4 3 3 3 4 4 4
5 5 2 2 2 1 1 1 3 3 3 3 3 3 6 6 6 2 2 2 2 2 2 3 2 2 1 1 1 1
1  3  3  3  2  2  2  3  3  3  3  3  3  0  0  0  4  4  4  3  3  3  0  0  0  2  2  2 -3 -3
3  3  3 -1 -1 -1  5  5  5  3  3  3  3  3  3  1  1  1  0  0  0  4  4  4  4  4  4  1  1  1
2  2  2  2  2  1  1  1  0  0  0  0  0  0  4  4  4 -1 -1 -1  2  2  2  2  2  2  1  1  1 -1
0 4 4 4 2 2 2 3 3 3 1 1 1 2 2 2 0 0 0 6 6 6 0 0 0 5 5 5 4 4
3  3  3  6  6  6  3  3  3  1  1  1 -1 -1 -1  4  4  4  5  5  5  4  4  4  4  4  4  3  3  3
2 2 2 2 2 2 2 2 3 3 3 1 1 1 7 7 7 1 1 1 0 0 0 2 2 2 0 0 0 3
3 5 5 5 7 7 7 3 3 3 4 4 4 3 3 3 1 1 1 1 1 1 3 3 3 2 2 2 2 2
5  5  5 -1 -1 -1  1  1  1  0  0  0  5  5  5  0  0  0 -1 -1 -1  2  2  2  4  4  4  2  2  2
4  4  3  3  3  3  3  3 -1 -1 -1 -1 -1 -1  1  1  1  1  1  1 -1 -1 -1  5  5  5 -1 -1 -1 -1
3  3  4  4  4 -1 -1 -1  2  2  2  2  2  2  1  1  1 -1 -1 -1  2  2  2 -1 -1 -1  0  0  0  2
2  6  6  6  0  0  0  4  4  4 -1 -1 -1  3  3  3  2  2  2  2  2  2  1  1  1  3  3  3  0  0
-2 -2  2  2  2  0  0  0  0  0  0 -2 -2 -2  4  4  4  3  3  3  1  1  1  0  0  0 -2 -2 -2 -3
-3  0  0  0  2  2  2  1  1  1 -1 -1 -1  4  4  3  1  1  1  3  3  3  4  4  4 -2 -2 -2  1  1
2  2  2  0  0  0 -3 -3 -3  0  0  0  2  2  2  1  1  1  6  6  6  5  5  5  1  1  1  4  4  4
4  4 -1 -1 -1 -2 -2 -2  3  3  3 -1 -1 -1 -1 -1 -1  3  3  3  2  2  2  0  0  0  0  0  0  1
1 -1 -1 -1  1  1  1 -2 -2 -2  2  2  2  2  2  2  1  1  1  1  1  1 -1 -1 -1  1  1  1  0  0
3  3  3  4  4  4  1  1  1  2  2  2  3  3  3  3  3  3  3  3  3 -1 -1 -1  2  2  2 -2 -2 -2
2  2  2  2  2  0  0  0  3  3  3  2  2  2  3  3  3 -1 -1 -1  2  2  2  5  5  5  4  4  4  0
0 -2 -2 -2  1  1  1 -1 -1 -1  3  3  3  3  3  3  3  3  3  3  3  3  6  6  6  5  5  5  1  1
2  2  2  2  2  2  0  0  0 -1 -1 -1  4  4  4  2  2  2 -2 -2 -2  0  0  0  1  1  1 -2 -2 -2
0  0  2  2  2  1  1  1  3  3  3  0  0  0  0  0  0  1  1  1  0  0  0 -2 -2 -2  2  2  2 -2
-2  3  3  3  2  2  2  1  1  1 -1 -1 -1  2  2  2  1  1  1  0  0  0  2  2  2 -2 -2 -2  2  2
-1 -1 -1  2  2  2 -1  0  0  3  3  3  1  1  1 -1 -1 -1  2  2  2  1  1  1  2  2  2  1  1  1
2  2  4  4  4  0  0  0  4  4  4  1  1  1  2  2  2 -2 -2 -2 -1 -1 -1  1  1  1  4  4  4 -1
-1 -1 -1 -1  5  5  5  2  2  2  4  4  4 -2 -2 -2  1  1  1 -1 -1 -1  7  7  7 -2 -2 -2  0  0
4  4  4  4  4  1  1  1  0  0  0  2  2  1  0  0  0 -1 -1 -1  1  1  1  2  2  2 -1 -1 -1 -1
-1  0  0  0  0  0  0 -2 -2 -2 -1 -1 -1  2  2  2  0  0  0 -2 -2 -2  2  2  2  0  0  0  1  1
0  0  0  4  4  4  1  1  1  0  0  0  2  2  2  4  4  4  0  0  0 -3 -3 -3  1  1  1 -1 -1 -1
3  3 -1 -1 -1  1  1  1  1  1  1 -3 -3 -3 -1 -1 -1  2  2  2  3  3  3  3  3  3  1  1  1  2
2  0  0  0  1  1  1  3  3  3  0  0  0 -3 -3 -3  1  1  1  0  0  0 -2 -2 -2  3  3  3 -1 -1
2  2  2  1  1  1  2  2  2  3  3  3  0  0  0 -1 -1 -1  2  2  2  2  2  2  1  1  1  0  0  0
0  0  0  0  0  3  3  3  1  1  1  0  0  0  4  4  4  2  2  2 -4 -4 -4  2  2  2  1  0  0 -1
2  2  0  0  0 -1 -1 -1 -1 -1 -1 -3 -3 -3 -1 -1 -1  0  0  0  0  0  0 -4 -4 -4 -1 -1 -1  1
1  2  2  2 -1 -1 -1  0  0  0 -2 -2 -2  2  2  2  3  3  3  2  2  2 -2 -2 -2 -1 -1 -1  0  0
2  2  2 -1 -1 -1 -4 -4 -4 -4 -4 -4  0  0  0  0  0  0 -2 -2 -2  1  1  1  1  1  1  1  1  1
-1  0  2  2  2 -1 -1 -1  1  1  1  1  1  1 -1 -1 -1 -1 -1 -1  0  0  0  0  0  0 -1 -1 -1  1
1 -2 -2 -2 -2 -2 -2 -1 -1 -1  0  0  0  4  4  4  1  1  1  1  1  1  1  1  1  0  0  0  2  2
-1 -1 -1 -1 -1 -1  0  0  0  2  2  2 -1 -1 -1 -2 -2 -2  0  0  0 -1 -1 -1 -3 -3 -3 -4 -4 -4
4  4  2  2  2  0  0  0  0  0  0 -3 -3 -3  0  0  0 -1 -1 -1  0  0  0 -3 -3 -3  0  0  0  0
0 -1 -1 -1  0  0  0 -1 -1 -1 -1 -1 -1  0  0  0 -3 -3 -3 -3 -3 -3  1  1  1 -3 -3 -2  0  0
2  2  2  2  2  2 -1 -1 -1  0  0  0 -2 -2 -2  3  3  3 -2 -2 -2  1  1  1  2  2  2  1  1  1
1  1  1  1  1 -1 -1 -1  1  1  1 -1 -1 -1  3  3  3 -3 -3 -3 -1 -1 -1  4  4  4  1  1  1 -1
-1 -2 -2 -2  1  1  1 -1 -1 -1 -1 -1 -1 -2 -2 -2  3  3  3 -1 -1 -1 -1 -1 -1  3  3  3 -3 -3
3  3  3  2  2  2  0  0  0 -1 -1 -1 -3 -3 -3  2  2  2 -2 -2 -2 -1 -1 -1 -1 -1 -1  0  0  0
-3 -3 -1 -1 -1  0  0  0  1  1  1  3  3  3  5  5  5 -3 -3 -3  3  3  2 -3 -3 -3 -4 -4 -4 -1
-1 -2 -2 -2 -3 -3 -3  2  2  2 -2 -2 -2 -1 -1 -1  1  1  1 -3 -3 -3 -3 -3 -3  0  0  0  0  0
0  0  2  2  2  2  2  2 -3 -2 -2  1  1  1  0  0  0 -1 -1 -1 -1 -1 -1  1  1  1  2  2  2  3
3  2  2  2  1  1  1  2  2  2 -3 -3 -3 -1 -1 -1  0  0  0 -7 -7 -7 -2 -2 -2  0  0  0 -2 -2
1 1 1 3 3 3 1 1 1 2 2 2 0 0 0 1 1 1 0 0 0 2 2 2 1 1 1 5 5 5
0  0 -2 -2 -2  1  1  1 -1 -1 -1  3  3  3  1  1  1  0  0  0  2  2  2  1  1  1  3  3  3  3
3 -1 -1 -1  1  1  1  2  2  2  0  0  0  1  1  1  5  5  5 -2 -2 -2 -2 -2 -2  1  1  1  1  1
2  2  2 -2 -1 -1  5  5  5  4  4  4  5  5  5  2  2  2  1  1  1  1  1  1  3  3  3  1  1  1
2  2  2  2  2 -1 -1 -1  0  0  0  1  1  1  2  2  2  1  1  1 -1 -1 -1  0  0  0  0  0  0  0
0  4  4  4  1  1  1  5  5  5  2  2  2  3  3  3 -1 -1 -1  2  2  2  3  3  3  4  4  4  3  3
-1 -1 -1 -2 -2 -2  5  5  5  1  1  1 -2 -2 -2  3  3  3  4  4  4  1  1  1  0  0  0  1  1  1
6  6  2  2  2  3  3  3  1  1  1 -1 -1 -1  4  4  4  0  0  0  2  2  2  1  1  1  3  3  3  2
2  0  0  0 -1 -1 -1  0  0  0  1  1  1  3  3  3  6  6  6  2  2  2  4  4  4  1  1  1  2  2
1 1 1 2 2 2 1 1 1 0 0 0 4 4 4 2 2 2 3 3 3 2 2 2 2 2 2 0 0 0
2 2 3 3 3 0 0 0 2 2 2 0 0 0 3 3 3 2 2 2 3 3 3 2 2 2 2 2 2 2
2  1  1  1  2  2  2  2  2  2  3  3  3  3  3  3 -2 -2 -2  1  1  1  0  0  0  2  2  2  2  2
1  1  1  2  2  2  0  0  0  0  0  0  4  4  4  2  2  2  2  2  2  1  1  1 -3 -2 -2  2  2  2
0  0  2  2  2  4  4  4  4  4  4 -1 -1 -1  1  1  1  0  0  0 -2 -2 -2 -1 -1 -1  3  3  3  4
4  3  3  3  0  0  0  4  4  4  5  5  5  2  2  2  3  3  3  2  2  2  2  2  2 -2 -2 -2  0  0
5  5  1  1  1  1  1  1  1  1  1  3  3  3  1  1  1  1  1  1  3  3  3  1  1  1 -1 -1 -1  3
3  2  2  2 -2 -2 -2 -1 -1 -1 -1 -1 -1 -1 -1 -1  0  0  0 -1 -1 -1  3  3  3  6  6  6 -2 -2
-1 -1 -1  3  3  3 -2 -2 -2  2  2  2  2  2  2  0  0  0  1  1  1 -1 -1 -1  3  3  3  1  1  1
1  1  1  1  1  3  3  3  2  2  2  3  3  3  1  1  1 -1 -1 -1 -4 -4 -3  3  3  3  2  2  2 -2
-2  1  1  1  1  1  1 -1 -1 -1 -3 -3 -3  6  6  6 -1 -1 -1  1  1  1  1  1  1  2  2  2 -1 -1
3  3  3  4  4  4  6  6  6  0  0  0  5  5  5 -2 -2 -2  5  5  5  0  0  0  3  3  3  4  4  4
4  4  6  6  6  3  3  3  0  0  0  6  6  6  2  2  2  0  0  0  2  2  2 -1 -1 -1  1  1  1  1
1  3  3  3  2  2  2  2  2  2  1  1  1  6  6  6  1  1  1  5  5  5  3  3  3  1  1  1 -1 -1
3  3  3  6  6  6  4  4  4  1  1  1  5  5  5 -1 -1  0  2  2  2  2  2  2 -2 -2 -2  1  1  1
3 3 4 4 4 0 0 0 2 2 2 6 6 6 2 2 2 2 2 2 3 3 3 5 5 5 2 2 2 3
3 4 4 4 5 4 4 0 0 0 1 1 1 5 5 5 0 0 0 2 2 2 5 5 5 4 4 4 2 2
4  4  4 -2 -2 -2  2  2  2  6  6  6  4  4  4  1  1  1  7  7  7  2  2  2  1  1  1 -1 -1 -1
4  4 -1 -1 -1 -1 -1 -1  2  2  2  1  1  1  0  0  0 -1 -1 -1  2  2  2 -1 -1 -1  3  3  3  6
6  1  1  1  0  0  0  8  8  8  4  4  4  2  2  2 -2 -2 -2  3  3  3  4  4  4  3  3  3  4  4
0  0  0  1  1  1 -1 -1 -1  3  3  3  0  0  0  1  1  1  0  0  0  1  1  1  4  4  4  7  7  7
2  2 -1 -1 -1  2  2  2  1  1  1  0  0  0  3  3  3  2  2  2 -1 -1 -1  0  0  0  1  1  1  2
2  0  0  0 -1 -1 -1  4  4  4  0  0  0  4  4  4  0  0  0  4  4  4  4  4  4 -1 -1 -1  3  3
2  2  2 -1 -1 -1  6  6  6 -1 -1 -1 -1 -1 -1 -2 -2 -2 -2 -2 -2  5  5  5  3  3  3 -1 -1 -1
-2 -2  0  0  0  6  6  6 -3 -3 -3 -2 -2 -2  2  2  2  1  1  1 -2 -2 -2 -4 -4 -4  2  2  2 -2
-2 -3 -3 -3  5  5  5  0  0  0 -3 -3 -3  5  5  5 -1 -1 -1 -1 -1 -1 -1  0  0  2  2  2 -1 -1
-1 -1 -1  6  6  6  1  1  1  2  2  2  7  7  7  0  0  0  3  3  3  1  1  1  1  1  1  1  1  1
1  1  0  0  0  2  2  2 -1 -1 -1  0  0  0  2  2  2  8  8  8  2  2  2  3  3  3  1  1  1  1
1 3 3 3 3 3 3 2 2 2 1 1 1 4 4 4 2 2 2 7 7 7 4 4 4 2 2 2 2 2
0  0  0 -1 -1 -1  2  2  2  2  2  2 -1 -1 -1  3  3  3  0  0  0  2  2  2  4  4  4  3  3  3
1  1  0  0  0  3  3  3  0  0  0  3  3  3  2  2  2 -1  0  0  3  3  3  0  0  0  1  1  1  4
4 4 4 4 4 4 4 0 0 0 3 3 3 1 1 1 4 4 4 5 5 5 1 1 1 2 2 2 5 5
3 3 3 2 2 2 2 2 2 4 4 4 2 2 2 2 2 2 1 1 1 4 4 4 4 4 4 0 0 0
3 3 4 4 4 5 5 5 2 2 2 5 5 5 4 4 4 3 3 3 1 1 1 0 0 0 1 1 1 6
6 4 4 4 7 7 7 0 0 0 6 6 6 1 1 1 1 1 1 4 4 4 1 1 1 1 1 1 0 0
-1 -1 -1  1  1  1  3  3  3  5  5  5  6  5  5  1  1  1  3  3  3  0  0  0  6  6  6  6  6  6
2  2  2  2  2  1  1  1  3  3  3  3  3  3  1  1  1  2  2  2  0  0  0 -1 -1 -1  0  0  0  1
1 10 10 10  3  3  3  5  5  5 -2 -2 -2 -1 -1 -1  1  1  1  0  0  0  4  4  4  2  2  2  1  1
-5 -5 -5  6  6  6  0  0  0  4  4  4  0  0  0  1  1  1  4  4  4  6  6  6  3  3  3 -2 -2 -2
3  3  1  1  1  8  8  8  7  7  7  2  2  2 -3 -3 -3 -1 -1 -1  0  0  0  5  5  5  1  1  1  2
2  2  2  2  5  5  5  7  7  7  2  2  2  2  2  2  0  0  0 -1 -1 -1  3  3  3  6  6  6  1  1
5  5  5 -2 -2 -2  3  3  3  1  1  1  2  2  2  0  0  0  4  4  4  6  6  6  1  1  1  1  1  1
2  2 -4 -4 -4 -4 -4 -4  6  6  6  1  1  1  3  3  3  5  5  5  5  5  5 -3 -3 -3 -2 -2 -2  2
2 -2 -2 -2  1  1  1  0  0  0  2  2  2  1  1  1 -3 -3 -3  2  2  2  1  1  1 -2 -2 -2  1  1
-1 -1 -1  2  2  2  4  4  4  0  0  0 -1 -1 -1  3  3  3 -2 -2 -2  3  3  3  0  0  0 -2 -2 -2
1  1  5  5  5 -2 -2 -2  4  4  4  4  4  4  1  1  1  2  2  2  3  3  3  5  5  5  3  3  3 -2
-2  4  4  4  6  6  6  5  5  5  2  2  2  3  3  3  1  1  1  0  0  0  4  4  4  1  1  1  0  0
7  7  7 -1 -1 -1  7  7  7  2  2  2  3  3  3 -2 -2 -2 -1 -1 -1 -2 -2 -2  3  3  3  3  3  3
7  7  3  3  3 -1 -1 -1 -4 -4 -3  1  1  1  5  5  5  1  1  1  2  2  2  2  2  2 -2 -2 -2  5
5  4  4  4  2  2  2  3  3  3  1  1  1  0  0  0  0  0  0 -1 -1 -1  1  1  1  5  5  5  0  0
5  5  5  4  4  4 -1 -1 -1  2  2  2  1  1  1 -1 -1 -1  2  2  2 -1 -1 -1  6  6  6  1  1  1
4  4  4  4  4 -2 -2 -2  2  2  2  3  3  3  1  1  1  4  4  4  7  7  7  4  4  4  4  4  4  2
2  1  1  1 -1 -1 -1  0  0  0  0  0  0  2  2  2  1  1  1  1  1  1 -1 -1 -1  5  5  5  1  1
1  1  1  4  4  4  0  0  0  3  3  3  4  4  4  7  7  7 -1 -1 -1  3  3  3  6  6  6 -3 -3 -3
3  3  2  2  2  5  5  5  4  4  4  3  3  3 -1 -1 -1  1  1  1  2  2  2  1  0  0  2  2  2  7
7  0  0  0  2  2  2  0  0  0  3  3  3  0  0  0  3  3  3 -2 -2 -2 -1 -1 -1  2  2  2 -2 -2
1  1  1  3  3  3  0  0  0  0  0  0 -5 -5 -5  6  6  6  4  4  4  1  1  1 -1 -1 -1  7  7  7
3 3 4 4 4 4 4 4 2 2 2 3 3 3 0 0 0 5 5 5 0 0 0 5 5 5 2 2 2 0
0  6  6  6  6  6  6  3  3  3 -1 -1 -1  5  5  5  6  6  6  4  4  4  1  1  1 -2 -2 -2 -1 -1
3 3 3 2 2 2 5 5 5 8 8 8 1 1 1 1 1 1 3 3 3 0 0 0 1 1 1 0 0 0
-3 -3  1  1  1  0  0  0  5  5  5  4  4  4 -2 -2 -2  0  0  0  7  7  7  2  2  2  2  2  2  6
6  3  3  3  4  4  4  0  0  0  7  7  7  0  0  0  2  2  2  2  2  2  3  3  3 -2 -2 -2  0  0
3  3  3  1  1  1  0  0  0  0  0  0 -2 -2 -2  0  0  0  0  0  0  5  5  5  2  2  2  0  0  0
-1 -1  3  3  3 -2 -2 -2  0  0  0  2  2  2  0  0  0  0  0  0  0  0  0  2  2  2  1  1  1 -2
-2  1  1  1  1  1  1 -3 -3 -3 -2 -2 -2 -2 -1 -1  2  2  2  4  4  4 -1 -1 -1  4  4  4  5  5
2  2  2  7  7  7  9  9  9  6  6  6 -1 -1 -1  0  0  0 -3 -3 -3  0  0  0 -2 -2 -2  3  3  3
3  3  4  4  4  6  6  6  7  7  7  5  5  5  3  3  3  1  1  1  2  2  2 -1 -1 -1  2  2  2  9
9  3  3  3  3  3  3  3  3  3  7  7  7  4  4  4  0  0  0  5  5  4  2  2  2 -1 -1 -1  0  0
1  1  1  1  1  1 -2 -2 -2  0  0  0 -2 -2 -2 -1 -1 -1  3  3  3  5  5  5  2  2  2  3  3  3
-2 -2  7  7  7 -2 -2 -2  2  2  2  0  0  0  4  4  4  3  3  3  5  5  5  5  5  5  2  2  2  1
1  1  1  1  4  4  4  0  0  0  4  4  4  2  2  2  0  0  0  5  5  5 -4 -4 -4  2  2  2  2  2
1  1  1  0  0  0 -1 -1 -1  7  7  7  1  1  1  2  2  2  2  2  2  4  4  4  3  3  3  0  0  0
-2 -2  5  5  5  1  1  1 -2 -2 -2 -1 -1 -1  0  0  0  3  3  3  0  0  0  1  1  1 -1 -1 -1  4
4 -3 -3 -3  3  3  3  4  4  4  1  1  1  3  3  3  2  2  2  0  0  0  2  2  2  1  1  1  3  3
-2 -2 -2  4  3  3 -3 -3 -3  1  1  1  1  1  1  1  1  1  0  0  0  0  0  0  1  1  1 -1 -1 -1
1  1 -2 -2 -2  3  3  3  4  4  4 -1 -1 -1  2  2  2  2  2  2  5  5  5 -1 -1 -1  0  0  0 -3
-1 -1  3  3  3  2  2  2  3  3  3  1  1  1 -1 -1 -1 -1 -1 -1  2  2  2  6  6  6  1  1  1  2
2 -1 -1 -1 -7 -7 -7  3  3  3  2  2  2 -2 -2 -2 -4 -4 -4  0  0  0  6  6  6 -2 -2 -2 -1 -1
-1 -1 -1 -1 -1 -1  1  1  1  0  0  0  5  5  5  3  3  3 -3 -3 -3  4  4  4  1  1  1  0  0  0
-4 -4  2  2  2  5  5  5  0  0  0  0  0  0  3  3  3  5  5  5  2  2  2  3  3  3 -1 -1 -1 -3
-3  0  0  0  2  2  2  3  3  3  1  1  1  2  2  2  2  2  2  1  1  1  3  3  3 -1 -1 -1  3  3
3  3  3  2  2  2  1  1  1 -2 -2 -2  1  1  1 -1 -1 -1  4  4  4 -2 -2 -2  0  0  0 -1 -1 -3
-4 -4  0  0  0  1  1  1 -4 -4 -4  0  0  0  0  0  0 -1 -1 -1  3  3  3  0  0  0  2  2  2  4
4  0  0  0  3  3  3 -2 -2 -2 10 10 10  1  1  1 -2 -2 -2  1  1  1  7  7  7  0  0  0  6  6
3  3  3  0  0  0 -3 -3 -3  4  4  4  1  1  1 -2 -2 -2 -3 -3 -3 -2 -2 -2  0  0  0  5  5  5
2  2 -1 -1 -1  5  5  5  2  2  2  6  6  6  0  0  0  1  1  1  3  3  3 -3 -3 -3  0  0  0  1
1  3  3  3 -2 -2 -2  2  2  2  0  0  0  2  2  2  2  2  2 -2 -2 -2  0  0  0  1  1  1  1  1
-5 -5 -5 -6 -6 -6  3  3  3  2  2  2 -4 -4 -4 -1 -1 -1  1  1  1  0  0  0 -1 -1 -1 -4 -4 -4
-3 -3  3  3  3 -2 -2 -2  4  4  4  0  0  0  3  3  3 -4 -3 -3  1  1  1  4  4  4  2  2  2  2
2 -3 -3 -3 -1 -1 -1 -2 -2 -2 -1 -1 -1  1  1  1  1  1  1  4  4  4  1  1  1  0  0  0 -1 -1
4  4  4  0  0  0  5  5  5  3  3  3  0  0  0  4  4  4  1  1  1  5  5  5  4  4  4 -4 -4 -4
5  5  2  2  2  0  0  0  3  3  3  4  4  4  1  1  1  3  3  3  1  1  1  5  5  5 -1 -1 -1  5
5  1  1  1 -1 -1 -1 -1 -1 -1  2  2  2 -3 -3 -3 -1 -1 -1 -1 -1 -1  2  2  2  1  1  1  3  3
0  0  0  2  2  2 -2 -2 -2  1  1  1  4  3  3  0  0  0 -3 -3 -3  0  0  0  3  3  3 -2 -2 -2
-1 -1 -4 -4 -4  1  1  1 -3 -3 -3  0  0  0 -1 -1 -1  0  0  0  1  1  1 -4 -4 -4  4  4  4  2
2  0  0  0 -1 -1 -1  3  3  3 -2 -2 -2  0  0  0 -2 -2 -2  3  3  3 -1 -1 -1  0  0  0 -1 -1
0 0 0 5 5 5 0 0 0 2 2 2 4 4 4 1 1 1 2 2 2 0 0 0 4 4 4 1 1 1
0  0  0  0  0  1  1  1  0  0  0 -2 -2 -2  2  2  2  0  0  0  1  1  1  1  1  1  2  2  2  1
1  0  0  0  2  2  2 -1  0  0  6  6  6  4  4  4 -2 -2 -2  1  1  1  0  0  0  2  2  2  2  2
2  2  2  3  3  3 -1 -1 -1  4  4  4  4  4  4  0  0  0  3  3  3  1  1  1 -3 -3 -3  0  0  0
6  6  3  3  3  1  1  1  2  2  2  1  1  1  2  2  2  1  1  1  3  3  3 -4 -4 -4  3  3  3  6
6 3 3 3 1 1 1 7 7 7 1 1 1 6 6 6 3 3 3 2 2 2 2 2 2 1 1 1 2 2
2  2  2  6  6  6 -1 -1  0  4  4  4  7  7  7 -2 -2 -2  5  5  5  2  2  2  7  7  7  0  0  0
3  3  8  8  8  1  1  1  2  2  2  6  6  6  4  4  4  1  1  1  5  5  5 -2 -2 -2  2  2  2  3
3  1  1  1 -1 -1 -1  7  7  7  0  0  0  6  6  6  4  4  4  7  7  7  7  7  7  7  7  7  1  1
3 3 3 5 5 5 3 3 3 2 2 2 4 4 4 1 1 1 2 2 2 4 4 4 0 0 0 3 3 3
29 35 46 46 46 51 51 51 39 38 31 11 11 11  2  2  2  1  1  1  0  0  0  0  0  0  0  0  0 -1
25 32 39 39 43 54 56 56 52 50 36 10 10  9  1  1  1  9  5  5 -2 -2 -2  0  4  4  0  0  0  1
21 24 28 28 34 34 34 34 30 30 24 18 18  7  7  7  0  0  0  4  4  4  2  2  2  0  0  0  0  0
26 29 34 37 47 52 58 58 59 61 60 60 43 43 31  7  7  7 -4 -4 -4 -4 -4 -2  3  3  3 -1 -1 -1
24 30 30 30 54 54 61 76 76 76 76 68 63 57 28 25 19  6  6  6  0  0  1  1  1 -4 -2 -2 -2 -1
21 26 26 33 37 37 54 56 56 56 58 58 58 60 60 60 41 32 29  6  6  6  0  0 -1 -1 -1 -2  0  0
28  30  51  59  70 115 119 124 130 130 130 137 138 138 138 111  56  37  17  17  14   5   4   2  -5  -5   1   1   1   0
21 28 28 28 26 25 25 22 20 20 20 16 16 11 10  9  7  4  4  1  1  1  2  2  2 -2 -2 -2 -3 -5
24 24 24 25 25 33 33 33 36 36 36 33 30 30 28 24 24 18 18 18 18  7  7  5  5  5  0  2  2  2
30 30 42 42 42 57 58 58 77 77 78 74 74 74 80 80 80 80 81 81 81 63 37 34 18 18 10 -2 -2 -2
24  32  29  40  40  64  66  81 102 114 118 123 136 144 144 139 139 149 155 149 113  40  22  19   1   1   1  -2  -2  -2
29  33  38  43  60  60  60  69  69  69  75  75  75  72  70  70  16  16   9  -2  -2  -2 -10 -10  -7  -7  -7  -8  -8  -8
15 17 37 37 37 37 37 38 47 47 47 40 40 39  2  2  2  4  4  4 -2 -2 -2 -7 -7 -6 -6 -6 -5 -5
18 20 34 34 34 44 44 44 48 48 48 49 49 49 13 13 13  1  1  1 -2 -2 -2 -1 -1 -1 -2 -2 -2 -2
33 34 52 52 52 64 64 64 68 68 68 70 64 64 19 19 19 -1 -1 -1 -1 -1 -1  1  1  1 -5 -5 -5 -7
22 22 28 28 28 28 28 28 36 36 36 18 18 18  4  4  4  0  0  0 -1 -1 -1 -9 -9 -9 -5 -5 -5 -5
37 37 51 51 51 59 59 59 63 63 63 31 31 31  1  1  1 -3 -3 -3 -3 -3 -3 -3 -3 -3 -3 -3 -3 -4
26 26 37 37 37 40 40 40 40 40 40 18 18 18 10 10 10 -1 -1 -1 -4 -4 -4 -1 -1  0 -5 -5 -5 -3
30 30 51 51 51 60 60 60 69 69 69 52 52 52  6  6  6 -3 -3 -3 -8 -8 -8 -6 -6 -6 -4 -4 -4 -2
32 32 48 48 48 50 50 50 43 43 43 17 17 17 -1 -1 -1 -4 -4 -4 -5 -5 -5 -2 -2 -2 -4 -4 -4 -4
24 24 46 46 46 60 60 60 68 68 68 67 67 67 12 12 12  3  3  3 -4 -4 -4 -5 -5 -5 -6 -6 -5 -6
23  23  44  44  44  58  58  58  69  69  69  77  77  77  24  24  18  -4  -4  -4 -12 -12 -12 -10 -10 -10 -11 -11 -11 -10
25  24  40  40  40  61  61  61  76  76  76  86  86  86  63  63  54  17  17  17 -11 -11 -11 -10 -10 -10 -10 -10 -10 -14
32  32  51  51  52  71  71  71  91  91  91  96  96  96  75  75  75   0   0   0  -8  -8  -8 -18 -18 -18 -19 -19 -19 -17
37  37  45  62  62  62  62  62  62  46  46  46  23  23  11 -11 -11 -11 -17 -17 -17 -20 -20 -20 -19 -19 -19 -13 -13 -13
20  20  34  34  35  46  46  46  48  48  48  44  37  37  -2  -2  -2 -14 -14 -14 -15 -15 -15 -20 -20 -20 -14 -14 -14 -18
17  17  19  19  19  19  19  19  17  17  17   5   5   5 -12 -12 -12  -7  -7  -7 -18 -18 -18 -16 -16 -16 -15 -15 -15 -15
27  27  27  27  27  39  39  39  45  45  45  44  44  44  49  49  49  46  46  46  35  35  35  15  15   9  -6  -6  -6 -10
28  28  28  36  36  36  42  42  42  37  37  37  38  38  38  35  35  35  21  21  21   0   0   0  -8  -8  -8 -10 -10 -10
26  26  34  34  34  33  33  33  42  42  42  41  41  41  34  34  34   9   9   6  -7  -7  -7 -10 -10 -10  -6  -6  -6  -8
33 33 48 48 48 54 54 54 55 55 49 45 28 20 20 20 20 13 13 13  9  9  9 11 11 11 10 10 10 10
39 43 56 59 63 74 76 79 80 80 78 75 65 41 38 19 19 12  6  6 10 10 10 11 11 11  9  9  9  8
33 33 47 47 48 67 68 70 75 75 70 61 29 24 14 10 10  6  6  6  9  9  9  8  8  8  9  9  9  8
34  45  47  54  72  73  78  96  96 102 108 108 108 105 100  97  95  85  70  69  63  51  51  36  20  19  15  14   3   3
26 26 36 36 36 37 37 37 42 43 43 45 45 45 44 44 37 37 37 28 20 20 20  8  8  8 15 15 12 12
26 26 36 36 36 38 38 38 46 46 46 45 45 45 46 46 43 34 32 30 20 15 15  9  9  9 12 12 12 10
34 34 48 48 48 58 58 58 69 69 70 61 61 61 51 39 24 20 13 13  6  6  6  8  8  8  6  6  6 11
32 32 36 36 36 44 44 44 46 46 44 39 39 34 21 21 21 10 10 10  8  8  8  2  2  2 10 10  7  3
28 28 35 35 42 39 39 39 41 41 40 34 34 34 26 26 22 13 13 13  5  5  5  3  3  3  9  9  9  5
33 33 40 40 40 37 37 37 31 31 19 11 11 11  8  8  8  1  1  1  7  7  7  9  9  9  4  4  4  5
27 26 33 33 33 37 37 35 29 29 29 25 25 23 11 11 11 -4 -5 -5  0  0  0 11 11 11  7  7  7  3
32 32 40 40 47 49 49 39 37 34 25 20 10 10  6  4  4  6  6  6  5  5  5  4  4  4  1  1  1  4
30 30 30 31 31 38 38 38 41 41 31 29 15 13  3  3  3  3  3  3  4  4  4  2  2  2  4  4  4  0
27 27 43 43 44 48 48 50 47 47 47 34 34 20 11  7  7  9  9  9  9  9  9  2  2  2  4  4  4 -1
35 38 46 46 46 59 59 59 50 39 21 14  9  9  3  3  3  5  5  5  4  4  4  4  4  4  5  5  5  4
26 26 38 38 38 54 54 54 57 57 42 36 22 15  3  3  3 -1 -1 -1  7  7  7 -1 -1 -1  1  1  1 -1
26 26 33 33 33 42 42 42 43 43 43 34 31 18 13  6  6  1  1  1  7  7  7  1  1  1  2  2  2  7
33 33 48 48 48 56 56 56 60 60 42 40 19 19 12  4  4  6  6  6  5  5  5  2  2  2  2  2  2  0
31 31 41 41 41 50 51 51 66 66 66 73 73 53 39 20 18  5  5  5  1  1  1  2  2  2  0  0  0  7
31 31 48 48 51 57 57 58 70 70 41 31 10 10  2  2  2  2  2  2  3  3  3 -2 -2 -1  0  0  0  6
27 27 35 35 38 54 54 54 60 60 51 38 21 14  7  7  7  1  1  1  5  5  5  3  3  3 -4 -4 -4  6
28 28 28 41 41 41 47 48 48 48 45 32 30 12 12  1  1  1  2  2  2  2  2  2  1  1  1  2  2  2
32 32 49 50 50 66 66 70 78 78 78 70 70 62 59 39 22 18 13 13  6  6  6  1  1  1 -1 -1 -1  8
31 31 44 44 45 49 49 49 68 68 68 86 86 94 86 86 84 80 74 60 54 52 39 36 33 27 12 11 11  6
29 31 34 34 34 54 54 54 61 61 56 47 47 47 47 47 43 33 33 25 19 19 10  8  8  7 -6 -8 -8 -1
30 31 37 37 40 45 45 45 51 51 49 35 33 30 16 16 11  2  2  2  4  4  4  7  7  3 -2 -2 -2 -2
39 40 52 52 51 42 42 28 20 20 11  8  8  7  3  3  3  5  5  6  1  1  1 -1 -1 -1  3  3  4  1
30 30 33 33 33 29 29 21 18 18 15  7  7  7  6  6  6  3  3  3  4  4  4 -3 -3 -3 -1 -1 -1  3
32 32 44 44 44 47 47 47 47 47 36 30 21 12  7  7  6  2  2  2  1  1  1  0  0  0  2  2  2  3
38 38 43 41 41 38 38 31 24 13 13 12  8  8  8  4  4  4 -1 -1 -1  3  3  5  1  1  1  5  5  6
31 32 38 38 39 42 42 42 37 37 34 26 22 10  1  1  1  4  4  2  2  2  5  2  2  2 -1 -1 -1  1
26 30 35 35 35 50 51 57 65 65 66 58 45 16  9  9  9  8  8  7  2  2  2  0  0  0  1  1  1 -1
27 27 26 26 26 33 33 20 16 12  5  3  3  3 -1 -1 -1  4  4  4  2  2  2  2  2  2  0  0  0  1
29 30 30 30 30 22 22 22 20 19 13  9  5  5  6  6  6 -1 -1 -1  3  3  3 -1 -1 -1  0  0  0  2
29 29 31 34 34 35 33 33 33 27 27 16  9  9  9  5  5  5 -3 -3 -3  5  5  5 -1 -1 -1 -1 -1 -1
32 32 42 42 42 43 43 42 38 29 13  7  7  7  3  3  3  4  4  5  0  0  0  3  3  3  3  3  3  2
33 35 31 31 28 22 20 17  1  1  1  6  6  6  5  5  5  0  0  0 -1 -1 -1 -2 -2 -2 -2 -2 -2  3
36 36 45 45 45 40 40 24 22  9  9  2  2  2  0  0  0  1  1  1  1  1  1  4  4  6 -3 -3 -3  4
32 41 54 60 62 86 86 86 75 58 19 18  8  7  0  0  0 -2 -2 -2  2  2  6  0  0  0  0  0  0 -1
26 27 37 37 40 47 47 47 52 52 43 40 26 12  7  7  7  4  4  4  5  5  4  4  4  4  6  6  6  3
31 31 42 42 45 48 48 27 27 10 10  7  7  7  1  1  1  3  3  1 -2 -2 -2 -3 -3 -3  4  4  4 -4
41 41 47 47 32 26 19 10  3  3  3  1  1  1 -2 -2 -2  6  6  6  8  8  3  2  2  2  4  4  5  2
44 44 66 66 71 76 76 67 62 60 23 21  5  5  5  5  5  0  0  0  5  5  7  3  3  3  2  2  2  0
31 35 43 43 43 45 45 41 34 34 17  7  7  7  6  6  6  4  4  4  2  2  2 -4 -4 -4  1  1  2  1
29 29 37 37 38 41 41 36 20 20 18  5  5  5  2  2  2  4  4  4 -2 -2 -2  6  6  4  1  1  1 -1
30 30 41 41 41 38 38 20  7  7  2  2  2  2 -1 -1 -1  1  1  1  2  2  2  0  0  0  4  4  4  1
29 33 40 40 40 49 49 49 63 63 45 43 24 14  3  3  3  0  0  0  3  3  3 -2 -2 -2 -2 -2 -2  4
41 41 41 65 65 74 84 84 84 83 83 52 42 15 12 11 11  6  3  3  3 -2 -2 -2  5  5  5  1  1  1
33 35 50 50 55 64 64 64 71 71 34 22 12 12  3  3  3 -3 -3 -3  6  6  5 -2 -2 -2  1  1  1  4
31 31 48 48 48 60 60 62 66 66 55 47 35 19  8  8  7  3  3  3  5  5  5  4  4  4 -2 -2 -2  0
32 37 49 49 51 70 70 72 66 66 44 30 30 16  6  6  6  5  5  5  4  4  4  4  4  4  7  7  5  4
33 34 44 44 48 66 66 71 71 71 63 44 28 17  4  4  4 -1 -1 -1  0  0  0  2  2  2 -1 -1 -1  4
30 30 44 44 44 49 49 49 51 51 28 18 18 13 13 13 10  2  2  2 -3 -3 -3 -3 -3 -3  3  3  2 -2
38 40 48 48 48 49 49 49 48 48 37 20 20 14  2  2  2  2  2  2  0  0  0  1  1  3  0  0  0  2
36 36 39 39 39 43 43 38 25 25 21  7  7  7  3  3  3  1  1  1 -1 -1 -1  0  0  0  4  4  4 -2
30 29 41 41 41 51 51 46 35 31 19  3  3  3 -2 -2 -2 -1 -1 -1 -3 -3 -3 -3 -3 -3 -2 -2 -2 -1
32 32 47 47 48 57 57 57 45 45 20  9  9  9  2  2  2 -5 -5 -5 -7 -7 -7  1  1  1 -1 -1 -1 -3
33 33 45 45 45 56 56 56 63 63 63 61 61 39 29 13 13  6  6  6  2  2  2  0  0  0 -5 -5 -5  3
29 29 38 38 38 58 58 58 75 75 75 71 71 42 41 16 16  1  1  1  5  5  5 -4 -4 -4  0  0  0 -1
37 37 55 55 55 67 67 67 74 74 74 61 61 38 30 15 15  1  1  1  2  2  2  3  3  3 -3 -3 -3 -1
30 30 45 45 45 53 53 53 68 68 58 51 30 20  7  7  7  0  0  0 -2 -2 -2  2  2  2 -2 -2 -2  3
30 30 38 38 38 58 58 59 63 63 63 68 68 68 54 54 33 15  7  7  2  2  2  2  2  2 -2 -2 -2  0
28 28 42 42 42 56 56 57 71 71 72 76 76 76 81 81 33 23 11 11  2  2  2  3  3  3 -1 -1 -1  3
31 32 39 39 39 48 48 48 56 56 48 29 25 13  2  2  2  5  5  6  3  3  3  5  5  5  0  0  0 -1
31 31 56 56 57 74 74 74 92 92 49 37 18 16  8  8  2 -1 -1 -1  3  3  3  6  6  6  5  5  5  2
30 30 39 39 39 43 43 43 35 35 28 17 17 15  3  3  3  3  3  3  3  3  3 -1 -1 -1 11 11  7  4
28 28 45 45 48 64 64 64 57 57 56 52 52 51 38 38 24  9  9  9  2  2  2  3  3  3  5  5  5  1
39 39 57 57 57 67 67 62 46 46 38 27 27 27 16 16 16  7  7  7  4  4  4  6  6  6  2  2  2  3
42 42 49 49 49 64 64 64 68 68 70 65 65 49 31 27 12  7  7  7  8  8  8  1  1  1  2  2  2  2
32  32  50  50  50  76  76  76  74  74  74 101 126 134 180 180 111  64  37  22   6   6   6   0   0   0   7   7   7   1
45 45 31 31 31 19 19 19 11 11 11  4  4  4  5  5  5  6  6  6  0  0  0  6  6  6  2  2  2  7
38 38 58 58 58 53 51 51 28 28 28 15 15 15  3  3  3  2  2  2  8  8  8  6  6  6  5  5  5  1
37 37 40 40 40 40 40 40 25 25 25  8  8  8  9  9  9  1  1  1  4  4  4  4  4  4  0  0  0  1
27 27 36 36 36 31 31 31 15 15 15  7  7  7  8  8  8 10 10 10  2  2  2  2  2  2  4  4  4  6
44 44 49 49 49 25 25 25  8  8  8  6  6  6  7  7  7  4  4  4  1  1  1  1  1  1  2  2  2  6
26 26 25 25 25 22 22 22  7  7  7  4  4  4  8  8  8  2  2  2  9  9  9  4  4  4  0  0  0  2
21 35 39 39 32 32 32 19 19 19 10 10 10  8  8  8  7  7  7  6  6  6 10 10 10  7  7  7 10 10
26 26 32 32 32 20 20 20 10 10 10  5  5  5  5  5  5  8  8  8  8  8  8  5  5  5 -2 -2 -2  8
28 28 33 33 33 23 23 23 15 15 15 10 10 10  8  8  8  8  8  8  6  6  6  3  3  3  1  1  1  0
31 31 24 24 24 15 15 15  4  4  4  1  1  1  2  2  2  4  4  4  6  6  6  4  4  4  3  3  3  2
33 33 30 30 30 20 20 20  3  3  3  5  5  5  5  5  5 -1 -1 -1  4  4  4  2  2  2  2  2  2  1
42 42 40 40 40 22 22 22  7  7  7  4  4  4  2  2  2  4  4  4  1  1  1 -1 -1 -1  0  0  0  1
25 34 34 34 36 36 36 22 22 22  8  8  8  6  6  6 -1 -1 -1  2  2  2  0  0  0  3  3  3  0  0
22 22 32 32 32 19 19 19  7  7  7  4  4  4  8  8  8  4  4  4  5  5  5  6  6  6  6  6  6 -2
27 34 34 34 38 38 38 25 25 25  9  9  9  1  1  1  3  3  3  1  1  1 -3 -3 -3 -3 -3 -3  0  0
26 26 34 34 34 24 24 24 11 10 10  3  3  3  4  4  4  3  3  3 -2 -2 -2 -2 -2 -2  3  3  3  2
28 41 41 41 40 40 40 25 25 25  8  8  8  6  6  6  2  2  2  0  0  0  1  1  1  2  2  2 -4 -4
28 28 24 24 24 17 17 17 10 10 10  2  2  2  4  4  4 -3 -3 -3 -2 -2 -2  1  1  1  0  0  0  3
28 28 35 35 35 35 35 35 27 27 27  9  9  9  7  7  7  3  3  3  0  0  0  1  1  1  6  6  6  6
28 28 27 27 27 19 19 19 13 13 13  4  4  3  1  1  1  4  4  4  0  0  0  1  1  1  5  5  5  0
27 27 18 18 18 15 13 13  0  0  0  0  0  0  1  1  1  7  7  7  1  1  1 -2 -2 -2  5  5  5  4
28 28 21 21 21 16 16 16  6  6  6  3  3  3 -4 -4 -4  0  0  0 -1 -1 -1  0  0  0  2  2  2  2
26 26 37 37 37 37 37 37 27 27 27 10 10 10  5  5  5  0  0  0 -2 -2 -2 -5 -5 -5 -2 -2 -2  6
33 33 41 41 41 39 36 36 20 20 20  9  9  9  8  8  8  2  2  2  1  1  1  4  4  4 -9 -9 -9 -3
29 29 38 38 38 37 37 37 21 19 19  4  4  4  1  1  1  2  2  2 -2 -2 -2 -2 -2 -2  1  1  1  0
29 29 32 32 32 22 22 22  5  5  5  3  3  3  2  2  2  3  3  3  0  0  0 -2 -2 -2  1  1  1  2
22 22 20 20 20 16 16 16  3  3  3  3  3  3  0  0  0  0  0  0  0  0  0  0  0  0 -1 -1 -1  5
33 33 40 40 40 28 28 28 14 14 14  7  7  7  1  0  0  1  1  1  2  2  2 -3 -3 -3  6  6  6  4
29 29 38 38 38 26 26 26 16 16 16  8  8  8  2  2  2  3  3  3  1  1  1  0  0  0  4  4  4  1
29 29 21 21 21 11 11 11  4  4  4  5  5  5  2  2  2 -3 -3 -3  2  2  2 -1 -1 -1  0  0  0  2
22 34 34 34 32 32 32 18 18 18 13 13 13  5  5  5  7  7  7  4  4  4  2  2  2  0  0  0  6  6
34 34 31 31 31 21 21 21  6  6  6  7  7  7  2  2  2  5  5  5 -2 -2 -2  4  4  4  3  3  3 -1
21 26 26 26 21 21 21 14 14 14  0  0  0  1  1  1 -5 -5 -5  3  3  3  0  0  0 -1 -1 -1 -2 -2
26 26 34 34 34 27 27 27  9  9  9  3  3  3  3  3  3 -3 -3 -3  3  3  3 -3 -3 -3  1  1  1 -2
23 33 33 33 32 32 32 14 14 14  4  4  4  1  1  1  3  3  3  0  0  0 -1 -1 -1  5  5  5 -1 -1
32 32 35 35 35 22 22 22  4  4  4  2  2  2  5  5  5 -1 -1 -1  3  3  3  1  1  1  0  0  0  2
25 25 28 28 28 25 25 25 13 13 13  2  2  2  3  3  3  3  3  3 -1 -1 -1 -1 -1 -1  1  1  1  2
26 26 22 22 22 10 10 10  4  4  4 -3 -3 -3 -1 -1 -1 -2 -2 -2  3  3  3  5  5  5  1  1  1 -1
26 26 30 30 30 19 19 19  7  7  7  4  4  4  6  6  6 -5 -5 -5  2  2  2 -2 -2 -2 -1 -1 -1 -1
30 30 26 26 26 17 17 17  3  3  3  2  2  2  1  1  1 -1 -1 -1 -2 -2 -2 -2 -2 -2 -1  0  0 -1
30 30 30 30 30 16 16 16  7  7  7  1  1  1  0  0  0  0  0  0  1  1  1 -1 -1 -1  1  1  1  0
24 24 26 26 26 22 22 22 13 13 13  1  1  1 -2 -2 -2  4  4  4 -2 -2 -2  3  3  3 -3 -2 -2  6
26 26 21 21 21 10 10 10  8  8  8 -1 -1 -1 -2 -2 -2  0  0  0 -3 -3 -3  0  0  0 -1 -1 -1 -1
30 30 39 39 39 27 27 27  8  8  8  6  6  6 -2 -2 -2  0  0  0  1  1  1  0  0  0  0  0  0 -3
29 29 24 24 24 12 12 12  7  7  7  3  3  3  5  5  5 -2 -2 -2  1  1  1  5  5  5 -1 -1 -1  8
25 37 39 39 27 27 27 15 15 15  6  6  6  4  4  4  7  7  7  0  0  0 -1 -1 -1  1  1  1  5  5
32 32 46 46 46 35 35 35 17 17 17 13 13 13  7  7  7  5  5  5  2  2  2  5  5  5  7  7  7  1
21 24 24 24 33 33 33 22 22 22 11 11 11  3  3  3  0  0  0  5  5  5  3  3  3  3  3  3  3  3
35 35 41 42 42 39 39 39 21 21 21 10 10 10  4  4  4  8  8  8  9  9  9  2  2  2  2  2  2  0
29 29 30 30 30 25 25 25 15 15 15 13 13 13  3  3  3  0  0  0  8  8  8  6  6  6  3  3  3  4
27 27 34 34 34 37 37 37 17 17 17  8  8  8  3  3  3  8  8  8  5  5  5  7  7  7  0  0  0  3
28 28 32 32 32 19 19 19  8  8  8  3  3  3  5  5  5  2  2  2  5  5  5  2  2  2  2  2  2  3
32 32 22 22 22 13 13 13  8  8  8  5  5  5  4  4  4  2  2  2 -1 -1 -1 -5 -5 -5  1  1  1  5
28 28 39 39 39 37 37 37 17 17 17  2  2  2  0  0  0  2  2  2 -1 -1 -1  4  4  4 -1 -1 -1 10
24 38 39 39 28 28 28 16 16 16  6  6  6  0  0  0  1  1  1  5  5  5  1  1  1  2  2  2  4  4
38 38 50 50 50 36 33 33 15 15 15  8  8  8  1  1  1  0  0  0  3  3  3  2  2  2 -1 -1 -1  1
28 28 26 26 26 12 12 12  1  1  1  7  7  7  3  3  3  1  1  1  0  0  0  6  6  6  0  0  0  1
31 31 34 34 34 21 21 21  7  7  7  1  1  1 -2 -2 -2  4  4  4 -1 -1 -1 -2 -2 -2  3  3  3  5
38 38 35 35 35 20 20 20  5  5  5  5  5  5  6  6  6  3  3  3  4  4  4  5  5  5  4  4  4 -1
31 31 37 37 37 24 24 24 10 10 10  7  7  7  4  4  4  2  2  2  1  1  1  1  1  1  7  7  7  3
23 23 18 18 18  3  3  3  3  3  3  1  1  1 -2 -2 -2 -4 -3 -3  8  8  8  2  2  2 -1 -1 -1  7
27 27 38 38 38 45 45 45 22 22 22 11 11 11  2  2  2 -1 -1 -1  2  2  2 -4 -4 -4  4  4  4  8
43 43 44 44 44 23 23 23  8  8  8  2  2  2  1  1  1  3  3  3  6  6  6  1  1  1  2  2  2  6
36 36 24 24 24 13 13 13  1  1  1 -2 -2 -2 -1 -1 -1  1  1  1  2  2  2  4  4  4  3  3  3  7
30 30 39 39 39 29 26 25 10 10 10  3  3  3  7  7  7  1  1  1 -1 -1 -1  1  1  1  6  6  6  2
26 26 25 25 25 16 16 16  4  4  4  5  5  5  3  3  3  3  3  3  2  2  2  7  7  7  8  8  8  5
22 22 20 20 20 19 19 19  4  4  4  9  9  9  7  7  7  3  2  2  4  4  4  4  4  4  3  3  3  1
24 37 37 37 32 32 32 18 18 18  5  5  5  3  3  3  6  6  6  5  5  5  1  1  1  3  3  3  5  5
27 27 35 35 35 20 20 20  4  4  4  4  4  4  2  2  2  0  0  0  0  0  0  0  0  0  0  0  0  7
30 30 40 40 40 23 23 23 10 10 10  7  7  7  7  7  7  7  7  7  8  8  7  3  3  3  9  9  9  1
22 25 25 25 13 13 13  6  6  6  3  3  3  5  5  5  7  7  7  2  2  2  0  0  0  6  6  6 -1 -1
28 28 17 17 17  9  9  9  1  1  1  3  3  3  4  4  4  1  1  1  1  1  1  6  6  6 -1 -1 -1  0
29 29 24 24 24 16 16 16  7  7  7 -2 -2 -2  4  4  4  4  4  4  3  3  3  1  1  1  2  2  2  1
28 28 22 22 22  9  9  9  7  7  7  0  0  0  0  0  0  0  0  0  4  4  4  1  1  1  2  2  2 -1
32 32 41 41 41 42 42 42 30 30 30 17 17 17  9  9  9  5  5  5 -1 -1 -1  2  2  2  1  1  1  1
23 36 36 36 35 35 35 26 26 26 15 15 15  8  8  8  6  6  6  4  4  4 -5 -5 -5  1  1  1  8  8
26 26 22 22 22 17 17 17  7  7  7  5  5  5  2  2  2  3  3  3  2  2  2  2  2  2  0  0  0  0
22 22 20 20 20 18 18 18  9  9  9  4  4  4  7  7  7  0  0  0  4  4  4  4  4  4 -3 -3 -3 -1
24 24 24 24 24 20 20 20 16 16 16  7  7  7  4  4  4  6  6  6  3  3  3  3  3  3  0  0  0  3
34 34 37 37 37 29 29 29 15 15 15  5  5  5  1  1  1  3  3  3  0  0  0  4  4  4  2  2  1 -2
26 26 12 12 12  8  8  8  0  0  0 -2 -2 -2  1  1  1 -2 -2 -2 -1 -1 -1  7  4  4  4  5  5  7
21 21 25 25 25 14 14 14  6  6  6  5  5  5  0  0  0 -1 -1  0  5  5  5  3  3  3  1  1  1  2
31 31 37 37 37 32 32 32 17 15 15  8  8  8  7  7  7 -1 -1 -1  5  5  5  3  3  3 -1 -1 -1  1
32 32 26 26 26 24 24 24 16 16 16  8  8  8  8  8  8  3  3  3  6  6  6  0  0  0  3  3  3  4
25 25 28 28 28 26 26 26 16 16 16  5  5  5  5  5  5  2  2  2  7  7  7  1  1  1  2  2  2  4
31 31 28 28 28 19 19 19  9  9  9  3  3  3  3  3  3  0  0  0  5  5  5  1  1  1  2  2  2  4
36 36 44 44 44 35 35 35 20 20 20 13 13 13  4  4  4  2  2  2  4  4  4  3  3  3  1  1  1 -1
28 28 23 23 23 18 18 18  7  7  7  4  4  4  2  2  2  6  6  6 -1 -1 -1 -2 -2 -2  0  0  0  2
31 39 39 39 32 32 32 19 19 19  8  8  8  4  4  4  9  9  9 -1 -1 -1  2  2  2  2  2  2  4  4
34 34 31 31 31 21 21 21  9  9  9  4  4  4  4  4  4  3  3  3  5  5  5  4  4  4  2  2  2  2
30 30 34 40 40 43 43 43 36 34 34 17 17 17 11 11 11  2  2  2  4  4  4  3  3  3  4  4  4 -1
29 29 39 39 39 32 32 32 19 19 19 14 14 14 -3 -3 -3  3  3  3 -1 -1 -1  0  0  0  6  6  6  4
28 29 29 29 29 29 29 15 15 15  4  4  4  5  5  5  2  2  2  5  5  5  4  4  4  2  2  2  4  4
37 37 38 38 38 30 30 30 15 15 15  4  4  4  2  2  2  3  3  3  3  3  3  0  0  0  4  4  4  4
32 32 38 37 37 24 24 24  7  7  7  2  2  2  3  3  3  5  5  5  5  5  5  1  1  1  0  0  0  3
31 43 47 47 50 50 50 25 24 24 11 11 11  2  2  2  6  6  6  4  4  4  0  0  0  6  6  6  7  7
31 31 22 22 22 17 17 17  6  6  6  1  1  1  7  7  7  3  3  3  3  3  3  5  5  5  3  3  3  2
21 21 23 23 23 15 15 15  8  8  8  0  0  0  2  2  2  2  2  2  1  1  1  4  4  4 -4 -4 -4  1
32 32 24 24 24 18 18 18  7  7  7  4  4  4  4  4  4  2  2  2  6  6  6  1  1  1  2  2  2  4
38 38 42 42 42 28 28 28 21 21 21  9  9  9  2  2  2  4  4  4  8  8  8 -3 -3 -3  9  9  9 -2
