158 158 158 171 171 170 153 149 126 116 102 102 102 102  96  88  88  88 105 105 105 148 155 155 155 155 163 166 166 166
136 129 119 119 119 116 116 116 134 134 134 167 173 173 173 173 173 166 166 141 134 123 110 104 104 104 104 104 104 118
133 164 173 173 173 173 170 156 148 117 104 100 100 100 100  94  94  94  94  94  94 102 133 149 152 193 193 193 193 193
150 127 125 105  92  92  92  92  92  93  97 104 105 118 152 158 158 158 158 158 158 158 158 156 133 111 106  95  95  95
95 101 106 115 147 155 169 169 169 169 169 150 123 118 103  93  93  93  93  96 101 109 129 135 135 135 130 125 121 114
109 114 115 127 127 123 122 103  90  88  87  87  91 104 111 115 115 114 113 101 101 106 106 107 110 110 101 101 101 102
124 126 120 111 111 113 114 115 118 118 107 104  97  97 108 117 127 132 132 117 114 109 109 114 120 122 122 115 108 105
105 127 143 155 155 155 155 155 140 122 122 116 116 132 134 134 137 137 134 134 136 138 138 135 122 120 112 112 129 137
168 168 168 168 150 128 122 108  99  99  99  99 123 137 155 155 155 155 155 144 121 115 108 108 108 108 108 122 130 130
121 106 105 105 105 122 136 137 136 124 117 115 115 115 129 144 155 162 162 162 162 162 131 120 105  99  99  99  99  99
105 129 129 129 123 122 109 106 104 104 116 116 116 121 121 115 108 108  99  98  88  78  78  77  77  95 109 111 127 127
102  87  77  71  67  67  77  77  77  94  94  85  81  74  70  70  70  76  87  89 100 115 115 115 111 105 105 109 109 101
89  89  93 102 104 134 141 143 141 124 106 106  91  91 104 105 110 140 140 143 140 120 100  91  91  91 104 115 116 162
172 172 172 129 129 107  94  94  94  94 120 123 127 153 163 163 163 163 149 142 128 128 118 118 118 121 121 121 130 130
152 152 144 135 122 122 122 131 131 156 156 152 148 116 116 115 115 115 157 166 177 214 214 214 214 153 120 120 120 120
120 128 170 170 154 150 132 122 122 122 122 122 122 122 128 128 128 124 124 124 150 177 204 254 254 187 165 130 103 103
103 103  90  83  83  83  94 113 113 113 103 103 103 103 103 103  90  90  84  71  71  67  65  65  65  60  60  60  71  71
74  74  73  63  63  63  55  55  55  67  67  68  88  88  88  83  84  83  70  70  67  72  72  85  89  89 117 117 118 116
96  93  79  78  70  70  70  91  94  97 140 140 140 140 140 123 122  96  81  81  81  81  89  89  89 103 104 110 137 137
137 137 113 113  96  96  90  93  93 118 118 119 106 100  95  84  84  84 104 104 104 104 104  95  79  73  73  72  73  73
108 117 113 113  92  78  75  75  84  84  84 114 114 115 117 117 109  91  91  91  77  77  77  71  71  71  85  85  85 108
108 118 118 109  88  87  87  78  78  78 101 101 105 132 132 132 132 132 119  98  93  86  76  76  76  76  76  76  94  97
141 145 145 145 145 145 125  98  95  95  95  95  78  78  95 101 115 140 159 159 159 159 177 177 151 131 129 110  97  97
97  97  82  82  86  86  86 100 115 115 141 143 143 143 119 106  94  82  77  71  66  66  81  84  87 119 126 128 148 148
123 106  99  93  93  93 110 116 120 131 131 131 131 131 131 155 155 155 152 152 133 132 114 109 104 104 104 112 115 117
141 145 154 154 150 148 130 114 113 101 101 100 100 100 100 100 100 125 131 150 185 201 201 201 201 167 143 112  95  95
95  95  83  83  99 110 111 145 155 155 155 155 140 135 114  95  95  95  95  95  80  80 101 112 120 155 164 164 164 164
132 106  88  88  88  88  91  91  91 128 147 147 147 147 147 147 147 127 126 109  83  83  83  83 100 108 110 145 148 148
148 117 117 105  98  98  99 109 134 147 160 162 162 162 162 162 117 116 109 109 113 115 116 155 166 169 179 179 179 179
106 100  96  96  96  96  96  99 105 111 151 177 177 177 177 177 184 184 133 132 113 113 113 113  89  89  89  89  89  88
106 119 124 162 166 166 166 166 166 145 136 110 104 104 104 104 104 104 119 124 132 159 159 153 141 141 116 103 103 103
103  98  98  98 100 118 127 133 158 158 158 158 158 139 133 127 114 114 114 114 114 114 122 138 138 126 124 124 124 126
133 152 152 138 129 129 128 125 125 125 119 119 114 114 114 117 138 138 149 160 160 139 132 120 109 105 105 105 109 109
130 130 147 152 152 119 106 105 105 104 104 104 135 147 147 147 141 141 137 137 129 129 129 124 121 121 114 114 114 125
132 154 157 160 160 150 136 127 110 109  97  93  93  93  93  98 117 117 124 146 149 149 149 149 149 148 123 112 111  99
97  97  97 119 127 142 170 175 175 175 175 140 127 107 102 102 102 102 102 114 125 158 175 175 175 175 156 154 136 125
124 124 144 158 171 179 179 151 140 114  97  97  97  97  97  87  87  93  95 108 126 135 140 147 147 147 147 132 121 119
104 104 104 104 120 121 124 138 138 138 138 138 132 129 110 100  99  85  83  79  76  76  80  82  82  87  89  91  95  98
98  95  95  93  93  93 103 103 106 130 130 139 139 139 139 151 151 138 131 128 128 134 136 142 150 150 150 150 150 153
164 161 155 148 147 140 140 140 142 148 153 186 208 228 228 225 191 171 149 149 151 151 151 170 170 160 157 145 145 146
154 181 181 166 164 148 130 129 129 129 164 176 182 182 176 147 145 135 135 149 159 163 193 193 169 167 138 129 125 125
151 167 179 205 205 184 183 166 150 140 140 140 165 174 184 184 184 152 150 139 134 134 144 166 221 221 221 197 159 135
130 130 166 198 267 280 280 204 170 136 125 121 124 124 144 150 154 154 149 138 130 123 119 114 119 120 151 151 143 140
88  88  88  88  88  73  73  83  83  85 112 112 119 111 111 103  91  89  85  79  79  79  89  89  95 121 121 133 115 115
84  81  81  87  93  93 123 123 113 108  80  80  80  80  80 106 106 109 115 115 100  84  84  84  76  76  76 116 120 129
122  92  81  72  72  68  68  68  97 104 119 155 155 155 155 155 109  97 102  89  87  87  94  99 100 119 123 125 140 140
140 140 135 134 120 120 112 112 112 128 132 133 146 146 146 146 146 131 129 114 109 102 102 102 102 102 102 110 110 110
133 133 133 133 128 110 110 110 106 106 106 128 128 128 135 135 135 137 137 137 137 137 140 166 166 146 127 127 127 122
122 147 149 157 171 171 161 142 142 142 141 141 137 129 129 129 122 122 122 139 142 145 168 168 158 145 131 114 103 103
103 103 103 133 136 141 177 177 186 167 162 140 127 120 120 122 122 122 155 155 164 184 184 159 142 136 124 112 112 112
112 112 134 134 139 155 155 147 142 142 140 134 134 134 144 144 145 150 150 150 182 182 172 160 151 136 128 128 128 144
147 166 166 146 134 134 134 144 144 144 169 169 154 138 143 142 142 142 153 153 157 149 146 143 139 140 140 161 170 173
174 148 146 130 130 125 125 125 140 143 151 180 188 188 186 167 143 140 123 122 111 110 110 124 127 133 157 157 160 155
125 124 116 116 116 120 125 139 139 139 138 127 127 128 129 136 136 129 126 122 119 119 127 129 135 158 158 152 151 130
110 108 107 107 107 116 133 150 155 172 172 154 141 118 118 121 123 124 145 145 138 129 119 119 119 120 129 147 149 149
127 116 114 108 103 103 103 117 133 137 137 132 117 105 105 105 105 105 106 109 131 145 147 152 152 152 134 124 105 103
102 119 135 144 145 145 145 145 126 111 107 111 114 128 139 150 150 137 122 113 101  95  95  95  95  95 110 117 134 135
135 135 108 103  95  80  80  80  80  90  93  95 121 122 127 122 113  92  86  83  83  98 103 115 139 139 139 139 139 115
95  79  79  79  79  97  97  97 131 139 139 139 139 148 148 127 114 108  94  91  91  91  91 101 105 107 134 134 134 134
125 120 110 107 103 103 103 126 127 128 137 137 137 136 134 121 116 108 108 103 103 103 135 145 152 175 175 175 175 161
127 122 122 128 129 130 173 173 177 173 165 142 138 131 131 148 149 153 175 175 167 160 160 159 151 151 151 147 144 144
155 155 152 152 152 144 144 141 141 141 143 135 135 135 126 126 126 121 121 121 134 134 134 136 136 130 114 114 114 103
103 103 103 106 135 151 151 171 171 171 171 171 126 126 116 108 108 108 108 124 135 142 164 181 181 181 181 172 168 144
122 122 122 132 133 137 162 165 166 197 197 173 172 148 135 121 121 121 128 128 133 170 184 191 191 189 158 154 141 141
139 139 157 157 157 180 187 190 191 191 162 153 140 140 137 137 137 151 151 160 192 192 190 168 166 154 140 140 140 141
141 153 153 154 170 170 164 149 149 118 118 118 118 118  94  94  94  94  94  74  74  79  79  79  95  95  95  97  97  97
95  95 104 104 104 119 120 123 148 148 148 148 148 148 148 140 140 126 125 125 127 127 127 132 132 132 145 146 153 177
177 177 177 177 172 155 136 125 114  99  99  99  99 119 119 119 148 150 163 163 163 163 188 188 155 151 132 127 120 120
144 149 152 173 179 179 182 182 174 166 142 135 129 120 120 130 134 134 164 165 165 165 157 143 136 122 122 120 122 122
172 175 192 192 158 157 135 135 125 125 125 146 148 148 191 199 204 204 181 150 145 131 130 125 125 125 154 156 161 199
188 182 156 133 130 120 120 120 120 120 130 130 130 159 159 159 148 148 134 118 114 114 113 113 113 143 143 146 175 175
175 175 154 138 138 133 124 124 124 120 120 120 149 149 149 154 154 148 126 126 126 128 128 128 141 141 141 131 141 135
134 126 126 122 121 121 121 138 146 147 161 161 143 140 125 120 117 117 117 147 166 177 177 177 177 178 178 159 146 146
161 161 165 155 155 143 143 143 146 180 188 188 188 173 132 132 124 124 127 135 146 165 165 137 129 109  88  88  88  88
82  82 106 124 143 180 180 180 180 180 140 136 110  83  83  83  83  83  75  75  78  80  83 116 137 150 150 150 150 150
106 106 106 106 106  93  93 109 124 125 158 158 158 158 158 152 148 133 129 121 121 121 141 141 142 151 151 151 136 136
133 133 134 148 148 148 155 155 134 127 120 120 124 124 132 155 155 129 127 122  97  97  97  97  97 102 104 143 156 156
156 156 153 128  99  99  99  99  99  99  82  82  82 100 141 141 130 119 119 119 122 122 125 128 128 118 106 106 106 113
128 142 142 127 121 121 121 126 126 126 139 139 132 126 126 126 144 144 159 162 162 162 162 131 115 113 113 113 136 143
159 159 159 159 137 124 124 124 126 154 167 167 167 167 148 145 135 127 127 127 131 183 183 177 169 136  97  97  97  97
91  91 110 134 141 141 141 141 217 217 217 217 217 153 119 107  99  99  99  99  99  99 112 112 120 127 127 127 127 127
118 107 107 101 107 107 122 122 123 121 119 109 106  81  81  81  81  81  92 100 104 121 128 133 133 133 133 133 115 107
98  92  92  92  93 108 111 114 132 134 139 139 133 121 115  97  97  97  97  97  97  97  97 116 126 128 139 139 139 139
112 102 101 101 101 101 108 122 122 122 122 115 106 103  97  97 112 118 126 133 133 129 124  97  94  94  94  94  94  94
135 141 141 141 141 141 140 117  98  96  82  82  82  82  93 117 121 142 151 151 151 151 117 105 105 105 105 105  84  84
103 118 143 143 143 143 143 136 128 106 101  92  91  91  91  91 101 120 124 142 164 164 158 153 130 111 109  96  93  93
93 113 120 120 139 139 139 139 139 145 138 126 117 112  97  97  97  97  97 112 119 126 159 162 164 164 151 139 137 122
113 113 113 123 123 123 143 145 145 145 135 115 112 105 105 110 115 115 143 161 169 183 183 183 183 128 114 112  97  97
97 115 135 150 167 190 190 190 190 177 165 148 122 114 114 114 114 113 111 111 132 139 171 195 195 195 195 177 165 148
111 111 111 111 118 125 136 167 167 191 191 191 191 175 135 130 123 111 111 111 111 111 131 132 161 204 239 239 239 239
171 121 105 105 105 105  94  94  99 119 122 149 172 172 172 172 153 144 132 109 109 109 109 109 103 103 107 107 107 107
115 148 167 171 203 203 203 203 179 130 119 119 119 119 110 100 100 100 111 125 144 150 182 201 201 201 201 140 137 131
92  92  92  92  92 112 112 112 124 143 169 170 211 211 211 211 183 130 118 118 118 118 104  94  94  94  94  94 129 159
160 160 160 216 216 185 165 155 112 109 109 109 109 109 102 102 112 134 139 162 167 188 188 188 188 172 135 129 124 107
107 124 127 149 150 173 202 202 202 202 171 153 147 110 108 108 108 108 108 118 124 154 154 178 193 193 193 171 171 147
115 115 115 132 133 137 147 147 152 159 159 168 168 168 166 144 139 136 115 115 114 116 116 141 147 175 251 251 251 251
249 206 149 129 129 129 129 129 102 102 102 113 113 130 138 138 149 149 143 136 119 116 106  94  87  87  87  97 118 121
179 179 179 179 179 137 133 100  82  82  82  82  82  87  88 122 130 130 130 130 172 186 186 186 186 123 102 102  85  77
77  77 104 111 116 135 135 135 135 135 135 129 118 113 100  92  92  92  92  92  84  84  84  91  93  93 112 112 112 137
137 137 137 118 107  95  95  84  84  84  99  99 103 145 145 145 145 145 147 147 118 101  89  89  89  89  89  89 103 105
109 109 108 109 109 109 120 120 120 126 126 126 120 120 120 119 119 119 119 119 119 126 126 126 129 129 129 138 138 138
109 109 108 109 109 109 120 120 120 126 126 126 120 120 120 119 119 119 119 119 119 126 126 126 129 129 129 138 138 138
143 143 143 143 143 137 137 137 136 136 136 142 142 143 148 148 148 148 148 149 149 149 149 142 142 142 132 132 139 142
143 150 150 154 161 161 161 155 155 154 135 135 133 139 139 144 158 158 163 171 171 171 180 180 180 180 180 180 173 173
176 176 176 182 182 184 184 184 184 184 184 184 193 193 198 210 210 210 203 203 203 192 192 192 188 188 188 196 196 196
207 217 235 235 283 289 340 411 422 432 432 378 331 286 253 250 233 232 232 241 248 248 248 229 229 229 195 195 195 183
183 188 188 188 183 183 183 185 185 185 192 192 192 189 189 189 188 188 188 190 190 190 196 196 196 206 206 206 198 198
190 190 190 192 192 192 202 202 202 200 200 200 191 191 191 185 185 185 183 183 183 182 182 182 185 185 185 190 190 190
179 179 177 177 177 179 179 179 175 175 175 178 178 178 171 171 171 172 172 172 172 172 172 172 172 172 172 172 172 175
175 170 170 170 170 170 170 175 175 175 174 174 174 168 168 168 167 167 167 172 172 172 169 169 169 171 171 171 181 181
179 179 179 175 175 175 171 171 171 172 172 172 173 173 173 160 160 160 156 156 156 148 148 148 149 149 149 150 150 155
165 165 169 169 169 173 173 173 173 173 173 172 172 172 190 190 190 183 183 183 179 179 179 173 173 173 181 181 181 185
185 193 193 193 194 194 194 186 186 186 189 189 190 200 200 200 201 201 201 208 208 208 221 221 221 235 235 235 229 229
241 241 241 235 235 235 223 223 223 201 201 219 219 226 226 226 226 226 226 215 215 215 199 198 198 182 182 182 185 185
193 198 198 197 197 197 197 191 191 188 188 188 186 186 186 169 169 169 161 161 161 164 164 164 173 172 172 160 160 160
153 153 154 154 154 152 152 152 159 159 159 154 154 154 156 156 156 149 149 149 157 155 155 152 152 152 153 153 153 150
150 143 143 143 137 137 137 139 139 139 136 136 136 144 141 141 138 136 136 136 140 140 141 141 141 138 138 138 142 142
143 143 143 145 145 145 152 152 152 157 157 157 164 164 164 166 168 168 170 173 173 174 171 171 171 171 171 173 173 173
172 172 169 169 169 162 162 162 168 168 168 162 162 162 163 160 160 159 159 159 159 159 159 162 162 162 164 164 164 160
160 160 160 160 160 160 160 163 159 159 159 163 163 160 160 160 164 164 164 168 168 168 163 163 163 162 162 162 171 170
165 165 165 162 162 162 162 162 162 163 163 163 168 169 169 164 164 164 166 166 166 166 165 165 165 166 166 167 169 169
166 166 165 165 165 170 170 170 174 171 171 171 171 171 176 177 177 177 178 178 177 176 176 176 176 176 185 185 185 186
187 187 188 188 184 184 184 179 179 179 188 188 188 181 181 181 187 187 187 191 191 191 183 183 183 189 189 189 190 190
190 190 190 193 194 194 194 194 194 194 194 194 192 190 190 190 190 190 188 188 188 189 189 189 195 193 193 192 192 192
195 195 195 198 198 203 208 208 208 209 209 203 203 203 198 198 198 203 203 203 201 201 201 200 200 200 208 208 208 206
206 203 203 203 204 204 204 206 206 206 207 207 207 202 202 202 202 202 202 206 206 206 206 206 206 204 204 204 207 207
202 202 202 202 202 202 208 205 205 204 204 204 202 202 202 204 209 209 201 201 201 204 204 204 198 198 198 204 204 204
199 199 204 204 204 201 201 201 202 202 202 201 201 201 202 207 207 217 217 217 218 218 218 220 220 220 223 228 228 226
226 223 223 223 219 219 219 222 222 222 217 217 217 217 217 217 221 221 221 216 216 216 222 222 222 212 212 212 212 212
221 222 222 223 223 223 225 225 225 223 223 223 223 223 223 231 233 233 245 253 253 251 251 251 240 240 240 239 239 239
241 241 237 237 237 243 243 243 245 245 245 245 245 245 241 241 241 241 241 241 241 241 241 250 250 250 245 245 245 243
242 242 240 240 236 236 236 235 235 235 235 235 235 235 235 235 235 235 235 235 235 235 236 236 236 239 240 240 242 238
238 243 243 240 237 237 222 216 216 201 198 198 198 198 198 198 198 198 208 218 220 228 257 257 272 270 270 235 226 226
202 202 189 189 189 187 187 187 189 192 192 199 220 220 233 246 246 225 224 224 204 200 200 189 180 180 178 178 178 179
179 189 199 202 215 232 232 242 228 228 200 194 194 173 173 173 183 183 183 187 193 193 205 218 225 236 244 244 218 210
201 201 201 191 191 191 193 193 193 199 208 208 222 235 235 218 210 210 192 192 192 188 188 188 191 192 192 199 199 199
198 198 205 205 205 202 202 202 187 187 187 184 184 184 194 201 201 218 222 222 200 200 200 186 186 186 187 187 187 198
207 201 199 199 174 174 174 183 183 183 195 196 196 184 184 184 189 192 192 192 194 194 186 186 186 192 191 191 191 191
191 195 195 193 193 193 199 199 199 199 195 195 195 195 195 198 199 199 194 194 194 200 196 196 196 195 195 193 193 193
194 194 194 196 196 190 190 190 193 193 193 191 191 191 191 191 191 194 194 194 184 184 184 190 190 190 187 187 187 194
194 187 187 187 185 185 185 185 185 185 190 195 195 185 185 185 194 194 194 194 196 196 192 192 192 192 192 192 189 189
192 192 192 193 193 193 195 195 195 189 189 189 192 192 192 194 197 197 192 192 192 192 192 192 190 190 190 194 197 197
194 194 195 195 195 198 198 198 195 195 195 195 195 195 195 195 195 196 196 196 196 197 197 199 194 194 192 192 192 195
195 200 202 202 197 197 197 192 192 192 196 196 196 193 193 193 195 195 195 190 190 190 193 193 193 196 196 196 198 196
193 193 193 193 193 193 194 194 194 194 194 194 195 195 195 196 196 196 194 194 194 191 191 191 195 195 195 193 193 193
190 190 199 199 199 195 195 195 193 193 193 194 195 195 199 196 196 196 198 198 195 195 195 192 192 192 190 190 190 192
192 195 195 195 199 197 197 195 195 195 196 196 196 195 195 195 191 191 191 192 192 192 197 199 199 193 192 192 192 191
187 187 187 193 196 196 189 189 189 190 190 190 192 192 192 192 195 195 188 188 188 189 189 189 191 192 192 187 187 187
190 190 190 195 195 186 186 186 192 192 192 190 190 190 187 187 187 194 193 193 191 191 191 192 192 192 187 187 187 197
196 194 194 194 188 188 188 195 195 195 188 188 188 193 193 193 194 198 198 186 186 186 192 192 192 189 189 189 189 189
192 193 193 186 186 186 193 193 193 189 189 189 193 198 198 194 194 194 192 192 192 196 196 196 191 191 191 193 193 193
193 193 192 192 192 195 195 195 198 197 197 196 196 196 193 193 193 189 189 189 190 190 190 192 192 192 191 191 191 194
194 195 195 195 200 203 203 195 195 195 200 200 200 202 200 200 200 200 200 204 204 204 197 197 197 199 200 200 195 195
200 200 200 202 202 202 199 199 199 203 201 201 194 194 194 197 197 197 202 203 203 191 191 191 200 200 200 200 195 195
188 188 189 189 189 195 196 196 196 196 196 195 195 195 200 200 200 193 193 193 193 193 193 197 197 197 198 201 201 198
198 193 193 193 199 201 201 202 199 199 199 203 203 201 200 200 200 200 200 195 195 195 203 203 203 196 196 196 198 198
207 204 204 204 208 208 205 205 205 205 205 205 207 204 204 203 203 203 204 204 204 204 204 204 206 206 206 206 211 211
199 199 207 207 207 204 204 204 202 202 202 207 209 209 201 201 201 201 201 201 208 209 209 206 206 206 211 211 211 207
207 208 208 208 204 204 204 209 211 211 212 212 212 211 211 211 211 211 211 209 209 209 207 207 207 214 214 214 215 215
211 211 211 214 214 214 209 209 209 215 219 219 216 216 216 212 212 212 216 216 216 215 215 215 206 206 206 208 208 208
210 210 211 211 211 207 207 207 208 208 208 215 217 217 217 217 217 208 208 208 209 209 209 216 218 218 214 214 214 214
214 215 213 213 204 204 204 206 206 206 214 216 216 214 212 212 210 210 210 208 208 208 210 210 210 206 206 206 204 204
204 204 204 204 204 204 209 210 210 213 213 213 213 214 214 210 210 210 207 207 207 211 211 211 207 207 207 217 211 211
209 209 208 208 208 209 209 209 213 213 213 214 214 214 212 212 212 207 207 207 205 205 205 209 209 209 212 212 212 219
223 217 217 217 213 213 213 220 222 222 220 220 220 216 216 216 222 223 223 224 224 224 218 218 218 224 227 227 224 224
225 225 225 229 227 227 218 218 218 224 224 224 229 229 229 231 231 231 223 223 223 225 225 225 228 228 228 225 225 225
217 217 225 225 225 221 221 221 229 227 227 223 223 223 220 220 220 221 221 221 222 222 222 221 221 221 226 226 226 222
222 230 229 229 225 225 225 220 220 220 223 223 223 221 221 221 222 222 222 223 222 222 218 218 218 221 221 221 220 220
217 217 217 214 214 214 212 212 212 219 223 223 214 214 214 219 223 223 217 217 217 221 223 223 215 215 215 218 218 218
213 213 221 221 221 214 214 214 220 218 218 212 212 212 212 212 212 215 215 215 215 215 215 219 219 219 212 212 212 217
217 214 214 214 214 214 214 222 220 220 220 220 220 222 222 222 222 224 224 223 223 223 219 219 219 229 229 229 224 224
229 229 229 225 225 225 229 230 230 229 229 229 231 231 231 228 228 228 230 230 230 233 234 234 234 234 234 227 227 227
231 231 229 229 229 227 227 227 231 231 231 233 231 231 230 230 230 227 227 227 236 236 236 230 230 230 231 231 231 234
233 231 231 231 227 227 227 228 228 228 222 222 222 224 224 224 222 222 222 236 233 233 225 225 225 224 224 224 223 223
218 218 218 223 223 223 228 228 228 222 222 222 226 227 227 225 225 225 226 226 226 225 225 225 224 224 224 228 228 228
220 220 229 227 227 218 218 218 220 220 220 222 222 222 230 226 226 225 225 225 217 217 217 219 219 219 225 223 223 213
213 224 224 224 225 229 229 221 221 221 217 217 217 223 223 223 231 231 231 227 227 227 227 227 227 230 230 230 221 221
227 227 227 228 228 228 231 229 229 224 224 224 229 229 229 229 228 228 228 229 229 232 232 232 230 230 230 226 226 226
234 234 230 230 230 234 237 237 230 230 230 235 235 235 232 232 232 234 234 234 235 235 235 235 235 235 236 236 236 231
231 228 228 228 228 228 228 232 232 232 230 230 230 227 227 227 228 228 228 223 223 223 228 228 228 224 224 224 227 227
228 228 228 229 229 229 230 230 230 226 226 226 219 219 219 224 224 224 229 229 229 231 231 231 223 223 223 225 225 225
223 223 229 229 229 225 225 225 225 223 223 220 220 220 222 222 222 227 228 228 223 223 223 219 219 219 220 220 220 221
221 226 226 226 227 227 227 225 225 225 224 224 224 227 227 227 223 223 223 219 219 219 226 225 225 225 230 230 230 228
228 228 228 228 230 230 228 228 228 230 232 232 226 226 226 232 233 233 228 228 228 233 234 234 230 230 230 237 236 236
236 236 234 234 234 242 240 240 239 239 239 243 244 244 234 234 234 239 239 239 238 238 238 235 235 235 233 233 233 231
231 235 235 235 237 237 237 239 240 240 236 236 236 237 237 237 233 233 233 232 232 232 235 235 235 232 232 232 239 239
233 233 233 232 232 232 232 232 232 234 234 234 235 237 237 233 233 233 232 232 232 230 230 230 228 228 228 228 228 228
230 230 229 229 229 233 235 235 235 233 233 230 230 230 233 234 234 231 231 231 227 227 227 223 223 223 229 229 229 231
231 228 228 228 222 222 222 230 230 230 231 231 231 232 232 232 229 229 229 231 231 231 234 234 234 231 231 231 224 224
233 233 233 231 231 231 230 230 230 226 226 226 229 229 229 236 236 236 233 233 233 239 239 239 229 229 229 232 232 232
238 238 229 229 229 239 239 239 236 236 236 236 236 236 238 238 238 240 240 240 243 243 243 245 245 245 246 247 247 242
242 246 247 247 240 240 240 231 231 231 237 237 237 238 238 238 243 243 243 239 239 239 243 243 243 235 235 235 242 246
246 246 246 246 246 246 242 242 242 244 244 244 249 250 250 246 246 246 240 240 240 241 241 241 243 248 248 246 246 246
238 238 243 241 241 241 241 241 241 241 241 240 240 240 243 243 243 238 238 238 236 236 236 238 238 238 241 241 241 238
238 242 242 242 237 237 237 239 239 239 241 239 239 239 244 244 241 241 241 241 244 244 239 239 239 240 240 240 235 235
242 242 242 242 242 242 237 237 237 242 242 242 241 241 241 243 243 243 237 237 237 246 247 247 243 243 243 245 245 245
249 249 250 252 252 246 246 246 245 245 245 252 252 252 252 252 252 253 253 253 252 252 252 259 259 259 259 259 259 251
251 258 256 256 247 247 247 255 256 256 245 245 245 249 249 249 251 251 251 246 246 246 246 246 246 247 250 250 249 249
246 246 246 251 251 251 253 254 254 249 249 249 247 247 247 253 252 252 246 246 246 251 251 251 251 249 249 248 248 248
245 245 243 243 243 249 249 249 244 244 244 243 243 243 241 241 241 243 243 243 232 232 232 241 241 241 237 237 237 242
28 30 35 35 33 30 30 30 25 23 22 12 11 11  3  3  3  4  4  3  1  1  1  2  2  2  3  3  3  3
14 14 30 30 30 30 30 30 23 23 20 19 15 13 11  5  5  0  0  0  2  2  2  1  1  1  0  0  0  2
22 26 39 39 39 34 34 33 29 29 29 24 20 19 18 15  9  7  4  4  2  2  2  0  0  0  0  0  0 -1
15 16 26 26 26 29 29 29 27 26 26 17 17 14 13  7  4  4  4  4  4  4  4  0  0  0  0  0  0  2
17 18 26 26 26 32 32 33 32 32 32 32 32 26 24 22 22 16 16 15 11 11  6  5  5  5  2  2  2  1
17 17 23 28 32 44 44 44 47 47 47 43 43 43 42 39 37 35 35 25 23 19 19 10 10 10  4  4  4  7
23 24 25 31 32 32 37 37 37 39 39 39 35 35 35 30 29 26 22 22 18 14 14 10  8  8  4  4  4  3
24 26 42 42 45 50 50 45 40 39 36 26 25 22 19 14 14  9  7  6  2  2  2  4  4  1 -1 -2 -2  1
15 15 23 29 30 41 41 41 46 46 46 42 42 40 37 37 35 30 24 24 17 14 10  8  4  4  1  1  1  3
22 24 30 30 30 41 41 42 41 41 38 37 37 37 31 31 24 18 17 17 11 10 10  6  6  6  7  7  7  4
27 27 27 38 39 43 49 49 41 41 39 33 32 32 29 25 25 25 13 13 11  7  6  6  1  1  1  2  2  2
20 20 32 32 35 41 43 45 53 53 55 51 51 51 46 44 43 35 33 28 19 14 13 12  8  6  5  5  5  5
19 19 28 28 30 30 30 30 29 29 29 27 24 24 21 21 21 20 16 16 15 14 14 10 10  7  3  3  3  3
17 24 24 28 33 33 35 31 31 31 31 31 31 29 29 27 22 16 14 12 10  5  4  1  1  2  2  2  1  1
20 20 27 27 27 35 35 35 36 36 36 32 32 32 32 32 32 30 30 21 18 14 11 10 10  7  5  5  5  2
11 21 22 22 39 39 43 43 43 47 43 43 43 40 40 38 33 33 30 21 21 15 15  9  9  3  3  3  3  3
16 19 25 25 26 31 31 34 31 31 28 23 21 21 20 18 17 13 13 13 10  4  4  6  6  6  4  4  4  0
24 26 32 39 39 39 41 41 41 41 41 34 26 24 16 13 10 10 10 10 11  5  5  4  0  0  0 -1 -1 -1
19 19 28 27 29 33 33 33 34 34 34 31 31 31 27 27 23 22 19 15 10 10  6  3  3  2  2  2  3  2
13 16 28 35 38 45 45 45 55 55 55 54 54 51 42 42 30 25 18 18 15 12 11  8  8  5  3  3  3  3
15 16 33 33 33 43 43 43 47 47 47 49 49 47 40 39 33 22 21 21 11 10  6  5  5  4  4  4  1 -8
16 16 23 23 23 32 32 32 38 38 41 50 50 52 55 55 56 57 57 57 57 57 50 48 48 36 30 23 15 15
21 21 23 26 26 26 34 34 34 39 39 39 36 36 36 30 30 26 19 19 18 10 10  7  7  7  1  1  1  2
23 23 32 32 35 35 35 37 33 33 30 27 27 16 16 16 13 12 12  6  6  6  5  1  1  1 -1 -1 -1 -3
18 18 26 26 28 38 38 41 47 47 48 47 47 39 34 34 30 18 18 18 11 11  8  8  8  4  2  2  2 -1
19 24 33 33 38 53 53 56 60 60 56 55 55 41 34 34 20 11  7  6  2  2  2  6  6  6 -1 -1 -1 -1
18 22 34 34 36 45 45 48 51 51 51 40 40 35 25 25 13  7  6  5 -5 -5 -5 -2 -2 -2  2  2  2 -1
18 18 27 27 27 35 35 35 40 40 40 49 49 48 44 44 44 40 40 34 29 29 19 14  8  8  6  6  6  1
12 14 18 18 18 23 23 23 28 28 28 32 32 32 32 32 32 34 34 34 26 26 23 15 15 15 10 10 10  1
17 19 25 25 25 35 35 36 38 38 38 45 45 45 41 41 41 33 33 33 23 23 23 18 18 15  9  9  9  5
19 19 23 23 28 39 39 40 49 49 49 52 52 52 49 49 44 37 37 30 19 19 19 16 16 16  7  7  7  0
15 15 15 15 15 25 25 25 34 34 34 34 34 34 42 42 42 41 41 41 38 38 38 26 26 24 16 16 14 10
17 17 23 23 24 35 35 35 39 39 39 48 48 48 43 43 43 37 37 37 25 25 25 16 16 16 12 12 10  3
22 22 29 29 33 39 39 39 38 38 38 41 41 41 41 41 41 39 39 39 33 32 26 21 21 16 14 14 14  8
25 25 36 36 36 49 49 49 44 44 44 40 40 34 26 26 24 15 15 15  4  4  4  2  2  2  1  1  1  2
11 11 24 24 28 42 42 43 51 51 52 56 56 57 46 46 46 35 35 29 16 16 16  6  6  6  6  6  5 -3
13 13 25 25 25 37 37 37 52 52 55 57 57 57 54 54 50 44 44 42 35 35 26 16 16 16  6  6  6  1
15 15 26 26 26 32 32 32 28 28 28 26 26 26 17 17 17  8  8  8  2  2  2  3  3  3 -3 -3 -3  0
23 23 32 32 32 39 39 39 46 46 46 40 40 36 29 29 21 12 12 12  2  2  2  9  9 10  1  1  1  4
21 21 22 22 22 22 22 22 23 23 23 26 26 25 17 17 17 10 10 10 15 15 11  0  0  0  3  3  3 -2
19 19 25 25 25 35 35 35 30 30 30 25 25 25 17 17 17 12 12 12  5  5  5 -6 -6 -6  1  1  1  1
21 21 30 30 30 40 40 40 44 44 44 42 42 42 40 40 39 21 20 20 10 10 10  7  7  7  3  3  3 -2
22 22 27 27 27 32 32 32 35 35 35 26 26 26 26 26 24 14 14 14 12 12 11  2  2  2 -1 -1 -1  3
22 22 25 25 25 23 23 23 22 22 22 15 15 15 14 14 14 11 11 11 -1 -1 -1  4  4  4 -1 -1 -1  2
19 19 25 25 25 26 26 26 27 27 27 28 28 28 22 22 22 13 13 13 10 10 10  8  8  8 -1 -1 -1  0
15 15 21 21 21 21 21 21 24 24 24 23 23 23 21 21 21 12 12 12 12 12 12  5  5  5  2  2  2  4
17 17 20 20 20 23 23 23 26 26 26 26 26 26 18 18 18 13 13 13  7  7  7  5  5  5  3  3  3 -1
15 15 24 24 24 29 29 29 26 26 26 20 20 20 16 16 16  3  2  2  9  9  9  1  1  1 -4 -4 -4  4
15 15 25 25 25 28 28 28 29 29 29 24 24 24 23 23 20 17 17 17  7  7  7  6  6  6  5  5  5  4
18 18 20 20 20 26 26 26 27 27 27 24 24 24 19 19 19 16 16 16 10 10 10 -2 -2 -2  1  1  1  3
19 19 22 22 22 25 25 25 27 27 27 29 29 29 28 28 25 17 17 17 10 10 10  8  8  8  3  3  3  7
22 22 29 29 29 34 34 34 38 38 38 38 38 38 37 37 37 28 28 28 18 18 18  9  9  9  3  3  3  3
17 17 29 29 29 35 35 35 36 36 36 33 33 33 31 31 31 25 25 25 14 14 14  8  8  8  2  2  2  2
11 11 23 23 23 31 31 31 43 43 43 52 52 52 42 42 42 35 35 29 16 16 16 10 10 10  4  4  4  2
24 24 38 38 38 48 48 48 59 59 59 58 58 58 57 57 49 40 40 34 17 15 15  9  9  9  7  7  7  0
17 17 23 23 23 30 30 30 37 37 37 35 35 35 22 22 22 14 14 14  8  8  8  5  5  5  2  2  2  4
18 18 18 18 18 25 25 25 24 24 24 24 24 24 12 12 12  5  5  5  1  1  1 -3 -3 -3 -2 -1 -1  1
22 22 18 18 18 24 24 24 16 16 16 17 17 16 10 10 10  9  9  8  3  3  3  2  2  2 -1 -1 -1  2
20 20 19 19 19 20 20 20 14 14 14  8  8  8  8  8  8  2  2  2  0  0  0  0  0  0  5  5  5  1
19 19 26 26 26 22 22 22 18 18 18 20 20 18 13 12 12  6  6  6  2  2  2 -1 -1 -1  3  3  3  0
14 14 14 14 14 14 14 14 13 13 13 11 11 11  8  8  8  7  7  7 -5 -5 -5  4  4  4  3  3  3  7
15 15 19 19 19 29 29 29 24 24 24 35 35 35 35 35 35 29 29 29 20 20 20  9  9  9  7  7  7 -1
14 14 16 16 16 15 15 15 17 17 17  9  9  9  3  3  3  3  3  3  2  2  2 -2 -1 -1  4  4  4  1
14 14 17 17 17 26 26 26 21 21 21 21 21 21 19 19 19 15 15 15  3  3  3  1  1  1  4  4  4  6
20 20 15 15 15 16 16 16 10 10 10 17 17 17  9  9  9  7  7  7  4  4  4  5  5  5  3  3  3  3
20 20 20 20 20 20 20 20 12 12 12  6  6  6  2  2  2  7  7  7 -7 -7 -7  0  0  0  4  4  4  4
17 17 28 28 28 30 30 30 24 24 24 20 20 20 19 19 19 12 12 12 10 10 10  4  4  4  6  6  6  3
17 17 19 19 19 22 22 22 20 20 20 18 18 18 12 12 12 10 10 10 10 10 10  5  5  5  5  5  5  4
17 17 15 15 15 14 14 14  6  6  6  6  6  6  5  5  5  1  1  1  3  3  3  2  2  2  0  0  0  0
15 15 28 28 28 35 35 35 32 32 32 26 26 26 22 22 22 11 11 11  9  9  9  7  7  7 -1 -1 -1  7
12 12 25 25 25 30 30 30 26 26 26 20 20 20 15 15 15 15 15 12  7  7  7  8  8  8  6  6  6 -2
21 21 19 19 19 22 22 22 20 20 20 23 23 23 12 12 12  8  8  8  7  7  7  6  6  6  4  4  4  3
18  18  23  23  23  20  20  20  20  20  20  20  20  20  18  18  18  12  12  12   6   6   6   3   3   3   3   3   3 -15
16 16 27 27 27 35 35 35 34 34 34 29 29 29 20 20 20 10 10 10  8  8  8  0  0  0  2  2  2  1
17 17 22 22 22 30 30 30 30 30 30 26 26 26 22 22 22 18 18 18 13 13 13  8  8  8  6  6  6  1
12 12 22 22 22 24 24 24 31 31 31 31 31 31 28 28 28 19 19 19 16 16 16 12 12 12  8  8  8  0
15 15 19 19 19 26 26 26 18 18 18 15 15 15 15 15 13  6  6  6  7  7  7  6  6  6  6  6  6  0
13 13 26 26 26 33 33 33 27 27 27 21 21 21 16 16 16 11 11 11  9  9  9  5  5  5  7  7  7  4
15 15 24 24 24 26 26 26 28 28 28 29 29 29 26 26 26 15 15 15 14 14 14 12 12 12  2  2  2  7
18 18 23 23 23 27 27 27 35 35 35 29 29 29 23 23 23 13 13 13  7  7  7  6  6  6  5  5  5  3
14 14 23 23 23 21 21 21 17 17 17 16 16 16 12 12 12 12 12 12 12 12 12  5  5  5  2  2  2 14
16 16 22 22 22 27 27 27 25 25 25 20 20 20 16 16 16 14 14 14 12 12 12 15 15 11  3  3  3  4
22 22 21 21 21 26 26 26 25 25 25 23 23 23 19 19 18 12 12 12  8  8  8  6  6  6  9  9  9  3
15 15 19 19 19 19 19 19 18 18 18 11 11 11  8  8  8  3  3  3  0  0  0  4  4  4  5  5  5  1
16 16 22 22 22 22 22 22 25 25 25 18 18 18 11 11 11  9  9  9 10 10 10  8  8  8  3  3  3  1
14 14 14 14 14 13 13 13 16 16 16 10 10 10  7  7  7  1  1  1  3  3  3  3  3  3 -1 -1 -1  5
18 18 15 15 15 15 15 15 10 10 10  7  7  7  9  9  9  2  2  2  2  2  2  4  4  4  4  4  4  3
15 15 14 14 14 18 18 18 20 20 20 17 17 17 12 12 12  6  6  6  4  4  4  3  3  3  8  8  8  3
23 23 26 26 26 26 26 26 16 16 16  7  7  7  6  6  6  5  5  5  3  3  3  5  5  5  7  7  7 -3
19 19 10 10 10 14 14 14  9  9  9  7  7  7  2  2  2  2  2  2  4  4  4  0  0  0  1  1  1  4
15 15 16 16 16 20 20 20 19 19 19 10 10 10 12 12 12  4  4  4  7  7  7  4  4  4  3  3  3  0
17 17 18 18 18 15 15 15 15 15 15 10 10 10  2  2  2  6  6  6  1  1  1  6  6  6  4  4  4  7
18 18 18 18 18 22 22 22 27 27 27 20 20 20 19 19 19 13 13 13  8  8  8  7  7  7  3  3  3  4
15 15 19 19 19 21 21 21 18 18 18 23 23 23 20 20 18 11 11 11  9  9  9  6  6  6  2  2  2 -1
19 19 21 21 21 27 27 27 20 20 20 21 21 21 20 20 18 14 14 14  5  5  5  7  7  7  5  5  5  7
20 20 24 24 24 27 27 27 22 22 22 20 20 20 14 14 14  8  8  8  6  6  6  9  9  9  6  6  6  6
16 16 22 22 22 19 19 19 16 16 16 18 18 18  9  9  9 13 13 13  6  6  6  5  5  5  5  5  5  2
17 17 20 20 20 27 27 27 21 21 21 20 20 20 20 20 20 16 16 16  9  9  9  5  5  5  1  1  1  2
15 15 19 19 19 28 28 28 26 26 26 20 20 20 22 22 22 17 17 17 16 16 16 12 12 12  8  8  8  2
23 23 24 24 24 22 22 22 23 23 23 24 24 24 23 23 23 18 18 18 16 16 16 10 10 10  4  4  4  1
23 34 42 50 55 55 32 32 32  8  8  8  6  6  6  6  6  6  1  1  1  0  0  0  2  2  2  1  1  1
15 25 28 28 37 35 35 22 20 20 11 11 11  2  2  2 -1 -1 -1 -1 -1 -1 -1 -1 -1  3  3  2 -1 -1
19 19 27 32 32 40 44 44 32 32 32 16 16 16  4  4  4  2  2  2  4  4  4  4  4  4  1  1  1  0
22 22 25 25 25 33 33 33 29 25 25 11 11 11  5  5  5  4  4  4 -3 -3 -2  3  3  3 -1 -1 -1  5
16 16 25 25 25 35 35 35 31 31 31 15 15 15  5  5  5  0  0  0  0  0  0  1  1  1 -1 -1 -1  0
17 17 25 25 25 28 28 28 29 29 29 21 21 21 12 12 12  3  3  3  3  3  3  0  0  0 -1 -1 -1 -1
21 23 35 37 37 46 46 46 36 35 35 24 24 24 14 14 14  4  4  4 -1 -1 -1  2  2  2 -2 -2 -1  0
25 25 29 30 30 33 35 35 30 30 30 22 22 22 13 13 13  0  0  0  4  4  4  5  5  5  3  3  3  0
17 28 31 33 43 51 51 52 52 52 40 32 32 14 14 14  1  1  1  3  3  3  0  0  0 -1 -1 -1 -2 -2
17 17 28 31 31 32 32 32 25 24 24 14 14 14 12 12 12  2  2  2  6  6  6  3  3  3  1  1  1  0
21 21 25 25 25 30 30 30 21 21 21 18 14 14  7  7  7  3  3  3 -4 -4 -4  2  2  2  5  3  3  1
25 25 32 35 35 27 27 27 23 23 23 13 13 12  4  4  4  1  1  1  3  5  5 -1 -1 -1  2  2  2  1
24 24 28 28 28 25 25 25 21 19 19 14 13 13  6  6  6  4  4  4  4  4  4  2  2  2  3  3  3  1
26 26 27 27 27 28 28 28 19 19 19 15 15 15  7  7  7  7  7  7  6  6  6  1  1  1  1  1  1  3
18 22 22 22 24 24 24 17 17 17  4  4  4  5  5  5  5  5  5  3  3  3  4  4  4  1  1  1  7  4
25 25 27 27 27 25 25 25 13 13 13 10  9  9  9 11 11  1  1  1  3  3  3  2  2  2  1  1  1  4
21 21 29 29 29 28 28 28 20 20 20  5  5  5  3  3  3  2  2  2  3  3  3  1  1  1  3  3  3 -3
20 20 22 22 22 15 15 15  9  9  9  3  3  3  2  2  2  4  4  4  5  5  5  1  1  1  1  1  1  1
22 22 29 29 29 27 27 27 22 22 22 11 11 11 14 14 14  8  8  8  3  3  3  2  2  2  4  4  4  2
19 19 27 29 29 35 36 36 37 37 37 28 28 28 22 22 22 12 12 12  7  7  7  0  0  0  2  2  2  1
19 19 17 17 17 19 19 19 25 25 25 17 17 17 14 14 14  9  9  9  3  3  3  2  2  2  4  4  4  5
26 28 37 41 41 38 38 38 30 30 30 24 24 24 15 15 15 10 10 10  9  9  9  2  2  2  6  6  6  4
23 23 30 30 30 23 23 23 12 12 12  5  5  4 -1 -1 -1  1  1  1  0  0  0  0  0  0 -1 -1 -1 -2
24 24 34 34 34 26 26 26 17 17 17  4  4  4  2  2  2  1  1  1  0  0  0  0  0  0  0  0  0  1
17 17 26 27 27 28 28 28 23 23 23 12 12 12  4  4  4  2  2  2  0  0  0  1  1  1  0  0  0 -1
19 19 24 24 24 28 24 24 11 11 11  5  5  5 -4 -4 -4  3  3  3 -3 -3 -3  0  0  0 -1 -1 -1 -1
19 19 23 23 23 19 19 19 10  8  8  4  4  4  3  3  3  3  3  3  0  0  0  0  0  0  0  0  0 -1
14 14 24 32 32 30 30 30 26 26 26 15 15 15  3  3  3 -1 -1 -1  1  1  1 -1 -1 -1  3  3  3  0
16 26 30 30 24 24 24 19 19 19 11 11 11  5  5  5  1  1  1  4  4  4  1  1  1  3  3  3  2  2
21 21 24 25 25 17 17 17 12 12 12  6  6  6  5  5  5  1  1  1  2  1  1  2  2  2  3  3  3 -1
22 22 22 22 22 17 17 17 13 13 13  4  4  4  5  5  5  1  1  1  3  3  3  1  1  1 -1 -1 -1  2
27 27 30 27 27 20 20 20 14 14 14  6  6  6  2  2  2 -2 -2 -2  2  2  2  0  0  0  2  2  2  0
15 26 26 26 28 28 28 24 24 24 19 19 19 10 10 10  5  5  5  5  5  5  4  4  4  4  4  4  3  3
19 19 28 29 29 30 30 30 30 29 29 17 17 17  9  9  9  7  7  7  5  5  5  6  6  6  1  1  1  4
22 22 21 21 21 15 15 15 11 11 11 10 10 10  3  3  3  1  1  1  6  7  7  6  6  6  5  4  4  0
18 18 19 19 19 19 19 19 20 15 15  5  5  5 10 10 10  8  8  8  4  4  4  8  7  7  0  0  0  2
17 17 24 29 29 31 31 31 29 29 29 17 17 17  6  6  6  7  7  7  0  0  0  1  1  1  0  0  0  4
15 15 19 19 19 24 24 24 16 15 15  9  9  9  1  1  1  4  4  4  0  0  0  1  1  1  4  4  4  3
21 21 25 25 25 26 26 26 24 24 24 15 15 15  8  8  8  6  6  6  2  2  2  1  1  1  5  5  5  2
22 22 25 25 25 15 15 15  6  6  6  8  8  8  6  6  6  4  4  3  4  4  4  3  3  3  4  4  4  3
16 16 21 21 21 17 17 17 16 16 16 13  9  9  3  3  3  1  1  1  1  1  1  1  1  1  4  4  4 -1
19 19 15 15 15 14 14 14  7  7  7  2  2  2  1  1  1 -1 -1 -1  1  1  1  0  0  0  1  1  1  0
15 15 19 19 19 17 17 17  5  5  5  7  6  6  1  1  1 -2 -2 -2  1  1  1 -1 -1 -1  0  0  0 -1
25 25 27 27 27 19 19 19 16 16 16  5  5  5  3  3  3 -3 -3 -3  1  1  1  0  0  0 -2 -2 -2 -2
17 17 22 22 22 21 21 21 10 10 10 12 12 12  5  5  5  2  2  2  4  4  4  1  1  1  0  0  0  2
16 16 23 23 23 24 24 24 18 18 18 14 13 12  7  7  7 -1 -1 -1  1  1  1  5  5  5  0  0  0  1
14 24 26 26 19 19 19 12 12 12  8  8  8  6  6  6 -1 -1 -1  3  3  3  3  3  3 -2 -2 -2  2  2
27 27 34 34 34 30 30 30 16 16 16  6  6  6  3  3  3  1  1  1  1  1  1  0  0  0  3  3  3  2
15 15 15 15 15 15 15 15 13 13 13 10 10 10  6  5  5 -2 -2 -2  3  3  3  2  2  2  0  0  0 -1
16 16 20 20 20 14 14 14  9  9  9  3  3  3  1  1  1  2  2  2  2  2  2  4  4  4 -2 -2 -2  0
16 16 27 29 29 27 27 27 18 18 18 10 10 10  2  2  2  1  1  1 -2 -2 -2  1  1  1  0  0  0 -1
13 19 19 19 13 13 13  9  9  9  6  6  6  4  4  4 -1 -1 -1 -2 -2 -2 -2 -2 -2 -5 -5 -5 -3 -3
18 19 19 19 14 14 14  8  8  8  6  6  6  5  5  5  6  5  5 -1 -1 -1 -1 -1  0  2  2  2  0  0
10 17 18 18 16 16 16 11 11 11 10  7  7  3  3  3  2  2  2 -1 -1 -1  2  2  2 -2 -2 -2  2  2
14 14 13 13 13 14 14 14 16 13 13 10 10 10  2  2  2  0  0  0  3  2  2  2  3  3  1  1  1  0
13 18 25 25 25 25 25 20 20 20 13 13 13  4  4  4  1  1  1  0  0  0  4  4  4 -1 -1 -1  0  0
24 24 28 28 28 22 22 22 16 13 13  4  4  4  2  2  2  1  1  1  0  0  0  0  0  0 -1 -1 -1  6
19 19 25 25 25 15 15 15  6  6  6  5  5  5  5  5  5  2  2  2  7  7  7  7  7  7  4  4  4  3
18 18 22 22 22 22 22 22 17 17 17  8  8  8  3  2  2  1  1  1 -4 -4 -4  2  2  2  0  0  0  0
25 25 38 39 39 36 36 36 24 24 24  5  5  5  4  4  4  2  2  2  0  0  0  2  2  2  2  2  2  3
21 21 25 25 25 26 26 26 18 16 16  6  6  6  4  4  4  4  4  4  0  0  0  2  2  2  2  2  2  2
18 18 22 22 22 15 15 15  8  8  8  9  6  6  2  2  2  1  1  1  1  1  1  1  1  1  2  2  2 -1
21 21 24 24 24 14 13 13  6  6  6  4  4  4  3  3  3  3  3  3 -1 -1 -1  4  4  4  1  1  1  4
10 22 23 23 25 25 25 22 22 22 15 13 13  3  3  3  2  2  2  1  1  1  0  0  0 -2 -2 -2  4  4
17 17 25 26 26 40 41 41 37 37 37 23 23 23 10 10 10  4  4  4  3  3  3  2  2  2 -1 -1 -1 -1
21 21 27 27 27 23 22 22 17 17 17 12 12 12  5  5  5  6  6  6  3  3  3  3  3  3  0  0  0  5
21 21 25 25 25 27 24 24 18 13 13  9  9  8  4  4  4  1  1  1  1  1  1  1  1  1 -2 -2 -2 -2
16 16 25 25 25 34 35 35 24 24 24 15 15 15  6  6  6  5  5  5  1  1  1  0  0  0 -3 -3 -3  0
14 14 21 21 21 22 22 22 17 17 17 14 14 14  6  6  6  3  3  3  4  4  4  5  5  5  0  0  0  0
26 26 30 30 30 34 34 34 25 25 25 16 16 16  7  7  7  3  3  3  6  6  6  4  4  4  5  5  5  6
17 17 26 26 26 27 27 27 31 33 33 22 22 22 17 17 17  5  5  5  4  4  4  5  5  5  4  4  4  0
17 17 25 23 23 23 24 24 27 27 27 21 13 13  8  8  8  7  6  6  2  2  2 -1 -1 -1  2  2  2  4
12 12 25 25 25 30 30 30 22 22 22 18 18 18  7  7  7 -2 -2 -2  0  0  0  2  2  2  2  2  2  3
21 21 26 28 28 27 27 27 15 15 15  2  2  2  1  1  1  4  4  4  1  1  1  0  0  0  2  2  2  0
21 21 21 21 21 22 20 20 17 17 17  6  6  6  2  2  2  3  3  3  1  1  1  1  1  1  1  1  1 -2
21 21 27 28 28 28 25 25 17 17 17 10 10 10  5  5  5  0  0  0  2  2  2  3  3  3  3  3  3  0
15 15 19 19 19 16 16 16 15 15 15  7  7  7  1  1  1  1  1  1 -2 -2 -2 -3 -3 -3  3  3  3 -2
14 14 20 20 20 16 16 16 12 12 12  2  2  2  2  2  2 -1 -1 -1  3  5  5 -1 -1 -1 -3 -3 -3  0
12 12 24 24 24 26 26 26 27 27 27 17 17 17  8  8  8  1  1  1 -1 -1 -1  0  0  0  1  1  1 -2
16 16 24 24 24 23 23 23 22 22 22 11 11 11 11 11 11  2  2  2  3  3  3  0  0  0  4  4  4  0
12 12 20 21 21 29 27 27 22 22 22 11 11 11  7  7  7 -2 -2 -2  2  2  2  4  4  4  1  1  1  2
17 17 26 26 26 27 27 27 20 20 20 12 12 12  8  8  8  3  3  3  2  2  2  6  6  6 -2 -2 -2  4
13 23 29 29 33 35 35 31 31 31 15 15 15  7  7  7  5  3  3  2  2  2  4  4  4 -2 -2 -2  0  0
17 17 17 17 17 28 28 28 29 29 29 22 22 22  9  9  9  2  2  2  4  4  4  2  2  2  0  0  0 -4
16 16 29 29 29 36 36 36 22 22 22 17 17 17  5  5  5  8  8  8  1  1  1  2  2  2 -1 -1 -1 -1
18 18 24 26 26 28 28 28 24 24 24 18 18 18  9  9  9  8  8  8  0  0  0  2  2  2  4  4  4 -1
21 21 33 33 33 30 29 29 20 20 20 11 11 11  8  8  8  2  2  2  2  2  2  2  2  2  2  2  2  5
21 21 27 28 28 25 25 25 18 18 18  8  8  8  4  4  4  0  0  0 -1 -1 -1 -1 -1 -1  1  1  1 -1
19 19 29 29 29 24 24 24 17 17 17 14 14 14  2  2  2  4  4  4  2  2  2  2  2  2  1  1  1  0
23 23 31 31 31 34 34 34 30 30 30 19 19 19 12 12 12  7  7  7  1  1  1  1  1  1  3  3  3  2
14 21 21 21 25 25 25 21 21 21 12 12 12  7  7  7  7  7  7  1  1  1  4  4  4  2  2  2  1  1
23 23 31 33 33 28 28 28 21 21 21 14 14 14  5  5  5  7  7  7 -2 -2 -2  3  3  3  1  1  1  3
21 21 23 23 23 17 17 17 12 12 12 12 10 10  3  3  3  2  2  2  3  3  3  2  2  2  3  3  3  0
18 18 23 23 23 22 22 22 19 19 19 14 14 14  6  6  6  4  4  4  0  0  0  5  4  4  3  3  3  1
24 24 29 29 29 34 34 34 27 27 27 14 14 14  8  8  8  3  3  3  2  2  2  2  2  2  2  2  2  2
20 20 30 30 30 30 30 30 24 24 24 13 13 13 12 12 12 11 11 11  2  2  2  2  2  2  2  2  2  5
17 17 31 31 31 32 32 32 26 25 25 17 17 17  9  9  9  5  5  5  2  2  2  3  3  3  6  6  6  2
18 18 28 28 28 32 35 35 26 26 26 21 19 19  9  9  9  5  5  5  0  0  0  0  0  0  4  4  4  0
20 20 33 32 32 27 27 27 24 20 20 11 11 11  6  6  6  4  4  4 -2 -2 -2 -2 -2 -2 -1 -1 -1  0
22 22 30 30 30 20 20 20 15 15 15  3  3  3  4  4  4  1  1  1  1  1  1  5  5  5  1  1  1  0
1  1  3  3  3 -1 -1 -1  6  6  6  1  1  1  1  1  1 -1 -1 -1  0  0  0 -3 -3 -3  0  0  0  1
1 -2 -2 -2  2  2  2  3  3  3  1  1  1  3  3  3  3  3  3  2  2  2  1  1  1 -2 -2 -2  3  3
-1 -1 -1 -3 -3 -3  0  0  0  3  3  3  0  0  0 -1 -1 -1  1  1  1  3  3  3  4  4  4  6  6  6
2  2  6  6  6  0  0  0  4  4  4  3  3  3  0  0  0  5  5  5  1  1  1 -3 -3 -3  8  8  8  2
2  3  3  3 -2 -2 -2  3  3  3 -1 -1 -1  5  5  5 -1 -1 -1  0  0  0  4  4  4  0  0  0  0  0
-2 -2 -2 -4 -4 -4  3  3  3  3  3  3  2  2  2 -1 -1 -1  4  4  4 -3 -3 -3  2  2  2  4  4  4
3  3  2  2  2  0  0  0 -2 -2 -2 -3 -3 -3  6  6  6  5  5  5  3  3  3  4  4  4 -2 -2 -2  0
0  1  1  1  4  4  4 -1 -1 -1  3  3  3 -1 -1 -1  1  1  1  1  1  1 -4 -4 -4  0  0  0 -2 -2
-2 -2 -2  5  5  5  4  4  4  1  1  1 -5 -5 -5  2  2  2  2  2  2  1  1  1 -1 -1 -1  4  4  4
-3 -3 -1 -1 -1 -2 -2 -2  4  4  4  3  3  3  0  0  0 -2 -2 -2  0  0  0 -1 -1 -1  2  2  2  2
2  1  1  1  3  3  3  6  6  6  2  2  2  1  1  1  0  0  0  1  1  1 -2 -2 -2  3  3  3 -1 -1
0  0  0  4  4  4 -1 -1 -1  0  0  0  3  3  3  2  2  2  0  0  0 -1 -1 -1  2  2  2  5  5  5
5  5  6  6  6  3  3  3  0  0  0  1  1  1  2  2  2  3  3  3  1  1  1 -2 -2 -2  6  6  6  3
3 -4 -4 -4  2  2  2  3  3  3  2  2  2 -1 -1 -1  1  1  1  2  2  2  1  1  1  5  5  5  4  4
1 1 1 4 4 4 3 3 3 1 1 1 0 0 0 2 2 2 1 1 1 0 0 0 5 5 5 0 0 0
3  3  3  3  3  0  0  0  2  2  2 -1 -1 -1  1  1  1 -1 -1 -1  0  0  0  1  1  1  4  4  4  2
2  2  2  2  2  2  2  2  2  2  3  3  3  1  1  1 -1 -1 -1  4  4  4 -3 -3 -3  5  5  5  3  3
1  1  1  2  2  2  5  5  5 -1 -1 -1  2  2  2  1  0  0 -2 -2 -2 -2 -2 -2  2  2  2  1  1  1
4  4  2  2  2 -1 -1 -1  0  0  0 -2 -2 -2  3  3  3  6  6  6  5  5  5  3  3  3  1  1  1 -3
-3  5  5  5  0  0  0  1  1  1  2  2  2 -1 -1 -1  3  3  3  2  2  2 -1 -1 -1  0  0  0  4  4
0  0  0  1  1  1  1  1  1 -4 -4 -4 -3 -3 -3 -1 -1 -1 -1 -1 -1  3  3  3  3  3  3  2  2  2
4  4  1  1  1  1  1  1  1  1  1  0  0  0  5  5  5  1  1  1 -2 -2 -2 -1 -1 -1 -2 -2 -2  2
2  5  5  5  6  6  6  1  1  1  0  0  0  0  0  0  1  1  1 -1 -1 -1  1  1  1  2  2  2  8  8
2  2  2  0  0  0  0  0  0  7  7  7  4  4  4  2  2  2  4  4  4 -1 -1 -1  1  1  1  3  3  3
0  0  2  2  2  3  3  3  2  2  2  1  1  1  0  0  0  1  1  1  0  0  0  1  1  1 -2 -2 -2  3
3 -4 -4 -4 -1 -1 -1  1  1  1 -1 -1 -1 -3 -3 -3  7  7  7  3  3  3 -2 -2 -2  0  0  0 -3 -3
-1 -1 -1  0  0  0  0  0  0  2  2  2  1  1  1  2  2  2  0  0  0  1  1  1 -3 -3 -3  2  2  2
2  2 -4 -4 -4 -1  0  0  1  1  1  1  1  1 -1 -1 -1 -1 -1 -1  1  1  1  0  0  0  4  4  4  2
2  0  0  0  0  0  0 -1 -1 -1  2  2  2  4  4  4  3  3  3  0  0  0  0  0  0  4  4  4 -1 -1
1  1  1  1  1  1 -2 -2 -2 -1 -1 -1 -2 -2 -1  1  1  1  0  0  0  3  3  3  2  2  2  1  1  1
-1 -1  0  0  0  0  0  0 -1 -1 -1  0  0  0  4  4  4  7  7  7 -3 -3 -3  3  3  3 -2 -2 -2 -1
-1  0  0  0  1  1  1  1  1  1  0  0  0  0  0  0  4  4  4 -2 -2 -2  0  0  0 -2 -2 -2  2  2
-1  0  0 -4 -4 -4  3  3  3  4  4  4  6  6  6  0  0  0  4  4  4  2  2  2  6  6  6  1  1  1
0 0 6 6 6 2 2 2 5 5 5 2 2 2 0 0 0 0 0 0 3 3 3 2 2 2 2 2 2 2
2  7  7  7  5  5  5 -1 -1 -1  8  8  8  0  0  0  6  6  6  6  6  6  6  6  6  4  4  4  1  1
0  0  0  0  0  0  2  2  2 -1 -1 -1 -2 -2 -2  3  3  3  3  3  3  7  7  7 -1 -1 -1  4  4  4
5  5  2  2  2  1  1  1  4  4  4 -1 -1 -1  4  4  4  3  3  3  3  3  3  4  3  3  1  1  1  6
6  5  5  5  3  3  3  4  4  4  4  4  4 -1 -1 -1  1  1  1  5  5  5  2  2  2  1  1  1  2  2
2 2 2 0 0 0 7 7 7 0 0 0 3 3 3 1 1 1 1 1 1 5 5 5 4 4 4 1 1 1
-1 -1  4  4  4  2  2  2  2  2  2  3  3  3  4  4  4  2  2  2  1  1  1  1  1  1 -1 -1 -1  2
2  1  1  1  0  0  0 -1 -1 -1  6  6  6 -1 -1 -1  0  0  0  4  4  4  2  2  2  2  2  2  5  5
1  1  1  8  8  8  3  3  3 -1 -1 -1  2  2  2  5  5  5  5  5  5  5  5  5  2  2  2  0  0  0
0  0  2  2  2  1  1  1 -1 -1 -1  5  5  5  4  4  4  2  2  2  0  0  0  4  4  4  2  2  2  2
2  7  7  7  5  5  5  3  3  3  4  4  4  2  2  2 -1 -1 -1 -1 -1 -1  1  1  1  5  5  5 -2 -2
2  2  2  1  1  1 -1 -1 -1  0  0  0  5  5  5  1  1  1 -1 -1 -1  5  5  5  4  4  4  3  3  3
3  3  6  6  6  1  1  1  1  1  1  0  0  0 -2 -2 -2 -1 -1 -1  0  0  0  4  4  4  0  0  0  0
3  3  1  1  1  1  1  1  2  2  2 -2 -2 -2  0  0  0  1  1  1  2  2  2 -3 -3 -3 -4 -4 -4  5
5 3 3 3 0 0 0 1 1 1 0 0 0 4 4 4 3 3 3 0 0 0 0 0 0 6 6 6 0 0
-2 -2  2  2  2 -2 -2 -2  1  1  1 -1 -1 -1  2  2  2 -1 -1 -1  2  2  2  0  0  0  0  0  0  1
1  1  1  1  4  4  4  1  1  1  2  2  2  4  4  3  0  0  0  3  3  3 -1 -1 -1  0  0  0  3  3
5  5  5  6  6  6 -3 -3 -3  3  3  3  6  6  6  1  1  1  2  2  2  1  1  1  6  6  6  4  4  4
5  5  2  2  2 -2 -2 -2  4  4  4  0  0  0 -2 -2 -2  5  5  5  6  6  6  2  2  2  0  0  0 -1
-1  2  2  2  1  1  1 -2 -2 -2  7  7  7  0  0  0  1  1  1  3  3  3  3  3  3 -2 -2 -1  0  0
6 6 6 8 8 8 4 4 4 4 4 4 4 4 4 4 4 4 5 5 5 0 0 0 0 0 0 3 3 3
4 4 2 2 2 2 2 2 5 5 5 3 3 3 6 6 6 1 1 1 5 5 5 4 4 4 6 6 6 4
4 -1 -1 -1  1  1  1  2  2  2  5  5  5  5  5  5  5  5  5  3  3  3  1  1  1  5  5  5 -1 -1
3  3  3  4  4  4  2  2  2 -1 -1 -1  7  7  7  4  4  4  1  1  1  0  0  0  2  2  2 -1 -1 -1
1  1  7  7  7  4  4  4  6  6  6  2  2  2  3  3  3  6  6  6  0  0  0 -1 -1 -1 -1 -1 -1 -1
-1 -1 -1 -1 -1 -1 -1  1  1  1  2  2  2  2  2  2  6  6  6 -2 -2 -2  1  1  1 -2 -2 -2  4  4
-1 -1 -1  2  2  2 -4 -3 -3  6  6  6  6  6  6  3  3  3  6  6  6  1  1  1  2  2  2  3  3  3
0  0  7  7  7  5  5  5  8  8  8  3  3  3  3  3  3 -1 -1 -1  3  3  3  6  6  6  4  4  4  1
1  2  2  2  6  6  6  6  6  6  8  8  8 -1 -1 -1  3  3  3  1  1  1  4  4  4  3  3  3  0  0
4  4  5  5  5  2  2  2  3  3  3  1  1  0  0  0  0 -2 -2 -2  4  4  4  3  3  3 -1 -1 -1 -1
-1 -1 -1 -1  0  0  0 -1 -1 -1 -1 -1 -1  7  7  7 -2 -2 -2  0  0  0  4  4  4  1  1  1  2  2
0  0  0  6  6  6  1  1  1  2  2  2  6  6  6  4  4  4  2  2  2 -1 -1 -1  7  7  7 -3 -3 -3
4 4 1 1 1 4 4 4 1 1 1 0 0 0 2 2 2 1 1 1 4 4 4 6 6 6 3 3 3 5
5 -4 -4 -4  4  4  4  4  4  4  2  2  2  1  1  1  5  5  5  5  5  5  0  0  0  5  5  5  2  2
4  4  4  6  6  6  3  3  3  4  4  4  1  1  1  1  1  1 -2 -2 -2  6  6  6  3  3  3  0  0  0
4  4  6  6  6  5  5  5 -1 -1 -1  6  6  6  7  7  7  1  1  1  1  1  1  6  6  6  2  1  1 -1
3  3  1  1  1 -2 -2 -2 -1 -1 -1  3  3  3 -1 -1 -1 -1 -1 -1  6  6  6 -2 -2 -2  2  2  2  3
3 4 4 4 0 0 0 5 5 5 2 2 2 0 0 0 4 4 4 3 3 3 1 1 1 5 5 5 1 1
3  3  3  0  0  0 -4 -4 -4  0  0  0  2  2  2  2  2  2  1  1  1  4  4  4  4  4  4  2  2  2
2  2  3  3  3  1  1  1  6  6  6  3  3  3  0  0  0  1  1  1 -1 -1 -1  1  1  1  1  1  1 -1
-1 -3 -3 -3  4  4  4  3  3  3  1  1  1  4  4  4  4  4  4  4  4  4  6  6  6  5  5  5  6  6
1  1  1 -1 -1 -1  1  1  1  4  4  4 -1 -1 -1  0  0  0  2  2  2 -3 -3 -3 -2 -2 -2  1  1  1
3  3  0  0  0 -3 -3 -3  1  1  1  1  1  1  3  3  3 -1 -1 -1  1  1  1 -2 -2 -2  2  2  2  3
3  2  2  2  4  4  4 -1 -1 -1  1  1  1 -1 -1 -1 -1 -1 -1  1  1  1  4  4  4 -1 -1  0  0  0
3  3  3  5  5  5  2  2  2  2  2  2  0  0  0  3  3  3 -4 -4 -4  2  2  2  3  3  3 -1 -1 -1
-1 -1 -2 -2 -2 -4 -4 -4  4  4  4  1  1  1  5  5  5  1  1  1 -2 -2 -2  5  5  5  1  1  1 -2
-2  2  2  2 -4 -4 -4  1  1  1  2  2  2 -2 -2 -2  2  2  2  0  0  0 -3 -3 -3  2  2  2 -2 -2
2  2  2  5  5  5  1  1  1  1  1  1 -1 -1 -1  2  2  2 -1 -1 -1 -3 -3 -3  1  1  1  2  2  2
-1 -1 -2 -2 -2 -2 -2 -2 -3 -3 -3  2  2  2  4  4  4 -4 -4 -4  3  3  2 -1 -1 -1 -1 -1 -1 -1
-1  1  1  1  1  1  1  0  0  0 -2 -2 -3  3  3  3  2  2  2  0  0  0 -1 -1 -1 -1 -1 -1  0  0
4  4  6  6  6  2  2  2 -4 -3 -3  0  0  0  2  2  2 -6 -6 -4 -1 -1 -1 -3 -3 -3  3  3  3  3
3  7  7  7 -1 -1 -1  4  4  4 -3 -3 -3 -2 -2 -2 -3 -3 -3  0  0  0 -3 -3 -3 -2 -2 -2  2  2
-2 -2 -2  0  0  0 -2 -2 -2  5  5  5  0  0  0  1  1  1 -1 -1 -1  4  4  4 -1 -1 -1  4  4  4
1  1  1  1  1  4  4  4  0  0  0  6  6  6  0  0  0 -1 -1 -1 -1 -1 -1  1  1  1  2  2  2  0
0 -2 -2 -2  1  1  1 -2 -2 -2 -1 -1 -1  4  4  4  4  4  4 -1 -1 -1  0  0  0 -1 -1 -1 -1 -1
1  1  1  1  0  0  4  4  4  2  2  2  6  6  6 -1 -1 -1  0  0  0  0  0  0  3  3  3 -4 -4 -4
0  0  5  5  5  0  0  0 -2 -2 -2 -3 -3 -3 -2 -2 -2 -2 -2 -2 -2 -2 -2  1  1  1  3  3  3 -4
-4  2  2  2  1  1  1  2  2  2  3  3  3  2  2  2 -2 -2 -2  0  0  0 -1 -1 -1  2  2  2 -3 -3
-2 -2 -2 -1 -1 -1  4  4  4 -1 -1  0 -1 -1 -1  4  4  4  4  4  4 -1 -1 -1  0  0  0  1  1  1
4  4 -1 -1 -1 -1 -1 -1  3  3  3  1  1  1  4  4  4  2  2  2 -2 -2 -2 -2 -2 -2  4  4  4 -3
-2  2  2  2  3  3  3  1  1  1  0  0  0  3  3  3  5  5  5  4  4  4  4  4  4  0  0  0  1  1
0  0  0  1  1  1 -3 -3 -3  1  1  1  2  2  2 -2 -2 -2  2  2  2  4  4  4  6  6  6 -3 -3 -3
-3 -3 -3 -3 -3  3  3  3  4  4  4  2  2  2  4  4  4  2  2  2  3  3  3 -4 -4 -4  6  6  6 -2
-2  0  0  0  3  3  3  4  4  4  6  6  6  1  1  1 -1 -1 -1  3  3  3  1  1  1  5  5  5  2  2
2  2  2  3  3  3  0  0  0  0  0  0  3  3  3  2  2  2  4  4  4 -2 -2 -2 -1  0  0  1  1  1
4  4  4  4  4  4  4  4  4  4  4  2  2  2  2  2  2 -2 -2 -2  1  1  1 -1 -1 -1  4  4  4  5
5  1  1  1 -1 -1 -1  3  3  3  4  4  4  0  0  0  5  5  5  7  7  7  0  0  0  2  2  2  2  2
1  1 -2 -2 -2  2  2  2 -1 -1 -1  3  3  3  1  1  1  1  1  1  1  1  1  1  1  1 -1 -1 -1  1
1  0  0  0 -1 -1 -1  2  2  2  1  1  1 -3 -3 -3  1  1  1 -1 -1 -1  0  0  0  4  4  4  0  0
-1 -1 -1  2  2  2  1  1  1  5  5  5  0  0  0  2  2  2  1  1  1  5  5  5  5  5  5 -2 -2 -2
1  1 -1 -1 -1  1  1  1  5  5  5  4  4  4  0  0  0  2  2  2  1  1  0 -1 -1 -1  0  0  0  2
2 -2 -2 -2 -1 -1 -1 -2 -2 -2 -4 -4 -4  2  2  2 -1 -1 -1  0  0  0  0  0  0 -3 -3 -3  2  2
-1 -1 -1  1  1  1 -1 -1 -1 -1  0  0  3  3  3  0  0  0  5  5  5  1  1  1  1  1  1  2  2  2
1  1  1  1  1 -1 -1 -1  2  2  2  4  4  4 -1 -1 -1 -1 -1 -1  2  2  2  0  0  0 -3 -3 -3  0
0 3 3 3 3 3 3 4 4 4 2 2 2 5 5 5 1 1 1 3 3 3 0 0 0 4 4 4 2 2
0  0  0  3  3  3  0  0  0  1  1  1  3  3  3  0  0  0  1  1  1  0  0  0 -1 -1 -1 -1 -1 -1
0  0  2  2  2  0  0  0  3  3  3  5  5  5  3  3  3  2  2  2  1  1  1  5  5  5  1  1  1 -1
-1  2  2  2  5  4  4 -2 -2 -2 -2 -2 -2  3  3  3  0  0  0  3  3  3  4  4  4  3  3  3  1  1
3  3  3 -1 -1 -1  1  1  1  5  5  5  3  3  3  2  2  2  4  4  4 -3 -3 -3 -1 -1 -1  1  1  1
4  4 -1 -1 -1  0  0  0  2  2  2  1  1  1  1  1 -1  2  2  2  4  4  4  3  3  3  4  4  4  3
3  2  2  2  2  2  2  4  4  4  5  5  5  1  1  1  1  1  1 -1 -1 -1  1  1  1  7  7  7  1  1
1 1 1 2 2 2 1 1 1 3 3 3 2 2 2 3 3 3 1 1 1 0 0 0 2 2 2 6 6 6
1 1 3 3 3 2 2 2 1 1 1 2 2 2 3 3 3 1 1 1 1 1 1 1 1 1 2 2 2 2
2 1 1 1 1 1 1 5 5 5 0 0 0 3 3 3 2 2 2 6 6 6 4 4 4 0 0 0 2 2
3  3  3 -2 -2 -2  5  5  5 -4 -4 -4  2  2  2  2  2  2  3  3  3  4  4  4  3  3  3 -2 -2 -2
0  0  1  1  1  0  0  0  1  1  1  2  2  2  0  0  0  0  0  0  1  1  1  0  0  0 -1 -1 -1 -1
-1 -1 -1 -1  5  5  5  1  1  1 -1 -1 -1  1  1  1 -1 -1 -1  0  0  0  1  1  1  1  1  1 -1 -1
1  1  1  3  3  3 -2 -2 -2  0  0  0  3  3  3  0  0  0  1  1  1 -1 -1 -1 -2 -2 -2 -2 -2 -2
-3 -3  5  5  5 -2 -2 -2  2  2  2  1  1  1  5  5  5  1  1  1  2  2  2  1  1  1  0  0  0 -2
-2  1  1  1  2  2  2  0  0  0 -2 -2 -2  1  1  1  1  1  1  6  6  6  3  3  3 -3 -3 -3  2  2
-2 -2 -2 -4 -4 -4  1  1  1 -2 -2 -2 -2 -2 -2  0  0  0 -2 -2 -2 -3 -3 -3  3  3  3 -1 -1 -1
-2 -2  0  0  0 -2 -2 -2  0  0  0  3  3  3 -1 -1 -1  0  0  0 -1 -1 -1 -3 -3 -3 -1 -1 -1  3
3  2  2  2 -1 -1 -1  0  0  0 -2 -2 -2 -1 -1 -1  1  1  1  2  2  2  1  1  1 -1 -1 -1 -2 -2
-3 -3 -2  0  0  0 -1 -1 -1  1  1  1  0  0  0  1  1  1  0  0  0  2  2  2  1  1  1  1  1  1
-1 -1  0  0  2  2  2  1 -1 -1 -1  2  2  2 -1 -1 -1 -1 -1 -1  2  2  2  2  2  2  2  2  2  3
3 4 4 4 2 2 2 2 2 2 4 4 4 1 1 1 1 1 1 1 1 1 2 2 2 0 0 0 1 1
-1 -1 -1  0  0  0  0  0  0  1  1  1  8  7  7 -2 -2 -2  0  0  0  0  0  0  3  3  3  0  0  0
2  2 -3 -3 -3 -2 -2 -2 -3 -3 -3 -1 -1 -1 -1 -1 -1  1  1  1  1  1  1 -1 -1 -1 -2 -2 -2 -1
-1  4  4  4  4  4  4  4  4  4  0  0  0 -1 -1 -1  1  1  1  0  0  0  4  4  4 -2 -2 -2  0  0
-2 -2 -2  0  0  0 -2 -2 -2  2  2  2  1  1  1  1  1  1  0  0  0  2  2  2  1  1  1 -3 -3 -3
-1 -1  0  0  0  0  0  0  0  0  0 -1 -1 -1  1  1  1 -1 -1 -1  0  0  0  2  2  2 -1 -1 -1 -2
-2 -1 -1 -1  2  2  2  2  2  2  2  2  2  2  2  2  0  0  0 -1 -1 -1 -2 -2 -2 -1 -1 -1 -1 -1
2  2  2 -1 -1 -1  3  3  3 -2 -2 -2 -1 -1 -1 -1 -1 -1  4  4  4  2  2  2 -1 -1 -1  0  0  0
1  1  1  1  1  0  0  0  3  3  3 -1 -1 -1  0  0  0  1  1  1 -2 -2 -2 -3 -3 -3  2  2  2 -2
-2  0  0  0 -1 -1 -1  0  0  0 -1 -1 -1  0  0  0  0  0  0  2  2  2 -3 -3 -3  1  1  1  0  0
1  1  1  6  6  6  2  2  2 -2 -2 -2 -2 -2 -2  3  3  3 -1 -1 -1  0  0  0 -1 -1 -1  0  0  0
0  0  2  2  2 -1 -1 -1  3  3  3  1  1  1 -1 -1 -1  0  0  0  5  5  5  6  6  6  3  3  3 -1
-1  3  3  3  2  2  2  1  1  1  0  0  0  3  3  3  0  0  0 -1 -1 -1  0  0  0 -1 -1  0  3  3
5  5  5  1  1  1  2  2  2 -1 -1 -1  2  2  2 -1 -1 -1  0  0  0  0  0  0  4  4  4 -3 -3 -3
4  4  4  4  4  2  2  2  1  1  0 -1 -1 -1  1  1  1 -2 -2 -2  0  0  0  0  0  0 -1 -1 -1  1
1 -2 -2 -2  0  0  0  3  3  3  0  0  0 -2 -2 -2  1  1  1  1  1  1 -2 -2 -2  2  2  2 -1  0
2  2  2  3  3  3  2  2  2  1  1  1  2  2  2  2  2  2 -1 -1 -1 -1 -1 -1  5  5  5 -1 -1 -1
0  0  5  5  5 -1 -1 -1 -1 -1 -1  2  2  2  1  1  1  4  4  4  1  1  1  2  2  2  1  1  1  2
2  2  2  2 -1 -1 -1  1  1  1 -1 -1 -1  0  0  0  1  1  1 -3 -3 -3  0  0  0  3  3  3 -3 -3
-1 -1 -1  1  1  1  2  2  2 -1 -1 -1  3  3  3  6  6  6 -1 -1 -1  5  5  5  4  4  4  0  0  0
-2 -2  1  1  1  2  2  2  3  3  3  1  1  1  0  0  0  0  0  0  0  0  0 -1  0  0  0  0  0  3
3  3  3  3  3  3  3  3  3  3  7  7  7  2  2  2  2  2  2  2  2  2 -1 -1 -1  0  0  0 -1 -1
1 1 1 5 5 5 0 0 0 1 1 1 2 2 2 4 4 4 2 2 2 5 5 5 0 0 0 5 5 5
1 1 2 2 2 3 3 3 1 1 1 0 0 0 1 1 1 4 4 4 3 3 3 3 3 3 1 1 1 1
1 5 5 5 1 1 1 2 2 2 2 2 1 5 5 5 3 3 3 3 3 3 3 3 3 1 1 1 1 1
3 3 3 0 0 0 4 4 4 6 6 6 0 0 0 1 1 1 3 3 3 1 1 1 1 1 1 3 3 3
1 2 5 5 5 0 0 0 6 6 6 3 3 3 2 2 2 2 2 2 3 3 3 2 2 2 1 1 1 4
4  1  1  1  1  1  1  0  0  0  3  3  3 -2 -2 -2  0  0  0  0  0  0  2  2  2 -3 -3 -3  3  3
-2 -2 -2 -2 -2 -2  0  0  0 -1 -1 -1 -1 -1 -1  2  2  2  0  0  0  5  5  5  2  2  2 -1 -1 -1
1  1  2  2  2  1  1  1  2  2  2  0  0  0  1  1  1 -1 -1 -1  1  1  1 -2 -2 -2  5  5  5 -1
-1  4  4  4  0  0  0  0  0  0  0  0  0 -1  0  0 -2 -2 -2  5  5  5  2  2  2  1  1  1  5  5
1  1 -3  2  2  2  4  4  4  3  3  3  1  1  1  2  2  2  2  2  2  0  0  0  0  0  0  7  7  7
5 5 4 4 4 3 3 3 5 5 5 8 8 8 4 4 4 1 1 1 2 2 2 2 2 2 2 2 2 7
7  1  1  1  6  6  6  1  1 -1  4  4  4  5  5  5  1  1  1  6  6  5  6  6  6  0  0  0  3  3
-2 -2 -2  2  2  2  1  1  1  1  1  1  3  3  3  3  3  3 -2 -2 -2  0  0  0  4  4  4  3  3  3
-2 -2  4  4  4  2  2  2  2  2  2  0  0  0  5  5  5  5  5  5  2  2  2  4  4  4  3  3  3  3
3 -1 -1 -1  1  1  1  0  0  0  5  5  5 -1 -1 -1  2  2  2  4  4  4  0  0  0  0  0  0  1  1
2  2  2  2  2  2  0  0  0  4  4  4  0  0  0 -2 -2 -2  4  4  4  3  3  3  2  2  2 -1 -1 -1
-1 -1  0  0  0  3  3  3  2  2  2 -2 -2 -2  0  0  0  6  6  6  1  1  1 -4 -4 -4  2  2  2  0
0 -2 -2 -2  4  4  4  2  2  2  0  0  0  6  6  6  2  2  2  2  2  2 -2 -2 -2  0  0  0  2  2
2  2  2  2  1  1  0  0  0  3  3  3  1  1  1  3  3  3 -3 -3 -3  2  2  2  3  3  3 -2 -2 -2
2  2  0  0  0 -2 -2 -2  1  1  1  0  0  0  2  2  2  3  3  3  3  3  3 -1 -1 -1 -1 -1 -1 -1
0  0  5  5  5  3  3  3  3  3  3 -2 -2 -2  0  0  0 -1 -1 -1  4  4  4  3  3  3  1  1  1  3
3 -2 -2 -3  2  2  2  0  0  0 -2 -2 -2 -3 -3 -4 -1 -1 -1 -2 -2 -2  2  2  2  3  3  3  1  1
2  2  2  1  1  1 -1 -1 -1  1  1  1  3  3  3  4  4  4  1  1  1  6  6  6  3  3  3  1  1  1
0  0  1  1  1  4  4  4  1  1  1  1  1  1  0  0  0  4  4  4  1  1  1  0  0  0  1  1  1 -1
-1 -1 -1 -1  4  4  4  2  2  2  7  7  7  1  1  1  1  1  1  1  1  1  4  4  4 -2 -2 -2  2  2
1  1  1  2  2  2  2  2  2  0  0  0  3  3  3  0  0  0  3  3  3  2  2  2 -1 -1 -1 -4 -4 -4
-1 -1 -1 -1  0 -1 -1 -1  0  0  0  0  0  0  2  2  2  1  1  1  4  4  4  2  2  2  0  0  0  2
2 -1 -1 -1  5  5  5  1  1  1  4  4  4  2  2  2 -2 -2 -2  2  2  2  3  3  3 -3 -3 -3  5  5
3  3  3  3  3  3  1  1  1  2  2  2  0  0  0 -2 -2 -2  0  0  0  1  1  1 -2 -2 -2  5  5  5
4  4  2  2  2  2  2  2  6  6  6  5  5  5  1  1  1  2  2  2  4  4  4  2  2  2 -1 -1 -1  8
8  3  3  3  1  1  1  4  4  4  3  3  3  3  3  3  2  2  2  1  1  1  2  2  2  1  1 -3  3  3
0  0  0  0  0  0  3  3  3  1  1  1  2  2  2  0  0  0 -1 -1 -1  4  4  4 -1 -1 -1 -2 -2 -2
0  0  3  3  3 -2 -2 -2  4  4  4  0  0  0  1  1  1 -2 -1 -1  8  8  8  4  4  4  4  4  4  5
5 1 1 1 3 3 3 0 0 0 4 4 4 3 3 3 4 4 4 3 3 3 2 2 2 2 2 2 1 1
2 2 2 0 0 0 6 6 6 6 6 6 1 1 1 4 4 4 1 1 1 3 3 3 7 7 7 1 1 1
2 2 5 5 5 4 4 4 3 3 3 5 5 5 1 1 1 4 4 4 1 1 1 4 4 4 1 1 1 1
1  4  4  4  2  2  2  2  2  2  7  7  7  3  3  3  1  1  1  0  0  1  1  1  0 -2 -2 -2  0  0
0  0  0  4  4  4  2  2  2 -1 -1 -1  2  1  1 -1 -1 -1  0  0  0  3  3  3  3  3  3  2  2  2
2  2  0  0  0  0  0  0  0  0  0  4  4  4 -2 -2 -2  0  0  0  4  4  4  1  1  1  2  2  2 -1
-1  0  0  0  0  0  0  0  0  0 -1 -1 -1  0  0  0  0  0  0 -3 -3 -2  2  2  2  1  1  1 -3 -3
2  2  2  1  1  1  2  2  2  2  2  2  3  3  3 -1 -1 -1  0  0  0 -1 -1 -1  3  3  3  3  3  3
-1 -2  2  2  2 -1 -1 -1  0  0  0 -2 -2 -2  2  2  2  2  2  2  0  0  0  0  0  0  1  1  1 -1
-1  1  1  1  3  3  3  0  0  0  2  2  2  4  4  4 -1 -1 -1 -3 -3 -3 -2 -2 -2  0  0  0  3  3
1  1  1  3  3  3 -2 -2 -2  6  6  6  2  2  2 -2 -2 -2  4  4  4 -4 -4 -4  2  2  2  0  0  0
4  4  0  0  0 -1 -1 -1  1  1  1  0  0  0  1  1  1  4  4  4  1  1  1  1  1  1  2  2  2  5
5 1 1 1 0 0 0 5 5 5 3 3 3 6 6 6 2 2 2 0 0 0 4 4 4 1 1 1 0 0
-1 -1 -1  4  4  4  1  1  1  4  4  4  6  6  6  3  3  3  3  3  3  1  1  1  4  4  4  2  2  2
1  1  3  3  3  1  1  1  1  1  1  1  1  1  1  1  1 -1 -1 -1  1  1  1  0  0  0 -1 -1 -1  2
2 0 0 0 2 2 2 6 6 6 2 2 2 6 6 6 5 5 5 6 6 6 9 9 9 1 1 1 1 1
1 1 1 2 2 2 1 1 1 1 1 1 2 2 2 0 0 0 0 0 0 3 3 3 1 1 1 3 3 3
30 36 39 45 45 51 51 51 31 29 29  9  9  9  6  6  6  3  3  3  2  2 -2  3  3  3  8  8  8  6
18 30 31 37 44 47 47 47 33 31 21 11 11 11  7  6  6  5  5  5  1  1  1  1  1  1  4  4  4 -1
23 24 26 26 33 33 33 26 26 26 20 19 16  6  6  6  7  7  7  3  3  3  3  7  7  2  2  2  4  4
21 31 35 42 49 49 50 53 54 54 49 48 27 26 22 10 10 10  7  7  7 -1 -1  1  1  1 -1  5  5  5
23 28 33 37 45 48 51 59 59 61 61 49 40 35 19 15 15 -2 -2 -2  2  2  2  0  0  0  1  1  1  0
16 21 21 28 34 40 44 45 51 55 56 56 56 44 39 38 29 21 18  7  7  3  3  3  2  1  1  0 -4 -4
25  30  52  57  63  76  87  88 112 117 134 134 103  78  67  43  29  26  16  16  12   8   8  10  10   8   2   2   2   4
21 24 24 24 25 25 25 22 15 15 18 18 17 10  6  6  4  4  4 -1 -1 -1 -4 -4 -4 -4 -3 -3 -3  0
22 22 20 24 24 24 27 27 27 29 29 29 24 24 24 16 16 15  8  8 10 10 10  2  2  2  1 -3 -3 -1
24 24 35 36 39 45 48 51 56 58 59 64 69 70 70 58 58 55 55 49 48 29 26 25 16 16 10 10  7  7
23  30  38  39  41  54  55  65  79  79  80  87  89 112 150 162 162 129  80  60  51  22  21  14   9   9   9   1   1   1
23 27 31 40 50 51 56 61 68 68 53 50 49 34 34 34  8  8  6 -6 -6 -6 -2 -2 -2 -4 -4 -4 -5 -5
18 23 26 26 32 41 44 44 37 37 37 18 18 18  1  1  1  0  0  0 -6 -6 -6 -6 -6 -6 -8 -8 -8 -2
15 16 20 20 27 31 31 41 41 41 38 23 23 21  3  3 -2 -1 -1 -1 -8 -8 -8 -5 -5 -5 -6 -6 -6 -4
32 32 38 38 43 51 51 55 58 58 58 32 32 30  6  6  3 -5 -5 -5 -9 -9 -9 -6 -6 -6 -9 -9 -9 -2
19 19 23 23 23 28 28 28 23 23 23 13 13 13 -4 -4 -4 -7 -7 -7 -4 -4 -4 -7 -7 -7 -5 -5 -5  0
33 33 40 40 40 53 53 53 42 41 41 15 15 15  1  1  1 -1 -1 -1 -4 -4 -4  0  0  0 -1 -1 -1  2
22 22 25 25 25 37 37 37 31 31 31  9  9  9  5  5  5  1  1  1 -5 -5 -5 -4 -4 -3  1  1  1 -5
31  31  44  45  45  55  55  55  59  56  56  30  30  30   3   3   3  -8  -8  -8  -3  -3  -3  -8  -8  -8 -11 -11 -11  -9
34 34 33 33 39 40 40 40 33 33 33  8  8  7  0  0  0 -2 -2 -2 -9 -9 -9 -6 -6 -6  0  0  0 -6
24 24 46 46 46 62 62 62 55 55 55 34 34 34  3  3  3 -9 -9 -9 -9 -9 -9  0  0  0 -4 -4 -3 -8
24 24 36 36 36 46 46 48 63 63 63 46 46 46 11 11  8 -8 -8 -8 -8 -8 -8 -3 -3 -3 -5 -5 -5 -8
27  26  36  36  37  57  57  59  70  70  70  57  57  57  28  28  28  11  11  11  -2  -2  -2 -10 -10 -10 -10 -10 -10  -8
33  33  45  45  45  66  67  76  91  95  97 114 103 103  51  50  41   9   9   9  -7  -7  -7 -12 -12 -12 -16 -16 -16 -15
36  36  43  54  54  58  65  65  65  53  53  38   5   5   5 -11 -11 -11 -15 -15 -15 -18 -18 -18 -13 -13 -13 -12 -12 -12
18  20  38  38  38  47  47  55  55  55  55  28  28  22  -3  -3  -3 -13 -13 -13 -15 -15 -15 -15 -15 -15 -11 -11 -11 -17
19  19  23  23  23  20  20  20  11  11  11  -1  -1  -1 -10 -10 -10  -6  -6  -6 -15 -15 -15 -11 -11 -11 -13 -13 -13 -11
25 25 32 32 32 38 38 38 45 45 45 47 47 47 49 49 49 41 41 40 20 20 17  2  2  2  0  0  0 -5
31 31 31 37 37 37 37 37 37 43 43 43 40 40 40 28 28 28 16 16 16 -1 -1 -1 -5 -5 -5 -6 -6 -6
29 31 33 33 34 37 37 37 43 43 43 41 41 41 19 19 19  0  0  0 -7 -7 -7 -3 -3 -3 -3 -3 -3 -2
14 18 20 22 22 30 30 30 27 20 20 12 18  7  4  0  0  0  2  2  2  1  1  1  1  3 -2 -2 -2 -2
19 28 30 32 38 47 47 47 54 54 40 38 22 14 10  6  2  1  1  1  0  0  0 -2 -2 -2  3  3  3  1
14 16 23 27 29 43 46 48 48 42 29 26  9  9  0 -3 -3  3  3  3  3  3  3  0  0  0  2  2  2  1
16 29 31 40 46 49 59 71 75 76 78 78 78 75 73 66 63 53 35 35 27 23 18 18  8  6  6  6  3  3
11 14 18 18 18 19 22 22 24 24 24 21 21 21 18 18 18  9  9  6  6  6  3  3  3  4  0 -1 -1  2
10 11 15 18 18 24 24 26 26 26 25 22 22 22 18 18 18 16 16  9  8  4  4  1  1  1 -1 -1 -1  4
22 22 30 34 34 40 41 43 45 45 45 42 37 26 25 19 11  7  5  3  3  3  4  2  2  2  2  1  1  2
21 21 30 30 30 26 26 26 27 27 27 19 19 16 16 16 11  6  6  6  6  6  6  2  2  2  0  0  0  0
14 14 21 21 21 29 29 29 30 30 25 24 21 17 16 14 11  7  7  7  5  5  5  4  4  4  1  1  1  1
22 24 26 26 26 25 25 24 15 15 15  7  7  4  3  3  3  8  8  7  0  0  0 -1  1  1  3  3  2  2
17 16 25 25 24 19 19 19 22 22 18 16  8  8  4  3  3  4  4  4  1  1  1  2  2  2  2  2  2  4
22 25 26 27 27 35 35 30 27 23 12 11  6  6  2  4  4  4  2  2  5  5  5  0 -4 -4  3  3  2  2
18 18 23 23 23 26 26 26 23 23 17 10  7  7  3  1  1 -1 -2 -2  4  4  4  4  4  3  2  2  2  1
21 22 26 26 29 33 33 33 26 26 24 21 17  9  4  4  4  3  3  3  0  0  0  4  4  7  3  3  0 -1
27 27 33 35 36 40 40 34 28 21 12  6  6  6  4  4  4 -2  0  0  2  2  2  5  5  5  5  5  5  5
23 24 32 32 32 40 40 41 34 28 22 17  9  8  6  6  3  0  0  0  2  2  2  1  1  1  4  4  4  4
17 17 20 24 24 31 31 31 31 29 29 22 12 12  6  6  6  5  5  5  1  2  2  6  6  6  2  2  2  2
22 25 36 36 37 39 39 41 37 34 19 18  3  3  1  1  1  1  1  1  2  2  2  1  1  1  1  1  1  2
20 22 26 26 26 37 37 38 47 47 40 37 32 18 16  7  5  1  1  1  6  6  3  3  3  2  1  1  1  0
20 20 31 32 32 45 45 39 34 26 18 15  3  3  2  2  2  2  2  2  2  2  2  3  3  3  0  0  0  1
15 15 26 26 26 34 36 36 36 30 20 16  6  6 -1 -1 -1  2  2  2  0  0  0  1  1  1 -2 -2 -2  2
20 20 20 23 26 26 34 35 35 35 23 15 14 11  7  3  3  3 -2 -2 -2 -3 -3 -3  0  0  0  3  3 -1
23 23 31 32 33 49 49 49 56 56 56 53 42 31 31 18  8  4  0  0  1  1  1  0  0  0  5  5  5 -3
24 24 34 35 36 51 51 54 59 59 60 56 56 56 52 52 52 46 46 37 32 30 25 17 17 12  7  7  6  1
21 23 33 33 33 35 35 35 39 39 39 38 38 38 30 30 24 18 17 16 10  7  7  4  4  4  6  6  4  4
20 20 29 29 32 41 41 39 38 38 31 26 24 14 14  6  6  2  2  2  3  3  1 -2 -2 -2  1  1  1  1
28 29 27 27 26 25 18 12  9  8  5  5  5  6  3  3  3  0  0  0  4  4  4  0  0  0  0  0  0  4
16 16 20 20 20 21 21 20  7  6  6  3  2  2  2  2  2  5  5  6  2  2  2  0  0  0 -1 -1 -1  5
24 24 33 33 33 35 35 35 32 32 18 16 16 12  3  3  3  3  3  3  5  5  5  6  6  6  3  3  3  2
24 25 29 32 29 28 19 18 11 10  5  5  1  1  1  3  3  3  2  2  2  0  0  0  1  1  3  2  2  2
19 22 27 27 27 29 29 29 26 24 14 13 10  8  3  2  2  2  2  2 -1 -1 -1  5  5  5  4  4  4  2
20 20 28 28 32 37 37 37 44 44 33 31 19  9  4  4  4  3  3  3  2  2  2 -1 -1 -1  0  0  0  2
16 16 22 22 22 18 18 14 13 13  5  5  5  6  1  1  1  4  4  4 -1 -1 -1 -1  0  0  0  0  0  4
23 23 20 20 20 18 18 18 14 14 14  6  6  4  2  2  2  5  5  5  0  0  0  6  6  6  5  5  5  2
20 20 20 24 24 24 22 22 22 12 11 11  6  6  6  4  2  2  4  4  3  1  1  1  1  1  1 -2 -2 -2
25 27 30 30 32 30 30 19 17 14  8  2  2  2  4  4  3  2  3  3  3  1  1 -1 -1 -1  2  2  2  0
16 16 16 16 18  8  8  4  3  1  1  0  0  0  2  2  2 -1 -1 -1  3  3  3  2  2  2 -2 -2 -2 -1
25 25 24 24 24 23 18 15  6  6  6  2  2  2  1  1  1  1  1  1 -1 -1 -1  1  1  1  1  1  1  2
24 24 41 45 46 63 63 50 45 26  7  3  3  3  2  2  1  1  1  1 -1 -1 -1  3  3  3  2  2  2  0
13 13 21 21 21 35 35 35 33 25 19 17  9  8  2  2  2 -2 -2 -2 -2 -2 -2 -2 -2 -2  0  0  1  0
20 23 24 24 24 27 27 16 10  8  7  3  3  3  0 -3 -3  1  1  1  3  3  3  3  3  3 -1 -1 -1  0
26 32 24 23 17  9  5  4  4  4  5  0  0  0 -2 -2 -2 -1 -1 -1  1  1  1  4  4  4  2  2  2 -6
31 32 50 50 50 57 57 44 43 26  9  9  1  1  1 -3 -3 -4 -3 -3 -1 -1 -1 -2 -2 -2  2  2  1  1
16 22 29 29 29 26 26 18 18 11 10  6  6  5 -1 -1 -1  2  2  2  2  2  2  2  2  4  6  6  6  2
15 15 20 20 20 24 24 18  8  6  6  0  0  0  2  2  2 -1 -1 -1 -1 -1 -1  0  0  0  1  1  3  2
20 20 27 27 21 20 19 12  6  4  2  1  1  1  3  3  3 -2 -2 -2  1  1  1 -1 -1 -1 -2 -2 -2  2
18 18 21 23 23 34 34 34 30 30 26 12  9  7  6  6  4  0  0  0 -1 -1 -1  3  3  4  3  3  3  0
29 31 36 51 51 51 71 71 57 56 36 20  8  8  5  0  0  0  3  3  3  0  0  0  3  3  3  3  3  7
26 26 36 36 43 51 51 35 29 27 13  9  5  5  5  5  6  5  5  5  3  3  3  4  4  4  4  4  4  6
19 19 32 32 34 43 43 46 35 35 27 16 13  5  3  3  3  3  3  3  3  3  6  6  6  6  4  4  4  0
21 21 41 41 42 51 51 51 38 38 23 19 10 10  7  7  7  4  4  4  3  3  3  4  4  4  0  0  0  0
17 21 32 32 32 47 47 47 46 37 23 21  9  9  1  1  1  2  2  1 -4 -4 -4 -1 -1 -1  2  2  3  4
19 22 26 26 26 35 35 32 23 15 13  9  3  3  0  0  0  2  2  2 -3 -3 -3 -5 -5 -5 -1 -1 -1  2
26 26 33 33 33 36 36 32 21 21 17 17 17 10  2  2  2  5  5  5  1  1  1  3  3  3  4  4  3  2
24 24 26 26 26 25 25 21 10  9  9  7  7  7  4  4  4  3  3  3  3  3  3  4  4  2  0  0  0  8
23 22 25 25 25 37 37 22 15 13 10  4  4  4  0  0  0  5  5  5 -2 -2 -2  0  0  0  2  2  2  1
16 16 29 29 29 40 40 30 26 19  8  4  4  4 -1 -1 -1  4  4  4 -4 -4 -4 -4 -4 -4 -5 -5 -5 -4
21 21 32 32 32 39 39 39 44 44 37 28 24 14  8  3  3 -1 -1 -1 -3 -3 -3 -6 -6 -6  2  2  3 -1
14 14 27 27 27 39 39 39 54 54 54 50 36 19 17  6  4  4  4  2 -3 -3 -3  3  3  3  1  1  1 -3
23 23 34 34 34 48 48 48 61 61 44 41 25 14  5  5  5  3  3  3 -3 -3 -3 -2 -2 -2 -1 -1 -1 -2
18 22 28 28 28 40 40 40 34 34 23 18 12 11  0  0  0  0  0  0  3  3  4 -1 -1 -1  1  1  1  0
16 16 25 25 30 37 37 37 48 48 48 43 43 35 23 21 14  9  9  9  0  0  0  0  0  0 -1 -1 -1  0
19 19 27 27 27 39 39 41 52 52 55 61 61 44 42 34 16  8  7  7  1  1  1  2  2  2  1  1  1  2
18 18 26 26 29 35 35 35 29 29 21 12 12  5  5  5  6  3  3  1  1  1  4  0  0  0  3  3  3  2
21 21 35 35 39 64 64 61 60 40 18 12  8  5  2  2  2  3  3  3 -2 -2 -2  3  3  3  0  0  0  2
13 15 25 25 27 26 26 26 18 17 14  9  9  5  2  2  1  0  0  0 -1 -1 -1  0  0  0  1  1  1  0
15 16 33 33 35 36 36 36 35 35 35 30 30 23 18 15  8  7  7  7  5  5  4  4  4  1 -4 -4 -4  0
32 32 48 48 41 38 38 35 31 31 26 16 16 16  9  9  4  2  2  2  1  1  1 -1 -1 -1 -1 -1 -1  2
27 28 35 35 37 40 40 40 55 55 50 40 33 19 14  9  7  7  7  4  4  4  4  6  6  8  5  5  4  3
21 27 41 41 44 51 51 51 58 61 63 68 68 68 74 74 49 40 17  9  8  8  6  4  4  4  4  4  4  3
29 29 20 20 20  8  8  8  5  5  5  0  0  0  4  4  4  2  2  2 -1 -1 -1  4  4  4  0  0  0  3
28 28 39 39 39 34 33 33 14 14 14  5  5  5  0  0  0  0  0  0  4  4  4  2  2  2 -2 -2 -2  1
22 22 22 22 22 20 20 20  8  8  8  3  3  3  5  5  5  1  1  1  0  0  0  2  2  2 -3 -3 -3  0
19 19 23 23 23 13 13 13  6  6  6  1  1  1  6  6  6  7  7  7  0  0  0  2  2  2  3  3  3  3
28 28 31 31 31 13 13 13  0  0  0  1  1  1  3  3  3 -2 -2 -2  3  3  3 -1 -1 -1  0  0  0  1
14 14 16 16 16 12 12 12  2  2  2  0  0  0 -1 -1 -1 -4 -4 -4  1  1  1  2  2  2 -1 -1 -1  3
14 21 21 21 18 18 18  9  9  9  4  4  4  2  2  2  3  3  3  2  2  2  3  3  3  3  3  3  2  2
16 16 20 20 20 10 10 10  6  6  6  2  2  2  0  0  0  5  5  5  4  4  4  6  6  6  3  3  3  3
20 20 25 25 25 17 16 16  7  7  7  4  4  4  6  6  6  6  6  6  5  5  5  3  3  3  3  3  3  5
19 19 14 14 14 10 10 10 -1 -1 -1  3  3  3 -1 -1 -1  1  1  1  2  2  2  4  4  4  1  1  1  2
21 21 19 19 19 10 10 10  3  3  3  4  4  4  5  5  5  0  0  0 -1 -1 -1  1  1  1  1  1  1  2
29 29 29 28 28 12 12 12  4  4  4  2  2  2  3  3  3  1  1  1  1  1  1  1  1  1  0  0  0  1
18 20 20 20 23 23 23 11 11 11  5  5  5  3  3  3  1  1  1  0  0  0 -1 -1 -1  5  5  5  0  0
13 13 17 17 17 10 10 10  6  6  6  1  1  1  4  4  4  1  1  1  1  1  1  4  4  4  3  3  3 -2
19 24 24 24 22 22 22 13 13 13  6  6  6  1  1  1  2  2  2 -1 -1 -1 -2 -2 -2  3  3  3 -1 -1
19 19 20 20 20 14 14 14  6  5  5 -1 -1 -1  1  1  1  0  0  0  0  0  0  1  1  1  3  3  3  3
19 23 23 23 30 26 26 16 16 16  3  3  3  7  7  7  4  4  4 -1 -1 -1 -1 -1 -1  4  4  4 -3 -3
20 20 13 13 13 13 13 13  3  3  3  0  0  0  0  0  0 -2 -2 -2 -3 -3 -3  0  0  0 -1 -1 -1  0
20 20 25 25 25 25 25 25 16 13 13  4  4  4  1  1  1  3  3  3 -2 -2 -2  1  1  1  3  4  4  3
18 18 17 17 17 13 13 13  5  5  5  2  2  1  0  0  0  1  1  1 -2 -2 -2 -1 -1 -1  1  1  1 -3
14 14  6  6  6  6  6  6  1  1  1 -1 -1 -1 -3 -3 -3  2  2  2  0  0  0 -2 -2 -2  2  2  2  2
20 20 16 16 16 11 11 11  6  6  6  1  1  1  1  1  1  1  1  1  0  0  0  2  2  2  5  5  5  4
17 17 27 28 28 26 26 26 16 16 16  6  6  6  7  7  7  0  0  0  2  2  2 -1 -1 -1  1  1  1  3
28 28 31 31 31 23 23 23 12 12 12  6  6  6  5  5  5  5  5  5  2  2  2  4  4  4 -2 -2 -2 -3
22 22 24 24 24 23 23 23 14 10 10  1  1  1  4  4  4  1  1  1  2  2  2  2  2  2  2  2  2  0
21 21 21 21 21 13 13 13  1  1  1  4  4  4  1  1  1  4  4  4  1  1  1 -1 -1 -1  3  3  3  2
18 18 15 15 15 13 10 10  1  1  1  1  1  1  2  2  2  1  1  1  0  0  0  0  0  0  3  3  3  6
21 21 26 26 26 15 15 15  7  7  7  4  4  4  0  0  0  1  1  1  2  2  2  3  3  3  2  2  2  5
19 19 22 22 22 14 14 14  8  8  8  5  5  5  1  1  1  5  5  5 -1 -1 -1 -1 -1 -1  4  4  4  1
18 18 16 16 16  7  7  7  0  0  0  6  4  4  1  1  1  0  0  0  6  6  6  0  0  0 -2 -2 -2  2
17 22 22 22 21 21 21 11 11 11  8  8  8  1  1  1  4  4  4  3  3  3 -4 -4 -4 -3 -3 -3  3  3
23 23 22 22 22 10 10 10 -1 -1 -1  4  4  4  3  3  3  2  2  2 -3 -3 -3  3  2  2  2  4  4 -3
15 17 17 17 12 12 12  5  5  5  0  0  0  0  0  0 -3 -3 -3  2  2  2 -3 -3 -3 -3 -3 -3 -3 -3
21 21 22 22 22 16 16 16  6  6  6  0  0  0  0  0  0  2  2  2  3  3  3  0  0  0  2  2  2  2
17 23 23 23 18 18 18  9  9  9  5  5  5  2  2  2  1  1  1 -2 -2 -2 -1 -1 -1  2  2  2 -3 -3
22 22 20 20 20 15 15 15  2  2  2  6  6  6  2  2  2  1  1  1  2  2  2 -3 -3 -3  2  2  2  1
17 17 18 18 18 13 13 13  8  8  8  2  2  2  2  2  2  1  1  1  1  1  1  2  2  2 -1 -1 -1  1
15 15 14 14 14 10  8  8  0  0  0  2  2  2 -4 -4 -4 -2 -2 -2  4  4  4  3  3  3 -4 -3 -3 -1
21 21 20 20 20 17 17 17  6  6  6  6  6  6  3  3  3 -1 -1 -1  4  4  4  2  2  2  0  0  0 -2
22 22 17 17 17 13 12 12  4  4  4  1  1  1  4  4  4  2  2  2  1  1  1  2  2  2  1  0  0  2
18 18 10 10 10 12  9  9  4  4  4  1  1  1 -2 -2 -2  1  1  1  1  1  1  0  0  0  1  1  1  0
17 17 16 16 16 11 11 11  8  7  7  0  0  0  1  1  1  2  2  2  2  2  2  0  0  0 -1  0  0  2
17 17 19 17 17 -1 -1 -1  6  4  4  2  2  2 -1 -1 -1 -3 -3 -3 -1 -1 -1  1  1  1  1  1  1  3
25 25 28 28 28 15 15 15  8  8  8  2  2  2  0  0  0  0  0  0  1  1  1  4  4  4  1  1  1  2
20 20 13 13 13  6  6  6  0  0  0 -1 -1 -1  3  3  3 -1 -1 -1 -2 -2 -2  3  3  3  0  0  0  3
20 26 26 26 17 17 17  7  7  7  4  4  4  2  2  2  6  6  6  5  5  4  3  3  3 -2 -2 -2  5  4
23 23 29 29 29 21 21 21  9  9  9  8  8  8  4  4  4  1  1  1  0  0  0  3  3  3 -1 -1 -1  1
18 18 18 18 19 19 19  9  9  9  3  3  3  1  1  1  1  1  1  6  6  6  1  1  1  1  1  1  2  2
22 22 22 22 22 28 24 24 12 12 12  2  2  2 -1 -1 -1  5  5  5  1  1  1  1  1  1  0  0  0 -4
16 16 16 16 16 18 18 18  5  5  5  4  4  4  0  0  0  0  0  0  4  4  4 -2 -2 -2  1  1  1  2
15 15 23 23 23 20 20 20  6  6  6  3  3  3 -1 -1 -1  2  2  2  2  2  2  1  1  1  0  0  0 -3
20 20 17 17 17  5  5  5  2  2  2 -3 -3 -3  1  1  1 -1 -1 -1  3  3  3 -1 -1 -1 -1 -1 -1  1
18 18 11 11 11  5  5  5  4  4  4  3  3  3 -1 -1 -1  3  3  3  1  1  1  0  0  0 -1 -1 -1  1
17 17 24 24 24 26 19 19  7  7  7  3  3  3 -5 -5 -5 -1 -1 -1  3  3  3  2  2  2  0  0  0  2
16 28 30 30 16 16 16 11 11 11  2  2  2  4  4  4 -1 -1 -1  5  5  5  0  0  0  4  4  4  1  1
28 28 33 33 33 21 18 18 11  8  8  3  3  3  2  2  2 -2 -2 -2  3  3  3  4  4  4  0  0  0  1
20 20 15 15 15  6  6  6  0  0  0  7  7  7  4  4  4 -1 -1 -1  1  1  1  5  5  5  5  5  5  2
24 24 21 21 21 12 12 12  7  7  7  1  1  1  0  0  0 -4 -4 -4  0  0  0  1  1  1  3  3  3  3
23 23 21 21 21  7  7  7  4  4  4  0  0  0  1  1  1 -1 -1 -1  0  0  0  4  4  4  4  4  4  1
20 20 22 22 22 12 11 11  6  6  6  5  5  5  5  5  5 -1 -1 -1  1  1  1  1  1  1  3  3  3 -1
14 14  5  5  5  8  8  8 -1 -1 -1 -3 -3 -3  1  1  1 -1  0  0  3  3  3  2  2  2  2  2  2  4
21 21 24 24 24 29 28 28 14 13 13  7  7  7  1  1  1  2  2  2  1  1  1 -2 -2 -2 -1 -1 -1  3
31 31 28 28 28 16 16 16  1  1  1  1  1  1 -1 -1 -1  2  2  2  6  6  6 -1 -1 -1  2  2  2  5
23 23 13 13 13  5  5  5  0  0  0  1  1  1 -2 -2 -2  0  0  0  1  1  1  2  2  2  2  2  2  5
23 23 23 23 23 13 13 12  7  5  5  4  4  4  2  2  2  0  0  0  1  1  1 -2 -2 -2 -1 -1 -1 -1
16 16 11 11 11  8  8  8  2  2  2 -1 -1 -1  0  0  0  0  0  0  2  2  2  1  1  1  6  6  6  4
17 17 12 12 12  9  9  9  0  0  0  6  6  6  4  4  4 -2 -1 -1  7  7  7  5  5  5  2  2  2  1
20 27 27 27 23 22 22 12 12 12  4  4  4  3  3  3  5  5  5  6  6  6  3  3  3  2  2  2  6  6
22 22 20 20 20 10 10 10  6  6  6  3  3  3  1  1  1  2  2  2  1  1  1 -1 -1 -1  0  0  0  3
19 19 28 26 26 12 12 12  3  3  3  6  8  8  5  5  5  6  6  6  6  6  5  2  2  2  7  2  2  1
18 13 13 13  9  9  9  3  3  3 -1 -1 -1  1  1  1  5  5  5  0  0  0  4  4  4  2  2  2  0  0
16 16 12 12 12  3  3  3  1  1  1  1  1  1  4  4  4  0  0  0 -3 -3 -3  1  1  1 -3 -3 -3  0
20 20 13 13 13 11 11 11  1  1  1  0  0  0 -4 -4 -4  2  2  2 -3 -3 -3 -1 -1 -1 -3 -3 -3  1
17 17 12 12 12  2  2  2  4  4  4  1  1  1  0  0  0  0  0  0  3  3  3  1  1  1  5  3  3 -1
24 24 31 32 32 28 28 28 19 19 19 14 12 12  8  8  8  0  0  0  3  3  3  1  1  1  3  3  3  1
19 26 26 26 23 23 23 17 17 17  8  8  8  6  6  6  5  5  5  3  3  3 -3 -3 -3  2  2  2  4  4
21 21 20 19 19 13 13 13  5  5  5  0  0  0  0  0  0 -2 -2 -2  1  1  1  1  1  1  1  1  1  1
16 16 15 15 15 15 12 12  4  4  4  0  0  0  2  2  2  1  1  1  4  4  4  3  3  3  1  1  1  1
17 17 16 16 16 18 16 16 12 12 12  3  3  3  4  4  4  2  2  2  0  0  0  0  0  0 -1 -1 -1 -1
23 23 23 23 23 19 19 19  8  8  8  4  4  4  1  1  1  2  2  2  1  1  1  1  1  1  1  1  0 -1
14 14  5  5  5  3  3  3  1  1  1  0  0  0  1  1  1 -4 -4 -4  0  0  0  1  1  1  0  0  0  1
13 13 17 15 15  8  8  8  3  3  3  1  1  1 -1 -1 -1 -1 -1  0  4  4  4 -2 -2 -2  2  2  2  0
21 21 25 25 25 20 16 16 11 11 11  3  3  3  4  4  4  3  3  3  5  5  5  0  0  0  3  3  3 -1
24 24 21 21 21 13 13 13  9  9  9  6  6  6  5  5  5  4  4  4  0  0  0  1  1  1  1  1  1  5
17 17 18 18 18 17 15 15 10 10 10  3  3  3  4  4  4  4  4  4  5  4  4  3  3  3  0  0  0  2
18 18 16 16 16  9  9  9  0  0  0  1  1  1  1  1  1 -3 -3 -3  0  0  0  2  2  2 -2 -2 -2  3
27 27 30 30 30 18 18 18 12 12 12  5  5  5  2  2  2  2  2  2  0  0  0 -3 -3 -3 -1 -1 -1  1
20 20 17 17 17  9  9  9  1  1  1  7  6  6 -1 -1 -1  1  1  1  2  2  2  0  0  0 -3 -3 -3  0
21 28 28 28 21 17 17 10 10 10  3  3  3  0  0  0  2  2  2  1  1  1  0  0  0 -3 -3 -3  0  0
20 20 18 18 18  9  9  9  2  2  2  3  3  3  0  0  0  2  2  2  1  1  1 -1 -1 -1  7  5  5  0
17 17 24 25 25 28 27 27 23 23 23  7  7  7  5  5  5  2  2  2 -1 -1 -1  0  0  0 -3 -3 -3  1
21 21 28 28 28 20 19 19 11 10 10  0  0  0  1  1  1  0  0  0  1  1  1  0  0  0  8  8  8  7
19 20 20 20 16 16 16 12 12 12  3  3  3  7  7  7  1  1  1  4  4  4  5  5  5  5  5  5  7  7
27 27 25 25 25 18 18 18  9  9  9  3  3  3  2  2  2  2  2  2  0  0  0  1  1  1  2  2  2 -4
17 17 26 24 24 16 16 16  5  5  5  0  0  0  2  2  2  3  3  3  5  5  5  4  4  4  2  2  2  4
22 35 36 36 32 32 32 15 15 15  8  8  8  1  1  1  2  2  2  4  4  4  2  2  2  3  3  3  3  3
24 24 13 13 13 12 12 12  1  1  1  1  1  1 -1 -1 -1  1  1  1  7  4  4  4  4  4  4  4  4  1
16 16 17 15 15  8  8  8  7  7  7  0  0  0  3  3  3  3  3  3  2  2  2  0  0  0 -1 -1 -1  2
21 21 15 15 15  9  9  9  2  2  2  3  3  3  2  2  2 -2 -2 -2  2  2  2  0  0  0  1  1  1  1
27 27 24 24 24 16 16 16 12 10 10  3  3  3  0  0  0  0  0  0  2  3  3 -2 -2 -2  3  3  3 -1
