312 314 326 351 351 320 315 268 207 204 174 174 174 174 151 139 139 139 171 189 192 271 309 309 309 309 346 346 321 321
245 219 199 199 199 201 201 202 228 236 238 309 350 350 350 350 356 356 318 257 248 213 190 175 175 175 175 175 175 213
242 321 345 345 345 345 313 312 260 195 188 166 166 166 166 160 160 160 160 160 172 173 249 298 320 392 392 392 392 392
286 227 199 169 147 147 147 147 147 147 151 164 184 205 268 311 311 311 311 311 311 311 311 269 225 184 171 157 157 157
157 174 191 203 256 303 342 342 342 342 325 268 213 186 162 147 147 147 147 155 171 181 214 242 246 246 240 215 204 190
178 188 194 223 223 220 209 177 149 142 135 135 151 171 187 204 204 186 183 171 171 171 175 179 179 171 169 169 171 184
217 217 216 193 189 189 192 199 199 198 181 170 161 161 187 206 234 236 236 209 193 176 176 191 207 211 211 202 176 175
177 217 263 311 311 311 311 299 251 206 201 201 204 230 252 254 254 238 234 234 248 256 256 250 217 207 190 190 220 253
342 342 342 342 275 234 205 176 161 161 161 161 213 255 296 296 296 296 296 265 208 195 169 169 169 169 178 224 236 237
205 178 177 175 175 219 246 255 255 229 204 199 201 201 251 279 303 316 316 316 316 316 235 223 182 174 174 174 174 174
189 232 237 243 237 219 190 189 179 179 202 206 208 212 212 212 199 190 171 169 150 143 132 132 132 169 191 217 238 238
182 147 130 114 114 114 136 136 139 160 160 156 148 130 127 113 113 113 153 168 176 222 222 217 202 193 193 187 186 183
159 159 176 176 200 259 271 271 271 221 190 190 160 160 182 186 201 267 279 279 269 216 183 178 152 152 187 204 251 324
342 342 342 260 239 194 173 173 173 173 219 237 261 318 332 332 332 332 293 285 251 234 223 219 219 222 222 222 239 248
304 304 276 275 231 230 229 230 250 309 309 304 286 239 214 204 208 208 288 364 462 507 507 507 507 312 234 228 222 222
222 263 338 338 338 316 256 234 225 224 224 224 224 226 237 237 237 225 230 230 299 384 575 837 837 465 323 235 170 170
170 170 159 148 148 148 169 205 205 205 187 186 186 186 186 172 155 155 132 113 113 110  99  99  99 100 100 100 113 113
121 121 118  99  99  96  88  88  88 111 111 111 153 153 153 134 134 134 117 117 114 114 114 144 145 155 196 199 206 199
149 146 121 116 112 110 110 148 159 176 241 256 256 256 256 205 194 161 136 136 136 136 141 141 141 174 182 189 238 238
238 238 231 196 161 160 158 158 158 198 198 198 187 170 151 140 140 140 153 172 173 180 180 144 143 124 123 122 122 122
192 195 193 193 152 135 132 132 136 136 140 194 194 202 204 204 179 163 161 146 130 130 130 123 123 123 137 137 137 184
197 206 206 171 158 153 142 131 131 131 165 165 178 240 240 240 240 240 191 180 161 139 122 122 122 123 123 123 161 165
243 265 265 265 265 240 193 153 153 153 153 153 131 131 146 163 185 242 300 300 300 300 320 320 274 224 208 179 156 156
156 154 137 137 138 138 140 167 193 201 243 246 246 237 205 164 156 139 122 109 109 109 121 129 141 190 220 236 252 252
198 180 152 152 152 157 182 193 194 222 222 222 222 222 229 261 267 271 267 254 221 220 192 173 168 167 167 180 188 190
242 244 281 281 259 252 223 191 189 167 162 162 165 165 165 165 165 207 240 270 353 390 390 390 390 292 245 197 152 152
152 152 141 141 163 188 192 250 289 289 289 289 263 236 195 152 152 152 152 152 142 142 162 187 204 288 317 317 317 317
223 188 141 141 141 141 155 160 164 226 263 263 263 263 263 263 263 235 220 187 145 145 145 145 174 192 196 263 274 274
274 206 200 173 165 165 165 167 235 274 302 308 308 308 308 308 210 196 174 174 186 205 211 276 322 323 326 326 326 326
171 169 154 154 154 154 154 167 191 201 280 341 341 341 341 341 344 344 254 229 185 185 185 185 143 143 143 143 143 142
183 209 226 304 317 317 317 317 317 259 214 180 175 170 170 170 170 170 208 229 232 291 291 273 268 239 199 185 179 179
179 174 174 174 175 215 244 251 306 306 306 306 306 256 242 227 204 204 204 204 204 204 212 242 242 220 207 207 207 218
231 270 270 239 226 226 213 208 208 208 203 203 203 202 202 202 245 250 264 286 286 240 227 207 184 171 171 171 182 182
234 244 256 262 262 212 197 180 178 178 178 182 235 254 268 268 248 247 238 235 227 227 218 217 208 202 194 194 194 206
218 264 286 287 286 255 234 211 188 174 165 162 162 162 162 169 195 208 223 255 267 267 267 267 266 253 218 191 179 167
165 165 165 199 220 260 311 317 317 317 317 248 217 189 164 164 164 164 164 196 215 281 311 311 311 311 305 271 239 215
215 220 252 281 309 328 328 272 236 194 160 160 160 160 160 143 143 165 167 180 218 236 260 260 260 260 260 233 208 198
175 172 175 175 207 213 222 247 247 247 247 247 224 218 190 161 160 145 138 130 130 130 124 126 126 139 139 139 149 149
149 150 161 150 149 149 171 172 182 226 237 250 250 250 250 268 268 241 234 213 213 225 229 243 264 264 264 264 264 276
293 278 275 261 247 237 231 231 236 243 261 324 382 441 441 429 347 299 261 259 259 264 274 303 303 277 266 241 241 244
272 324 324 296 292 248 219 217 219 226 283 311 324 324 298 251 247 227 227 250 269 295 343 343 301 279 237 213 207 208
254 296 319 362 362 332 315 274 245 239 227 227 273 308 315 315 313 269 252 219 219 236 256 287 381 381 379 342 273 223
217 217 288 369 475 492 492 349 293 232 217 199 208 208 257 263 271 271 265 238 233 206 206 206 212 212 271 271 256 252
157 157 157 157 157 118 118 138 138 138 201 201 206 207 207 182 161 149 148 129 129 129 155 155 156 212 219 227 219 213
169 146 146 162 165 165 223 223 208 196 160 158 137 137 137 190 190 194 211 211 178 153 146 146 146 146 146 222 240 244
220 160 153 126 126 119 119 119 176 197 215 306 309 309 309 309 199 196 167 154 152 152 161 167 167 194 212 219 255 263
263 263 235 234 205 199 199 199 204 217 237 240 265 275 275 275 275 236 233 200 182 174 174 174 174 174 174 192 192 200
249 249 249 249 225 212 199 193 192 192 192 217 217 217 226 226 226 256 268 268 268 268 284 306 306 260 247 224 215 194
194 254 271 278 314 314 292 279 279 272 257 257 256 239 239 227 215 215 215 255 273 275 330 330 281 276 235 205 186 186
186 186 186 232 254 258 349 374 380 374 326 248 243 218 216 212 212 212 270 305 319 386 386 300 299 270 209 197 197 197
197 197 237 238 255 301 301 272 246 243 243 249 249 252 261 261 261 281 281 290 353 353 335 324 290 245 226 226 226 254
277 325 325 272 263 251 247 247 247 262 316 316 283 264 256 253 249 249 279 281 281 277 263 258 250 252 252 293 333 353
329 277 253 236 226 221 224 224 245 261 286 339 372 372 372 323 273 247 218 206 196 192 192 212 225 249 285 306 306 299
234 216 204 201 201 210 220 254 254 255 247 242 242 242 244 245 244 243 225 217 215 215 225 242 258 305 305 289 277 243
198 189 182 182 182 200 235 268 302 326 326 271 258 242 212 212 222 227 269 269 245 242 229 212 212 225 227 281 288 288
244 210 204 192 185 185 185 217 242 242 233 232 201 183 183 183 183 183 184 195 247 276 279 279 279 279 240 206 183 181
181 218 236 264 287 287 287 268 227 197 188 192 192 232 252 283 283 266 220 199 177 169 169 169 169 169 192 209 250 250
250 250 190 179 156 136 136 136 136 160 161 173 222 227 228 227 196 165 161 158 158 178 194 214 261 261 261 261 261 208
168 149 149 149 149 167 174 185 249 280 280 280 280 299 299 247 206 193 167 156 156 156 156 179 179 188 238 242 242 242
227 223 202 191 187 187 187 224 226 232 249 252 252 252 251 214 212 192 183 183 183 185 232 252 280 329 329 329 329 288
239 221 221 234 241 247 316 327 337 327 304 262 256 248 248 264 269 276 320 320 319 301 293 293 288 288 288 269 269 269
289 289 277 277 277 265 265 265 254 254 254 252 252 249 233 229 229 220 220 220 244 244 246 255 255 232 225 196 196 178
178 178 178 200 254 285 307 335 335 335 335 335 241 240 200 200 183 183 183 230 232 253 321 347 347 347 347 341 329 279
238 213 213 228 229 238 291 317 348 414 414 359 334 277 238 224 218 218 226 230 232 310 356 397 397 387 318 308 269 260
260 261 289 289 289 348 375 395 396 396 328 316 269 256 252 252 252 276 294 296 370 371 377 371 332 286 266 259 259 255
255 278 278 281 335 335 332 317 290 215 215 215 215 215 168 168 168 168 168 150 150 157 157 157 188 188 188 189 189 189
172 172 187 189 189 221 229 233 284 291 291 291 291 292 292 272 260 251 239 239 245 245 245 237 237 237 278 283 309 371
378 378 378 361 353 299 244 244 206 185 185 185 185 213 215 215 277 312 351 351 351 351 398 398 315 291 244 231 222 222
273 297 307 371 386 393 393 378 349 335 282 259 249 243 243 255 256 272 339 363 363 363 323 272 271 240 240 237 242 242
347 395 395 393 325 311 271 255 239 239 239 284 290 315 395 448 463 463 394 309 298 256 252 240 240 240 296 306 356 442
429 395 323 277 271 227 227 227 227 227 257 260 262 331 331 331 314 296 256 239 219 219 210 210 210 274 291 313 386 386
386 386 316 295 274 260 238 238 238 238 238 238 287 287 299 299 299 276 248 248 248 243 243 243 286 286 286 255 265 259
255 236 236 236 231 231 231 267 289 299 322 322 276 265 232 218 218 220 222 284 334 377 377 377 377 377 364 299 295 278
318 318 333 313 313 287 287 287 292 372 415 415 409 340 260 234 216 234 244 271 287 328 328 270 244 205 162 162 162 162
161 161 209 250 296 376 376 376 376 376 292 255 210 157 157 157 157 157 146 146 156 157 163 223 266 311 311 311 311 311
202 202 202 202 202 181 181 207 241 253 327 327 327 327 327 303 300 270 246 244 244 244 267 267 271 290 290 291 276 276
254 254 254 293 293 294 308 308 281 253 236 236 239 255 256 309 309 248 247 209 190 190 190 190 190 211 214 288 326 326
326 326 280 255 194 194 194 194 194 193 169 169 169 202 268 268 249 237 236 235 235 235 243 255 255 221 214 214 214 221
241 284 284 246 236 236 236 242 242 251 278 278 250 239 239 239 270 299 319 319 319 319 319 252 216 211 211 211 258 281
314 314 314 314 266 241 238 238 238 305 338 338 338 338 295 293 255 247 247 255 257 378 388 388 345 268 190 190 190 190
175 175 224 263 294 294 294 294 469 469 469 469 469 288 228 188 188 188 188 188 188 188 208 219 231 247 247 247 247 247
228 201 201 200 203 205 232 237 249 249 235 211 209 160 159 159 159 159 184 185 202 236 252 265 265 265 265 265 224 204
185 178 178 178 186 207 211 214 248 260 270 270 256 228 219 191 183 178 178 178 178 178 190 225 236 257 277 277 277 277
207 205 192 192 192 192 207 231 235 237 237 227 204 203 189 189 213 222 249 266 266 248 231 190 180 180 180 180 185 189
278 294 294 294 294 294 272 217 192 183 163 163 163 163 192 227 241 281 296 296 296 296 224 193 193 193 193 193 165 165
200 239 302 302 302 302 302 262 249 206 191 186 183 183 183 183 194 233 245 278 335 335 323 297 254 217 212 193 175 175
175 211 217 228 276 276 276 276 282 288 282 253 221 219 186 185 185 185 185 213 222 244 306 323 336 336 299 267 264 231
215 209 209 227 235 242 290 292 294 292 254 228 221 197 197 211 213 222 283 311 354 359 359 359 359 244 227 213 187 187
187 215 272 294 351 427 427 427 427 374 329 296 235 221 221 221 221 212 210 210 256 271 339 418 418 418 418 380 329 283
219 219 219 219 233 235 271 333 357 407 407 407 407 353 282 261 242 209 209 209 209 209 263 274 336 451 581 581 581 581
338 239 204 204 204 204 188 188 194 233 249 302 355 355 355 355 312 289 268 213 213 213 213 213 206 194 194 194 194 194
229 289 346 392 453 453 453 453 365 270 243 243 243 243 202 195 195 196 208 247 291 314 394 412 412 412 412 295 281 242
191 191 191 191 191 208 208 220 233 283 359 381 472 472 472 472 375 263 237 237 237 237 196 183 183 183 183 183 246 308
338 338 338 501 501 388 328 296 229 221 221 221 221 215 203 203 224 234 265 329 350 385 385 385 385 326 254 241 231 197
204 225 235 280 292 351 417 417 417 417 349 299 276 216 208 208 208 208 209 224 240 299 315 365 391 391 391 344 344 274
222 222 229 247 260 281 295 298 310 323 326 341 341 341 339 287 269 266 222 222 213 210 210 273 288 368 572 572 572 572
555 421 300 252 239 239 239 239 191 191 197 219 224 256 265 274 292 292 277 267 231 218 195 178 178 178 178 186 233 234
366 373 373 373 373 279 255 194 175 175 175 175 175 175 178 232 249 249 249 249 334 374 374 374 374 244 207 202 162 149
149 149 200 202 222 276 276 276 276 276 274 263 232 222 211 186 186 186 186 185 164 161 161 175 188 188 221 226 236 271
271 271 271 223 219 184 183 159 159 159 186 191 196 279 300 300 300 300 300 290 226 191 177 165 165 165 165 165 198 200
157 157 157 154 154 159 174 174 174 177 177 177 173 173 173 167 167 167 171 171 171 175 175 175 183 183 183 193 193 193
157 157 157 154 154 159 174 174 174 177 177 177 173 173 173 167 167 167 171 171 171 175 175 175 183 183 183 193 193 193
196 196 196 196 196 194 194 194 194 194 194 201 201 201 208 208 208 208 208 208 210 210 210 201 201 201 194 194 194 192
197 203 203 207 220 220 220 208 208 205 187 187 187 190 190 195 205 205 216 233 233 233 236 236 236 236 236 236 226 226
231 231 231 237 237 237 230 230 230 230 231 231 232 232 236 243 243 243 237 237 237 225 225 225 227 227 227 229 229 229
243 245 265 265 294 311 346 397 415 419 419 376 342 336 271 271 258 267 267 270 286 286 286 277 277 277 242 242 242 226
226 234 234 234 240 240 240 239 239 239 238 238 238 243 243 243 243 243 243 245 245 245 246 246 246 255 255 255 245 245
237 237 237 237 237 237 242 242 242 239 239 239 235 235 235 233 233 233 235 235 235 229 229 229 233 233 233 225 225 225
223 223 224 224 224 225 225 225 218 218 218 221 221 221 213 213 213 213 213 213 212 212 212 214 214 214 219 219 219 215
215 216 216 216 215 215 215 212 212 212 214 214 214 212 212 212 210 210 210 212 212 212 211 211 211 215 215 215 216 216
215 215 215 213 213 213 213 213 213 216 216 216 209 209 209 207 207 207 202 202 202 197 197 197 197 197 197 199 199 199
211 211 219 219 219 219 219 219 221 221 221 226 226 226 239 239 239 240 240 240 229 229 229 227 227 227 232 232 232 238
238 250 250 250 250 250 250 238 238 238 243 243 243 251 251 251 251 251 251 259 259 259 272 272 272 285 285 285 288 288
295 295 295 287 287 287 277 277 277 261 261 285 285 289 291 291 295 291 291 277 277 277 272 268 268 256 256 256 262 265
270 278 278 282 275 275 275 281 281 279 279 279 277 277 277 261 256 256 250 250 250 251 254 254 262 257 257 248 247 247
236 236 236 234 234 234 238 238 244 244 244 241 233 233 233 238 238 237 237 237 242 236 236 236 240 240 239 239 239 233
230 223 223 223 219 219 219 219 219 219 215 215 215 220 220 220 219 217 217 217 220 220 221 221 221 222 222 222 225 225
226 226 226 230 230 230 236 247 247 253 256 256 264 264 264 270 276 276 286 286 286 292 287 287 287 289 289 292 290 290
283 283 276 276 276 267 267 267 272 272 272 265 265 265 271 268 268 262 262 262 265 265 265 270 270 270 266 266 266 266
267 268 263 263 258 258 258 263 262 262 262 269 269 269 269 269 270 270 270 279 279 279 279 279 279 279 281 281 285 283
275 275 275 277 275 275 275 275 275 275 275 275 275 281 281 282 282 282 282 277 277 277 280 280 280 280 280 280 281 281
285 285 285 285 285 290 294 294 297 291 291 291 301 301 308 306 306 306 308 308 316 312 312 312 321 321 326 326 326 330
328 328 328 328 328 331 331 334 334 334 335 339 339 334 334 334 334 334 334 337 337 337 329 329 329 338 340 340 350 352
349 349 349 348 348 348 350 354 354 355 355 355 353 347 347 345 344 344 344 347 347 349 349 349 351 351 351 351 353 353
366 366 367 375 375 381 385 385 385 387 387 383 377 377 377 381 381 386 386 386 387 387 387 383 383 383 387 387 387 390
390 388 388 388 392 392 392 396 399 399 396 396 396 393 393 393 389 389 389 396 396 396 389 389 389 389 389 389 388 388
383 383 383 388 387 387 387 386 386 386 392 392 387 386 386 386 386 386 388 388 388 387 387 387 387 387 387 383 383 383
383 383 383 383 383 381 381 381 382 382 382 386 385 385 385 403 403 418 423 423 431 431 431 435 437 437 440 452 452 459
462 444 444 444 440 440 440 437 437 437 440 435 435 435 435 435 439 439 439 437 437 437 439 438 438 428 428 428 424 424
435 439 439 439 439 439 440 445 445 450 455 455 461 461 461 477 487 492 514 552 552 548 532 532 507 507 507 510 509 509
512 512 511 511 511 520 519 519 519 532 532 534 534 534 521 521 521 519 519 519 529 529 529 536 541 541 521 521 521 519
511 507 494 494 494 497 497 488 488 488 488 498 498 496 496 496 495 495 495 499 500 500 496 496 496 507 501 501 501 502
506 511 511 508 498 498 444 437 408 369 363 363 353 353 353 357 361 361 375 409 444 461 552 603 603 603 585 492 465 428
368 356 335 334 334 330 330 330 336 341 349 360 403 448 450 486 486 427 423 395 359 345 343 315 311 311 294 294 294 305
307 319 351 382 382 457 459 465 459 421 354 344 326 303 302 302 302 314 314 319 338 352 358 411 442 446 461 461 403 395
345 339 339 332 329 329 329 335 335 341 375 394 397 449 449 404 394 376 342 333 333 333 326 326 326 334 334 337 344 344
358 358 365 376 376 359 354 354 329 326 326 326 326 326 334 372 372 390 390 390 358 342 342 315 315 315 320 322 322 347
358 345 334 334 315 309 309 309 314 314 331 334 334 325 319 319 319 319 319 331 329 329 303 303 303 315 315 315 328 328
322 322 322 330 330 330 332 332 332 331 331 331 335 337 337 339 339 339 337 337 337 339 339 339 339 336 336 328 328 328
338 338 325 325 325 325 325 325 321 321 321 325 325 325 325 325 325 316 316 316 322 322 322 318 318 318 321 321 321 320
320 315 315 315 322 322 322 320 320 320 320 320 320 321 321 321 324 324 324 321 321 321 322 322 322 326 329 329 323 323
328 328 328 327 327 327 324 324 324 328 328 328 328 328 328 328 328 328 326 326 326 322 322 322 328 328 328 322 322 322
336 336 336 333 333 333 333 333 331 331 331 325 325 325 334 333 333 326 326 326 325 325 325 325 325 325 330 330 330 325
325 327 327 327 334 334 334 327 327 327 328 328 328 328 325 325 325 325 325 322 322 322 314 314 314 318 318 318 328 330
329 329 329 325 325 325 326 326 326 324 324 324 321 321 321 322 322 322 330 330 330 332 332 332 332 326 326 321 321 321
327 327 327 327 327 325 325 325 332 328 328 320 320 320 331 333 333 324 324 324 325 325 325 327 327 327 328 326 326 323
323 314 314 314 322 322 322 318 318 318 321 321 321 316 316 316 320 320 320 322 321 321 318 318 318 318 318 318 317 315
315 318 318 316 316 316 313 313 313 309 309 309 308 308 308 313 313 313 317 317 317 309 309 309 307 307 307 310 310 310
309 309 305 305 305 314 314 314 303 303 303 314 311 311 311 312 312 308 308 308 311 311 311 308 308 308 309 309 309 309
309 306 306 306 315 315 315 306 306 306 314 312 312 311 311 311 307 307 307 312 312 312 306 306 306 311 313 313 311 311
304 304 304 313 313 313 311 311 311 312 310 310 305 305 305 308 308 308 306 306 306 309 309 309 311 311 311 308 308 308
314 314 316 316 316 319 319 319 314 314 314 315 315 315 324 320 320 320 324 324 320 320 320 320 319 319 319 320 320 317
317 319 319 319 318 318 318 312 312 312 318 318 318 327 327 327 327 327 327 320 320 320 324 324 324 328 330 330 328 327
325 325 325 316 316 316 320 320 320 319 319 319 322 322 322 320 320 320 323 323 323 323 325 325 318 318 318 313 313 313
320 320 319 319 319 315 315 315 320 318 318 314 314 314 313 313 313 320 320 320 320 324 324 320 320 320 316 316 316 309
309 323 323 323 312 312 312 322 322 322 330 330 330 331 331 331 324 324 324 330 330 330 328 328 328 322 322 322 324 328
330 330 330 320 320 320 327 327 327 330 330 330 335 335 335 336 336 336 336 339 339 339 340 340 336 336 336 329 329 329
331 331 330 330 330 334 340 340 340 337 337 334 334 334 336 336 336 337 335 335 332 332 332 340 342 342 330 330 330 339
339 336 336 336 342 342 342 344 347 347 343 343 343 348 348 348 342 342 342 350 348 348 344 344 344 340 340 340 345 347
349 349 349 355 355 355 357 357 357 345 345 345 348 348 348 346 346 346 347 347 347 354 354 354 347 347 347 350 351 351
340 340 341 341 341 350 350 350 346 346 346 350 350 350 341 341 341 352 350 350 348 348 348 344 344 344 351 351 351 347
347 349 348 348 344 344 344 346 350 350 340 340 340 338 338 338 339 339 339 337 337 337 342 340 340 340 343 343 342 342
331 331 331 338 339 339 335 335 335 339 339 339 336 336 336 338 338 338 341 344 344 344 343 343 343 343 343 342 342 342
339 339 336 336 336 341 341 341 337 337 337 342 342 342 335 335 335 341 341 341 344 347 347 347 347 347 352 352 352 347
347 353 353 353 350 350 350 351 351 351 360 360 360 361 361 361 360 360 360 354 354 354 361 366 366 360 360 360 363 363
370 370 370 363 363 363 368 368 368 374 378 378 376 376 376 370 370 370 373 373 373 378 377 377 370 370 370 365 365 365
368 368 367 367 367 362 362 362 365 365 365 369 369 369 367 367 367 368 372 372 365 365 365 373 373 373 365 365 365 367
367 360 360 360 356 356 356 361 361 361 364 361 361 352 352 352 349 349 349 352 352 352 350 350 350 352 352 352 352 352
346 346 346 347 347 347 348 348 348 344 344 344 342 342 342 346 346 346 349 349 349 349 350 350 349 349 349 335 335 335
347 347 348 348 348 339 339 339 344 344 344 345 347 347 341 341 341 346 346 346 342 342 342 346 346 346 338 338 338 344
344 342 342 342 341 341 341 343 343 343 349 349 349 349 349 349 355 355 355 355 355 355 361 361 361 354 354 354 360 360
366 366 366 371 370 370 364 364 364 373 374 374 369 369 369 376 377 377 373 373 373 377 381 381 378 378 378 381 385 385
377 377 369 369 369 374 374 374 375 375 375 378 381 381 368 368 368 378 376 376 367 367 367 381 379 379 367 367 367 372
372 374 374 374 381 378 378 369 369 369 368 368 368 367 367 367 369 369 369 360 360 360 367 367 367 362 362 362 358 358
362 364 364 365 366 366 361 361 361 366 358 358 354 354 354 355 355 355 352 352 352 354 354 354 353 353 353 359 359 359
364 364 358 358 358 366 367 367 367 362 362 360 360 360 356 356 356 354 354 354 350 350 350 354 355 355 345 345 345 352
355 350 350 350 344 344 344 349 349 349 356 354 354 354 354 354 354 354 354 359 359 359 356 356 356 365 365 365 358 358
360 363 363 359 359 359 359 359 359 363 362 362 362 363 363 357 357 357 363 363 363 368 368 368 370 374 374 372 372 372
365 365 377 377 377 371 371 371 375 375 375 378 374 374 374 373 373 369 369 369 364 364 364 362 362 362 367 367 367 365
365 368 374 374 367 366 366 356 356 356 364 364 364 353 353 353 356 356 356 360 360 360 358 358 358 350 350 350 355 356
357 357 357 346 346 346 347 347 347 350 350 350 353 353 353 346 346 346 353 353 353 351 351 351 356 354 354 354 355 355
353 353 347 347 347 345 345 345 350 343 343 343 345 345 338 338 338 342 342 342 347 349 349 345 345 345 343 343 343 342
342 336 336 336 337 337 337 337 337 337 342 342 342 337 337 337 345 343 343 342 342 342 343 343 343 348 348 348 340 340
345 345 345 347 347 347 343 343 343 345 345 345 346 346 346 351 351 351 354 354 354 352 349 349 349 355 355 349 349 349
362 362 364 364 364 367 367 367 364 364 364 363 363 363 366 366 366 368 366 366 363 363 363 367 365 365 363 363 363 367
368 358 358 358 360 360 360 365 365 365 360 360 360 365 368 368 368 370 370 369 369 369 366 366 366 357 357 357 349 349
352 352 352 359 360 360 361 361 361 357 357 357 357 355 355 355 361 361 361 357 357 357 356 356 353 353 353 349 349 349
350 350 346 346 346 344 344 344 346 346 346 343 343 343 349 349 349 343 343 343 344 344 344 345 342 342 339 339 339 348
349 349 349 349 349 347 347 347 351 351 337 337 337 341 341 341 346 346 346 342 342 342 342 342 342 347 347 347 347 350
340 340 340 341 341 341 349 349 349 351 355 355 354 354 354 345 345 345 349 349 349 348 348 348 355 355 355 358 363 363
365 365 369 369 369 363 363 363 372 372 372 373 373 373 374 373 373 367 367 367 370 370 370 362 362 362 374 376 376 372
372 373 373 373 379 378 378 375 375 375 379 381 381 376 376 376 369 369 369 376 376 376 367 367 367 373 372 372 367 367
369 369 369 368 368 368 380 379 379 373 373 373 369 369 369 376 376 376 376 375 375 365 365 365 366 366 366 372 370 370
369 369 368 368 368 370 368 368 365 365 365 362 362 362 359 359 359 365 360 360 360 358 358 356 356 356 360 360 360 362
364 361 361 361 362 362 362 364 361 361 351 351 351 362 363 363 360 360 360 356 356 356 358 358 358 359 359 359 362 362
359 359 359 361 361 361 355 355 355 355 355 355 367 367 367 367 368 368 370 371 371 363 363 363 363 363 363 372 373 373
370 370 378 378 378 374 374 374 385 385 385 374 374 374 379 379 379 392 397 397 386 386 386 390 389 389 382 382 382 390
390 385 385 385 378 378 378 380 380 380 379 379 379 379 379 379 371 371 371 378 378 378 378 375 375 375 377 377 371 371
380 380 380 376 376 376 379 379 379 379 379 379 383 382 382 373 373 373 383 381 381 372 372 372 370 370 370 372 372 372
366 366 360 360 360 360 360 360 367 373 373 364 364 364 359 359 359 353 353 353 361 361 361 361 359 359 359 362 362 353
38 48 50 50 48 46 46 38 33 31 20 17 14  9  8  8  1  1  1  5  1  1  0  0  0  2 -1 -1 -1  0
32 35 53 53 51 51 51 42 42 42 29 25 23 16 10 10  7  6  6  6  6  6  1  1  1  3  3  3  3  3
40 42 53 53 56 53 53 44 40 40 40 33 33 19 15 15 12  7  7  7  6  6  1  1  1  1  0  0  0  5
30 32 43 43 43 44 44 43 38 38 27 25 25 15 11 11  9  8  8  4  4  4  6  5  5  2  2  2  3 -1
31 33 42 42 50 48 48 47 46 46 41 41 41 36 32 32 22 19 19 12  6  6  6  5  5  5  4  4  4  5
25 27 41 46 47 61 61 65 67 67 66 64 64 57 52 52 42 38 38 29 27 27 19 11 11 11  6  6  6  2
33 33 40 47 47 51 54 54 54 58 58 53 50 50 45 39 39 27 20 20 15 10 10  8  6  6  3  3  3  4
44 47 66 66 73 73 73 64 60 60 46 39 39 26 21 21 14  9  9  9 -3 -3 -3 -5 -5 -5 -6 -5 -5 -6
25 25 49 49 52 64 64 64 62 62 62 59 59 58 48 45 43 35 27 19 19 16 12  7  7  5 -3 -3 -3 -4
29 31 49 52 54 61 61 59 51 51 51 40 40 40 31 31 28 18 18 18  6  6  6  5  5  3 -2 -2 -2 -3
45 46 46 69 69 76 66 62 60 51 51 50 42 40 36 26 25 20 16 16 12  4  4  4  4  4  3  3  3  4
32 32 47 50 51 64 65 65 76 76 76 71 71 71 66 66 54 51 37 31 23 18 17 12 12  8  3  3  3 -1
28 28 37 37 37 43 43 43 43 43 43 36 36 36 31 31 27 22 22 20 12 12 12  6 -1 -1  5  5  5 -6
27 47 47 48 48 48 48 52 52 52 51 51 51 43 43 35 28 19 16 11 11  9  4  4  4  0  0  0  1  1
31 32 49 49 49 52 52 52 51 51 51 47 47 47 39 39 38 32 28 22 17 17 13 12 12  8  1  1  1  1
23 43 48 52 67 67 69 71 71 71 72 72 72 61 61 53 47 43 37 31 31 23 16 16 14  7  7  7 -1 -1
29 29 44 44 49 53 53 53 43 43 43 34 34 34 31 29 27 20 20 20 13 13 10  7  7  7  1  1  1  5
50 52 58 63 63 63 68 68 68 58 58 44 40 33 24 19 19 12  7  7  7  6  6  6  3  3  3  3  3  3
34 34 45 44 44 52 52 52 52 52 52 51 51 50 40 35 30 27 26 24 11 11 11  7  7  7 -1 -1 -1  2
32 34 57 61 63 76 76 79 86 86 86 82 82 68 59 52 41 33 29 23 20 14 14  7  7  7  2  2  2  2
32 34 54 54 57 69 70 72 83 83 83 72 72 65 56 54 42 34 33 25 16 16 11 11 11  7  3  3  3  2
27 27 42 42 42 53 53 53 67 67 68 80 80 80 93 93 93 94 94 94 86 86 75 73 64 48 44 35 22 18
39 39 40 47 47 51 55 55 56 64 64 62 58 58 51 41 41 34 23 23 20 12 12  8  7  7  7  7  7  7
42 42 54 54 56 49 49 48 42 42 40 39 39 29 23 23 20 11 11 11  5  5  5  3  3  3  2  2  2  0
31 31 46 46 47 61 61 66 75 75 75 65 65 55 52 52 39 26 26 20 11 11 11  3  3  3  5  5  3  3
39 47 68 68 72 85 85 85 91 91 83 69 69 52 41 35 26 16 16 10  9  9  9  0  0  0  5  5  5  5
35 38 63 63 66 84 84 84 83 83 75 64 64 47 35 34 20 16 16 11  5  5  5  3  3  3  3  3  3  0
29 31 42 42 42 57 57 57 68 68 68 72 72 72 71 71 68 57 57 44 37 36 27 18 18 15  5  5  5  5
26 28 33 33 33 39 39 39 48 48 48 51 51 51 51 51 51 48 48 45 34 34 33 23 23 23  9  9  9  4
33 35 48 48 48 59 59 63 64 64 64 69 69 68 57 57 57 48 48 40 38 38 31 19 19 19 11 11 11  9
28 28 42 42 49 67 67 67 79 79 79 78 78 74 65 65 54 43 43 33 27 27 21 10 10 10  3  3  3 -1
26 26 33 33 33 42 42 42 52 52 52 58 58 58 63 63 63 65 65 64 52 52 46 36 36 30 21 21 17 14
26 26 36 36 36 57 57 57 72 72 76 82 82 80 69 69 65 51 51 48 32 32 32 22 22 22 19 19 18 12
40 40 50 50 50 54 54 54 63 63 63 68 68 68 65 65 65 49 49 49 42 41 38 32 32 31 20 20 20 14
44 44 61 61 61 73 73 73 74 74 65 54 54 48 37 37 30 18 18 18  3  3  3  8  8  8 -5 -5 -5 -3
26 27 45 45 45 66 66 66 82 82 82 86 86 86 69 69 66 43 43 36 20 20 20  3  3  3  1  1  1 -6
23 23 41 41 41 64 64 64 82 82 82 91 91 91 83 83 83 60 59 56 43 43 42 18 18 18  6  6  6  2
34 34 43 43 43 48 48 48 46 46 46 34 34 34 23 23 23  6  6  6  1  1  1 -4 -4 -4 -8 -8 -8 -3
38 38 57 57 57 67 67 67 67 67 67 57 57 53 33 33 33 10 10 10  1  1  1  0  0  0  3  3  3 -1
33 33 36 36 36 36 36 36 40 40 40 35 35 35 25 25 25 14 14 14  8  8  8  0  0  0  5  5  5 -2
31 31 39 39 39 47 47 47 44 44 44 35 35 35 23 23 23 15 15 15  3  3  3 -7 -7 -7 -3 -3 -3 -4
34 34 50 50 50 61 61 61 64 64 64 60 60 60 46 46 46 29 27 27 14 14 14  0  0  0 -2 -2 -2 -2
37 37 50 50 50 50 50 50 49 49 49 41 41 41 28 28 28 18 18 18  9  9  9  3  3  3 -4 -4 -4  1
34 34 37 37 37 35 35 35 30 30 30 18 18 18 18 18 18 12 12 12  1  1  1  5  5  5  0  0  0  1
33 33 42 42 42 39 39 39 47 47 47 38 38 38 31 31 31 18 18 18 11 11 11  8  8  8 -2 -2 -2  1
28 28 40 40 40 39 39 39 34 34 34 37 37 37 27 27 27 18 18 18 13 13 13  6  6  6  4  4  4  6
31 31 33 33 33 38 38 38 39 39 39 36 36 36 23 23 23 16 16 16  9  9  9  2  2  2  0  0  0 -2
29 29 41 41 41 43 43 43 39 39 39 31 31 31 21 21 21  9  9  9 12 12 12  0  0  0  0  0  0  1
28 28 39 39 39 44 44 44 43 43 43 36 36 36 32 32 32 15 15 15  9  9  9  5  5  5  4  4  4  1
28 28 36 36 36 44 44 44 45 45 45 35 35 35 25 25 25 19 19 19  7  7  7  2  2  2  1  1  1  3
28 28 36 36 36 41 41 41 37 37 37 40 40 40 34 34 34 22 22 22 15 15 15  5  5  5  3  3  3  6
40 40 49 49 49 58 58 58 64 64 64 66 66 66 52 52 52 36 36 36 25 25 25 11 11 11  7  7  7  4
37 37 45 45 45 61 61 61 59 59 59 58 58 58 47 47 47 35 35 35 21 21 21 12 12 12  9  9  9 -2
27 27 42 42 42 58 58 58 67 67 67 77 77 77 59 58 58 46 46 45 25 25 25 12 12 12  8  8  8  3
45 45 67 67 67 80 80 80 88 88 88 96 96 96 75 71 68 49 49 48 27 27 27  3  3  3 10 10 10  4
33 33 39 39 39 51 51 51 56 56 56 51 51 48 32 32 32 19 19 19 10 10 10  4  4  4  2  2  2  3
30 30 30 30 30 35 35 35 36 36 36 32 32 32 22 22 22 11 11 11  7  7  7  3  3  3  1  1  1  1
36 36 29 29 29 33 33 33 22 22 22 24 24 24 13 13 13 11 11 10  4  4  4 -1 -1 -1 -2 -2 -2  1
26 26 26 26 26 31 31 31 19 19 19 13 13 13 11 11 11  7  7  7  2  2  2 -1 -1 -1  3  3  3  5
30 30 39 39 39 35 35 35 37 37 37 27 27 27 19 18 18  8  8  8  3  3  3  0  0  0  7  7  7 -4
26 26 23 23 23 22 22 22 21 21 21 20 20 20  9  9  9  4  4  4  4  4  4  6  6  6  0  0  0  6
31 31 38 38 38 52 52 52 49 49 49 51 51 51 53 53 53 42 42 42 28 28 28 19 19 19 12 12 12  8
31 31 30 30 30 23 23 23 27 27 27 15 15 15  8  8  8  8  8  8  1  1  1  1  1  1  4  4  4 12
29 29 36 36 36 40 40 40 38 38 38 28 28 28 25 25 25 15 15 15  6  6  6  1  1  1  7  7  7  4
30 30 24 24 24 19 19 19 20 20 20 19 19 19 12 12 12  8  8  8  5  5  5  1  1  1  2  2  2 -1
37 37 33 33 33 29 29 29 18 18 18 11 11 11  5  5  5  7  7  7  0  0  0  1  1  1  6  6  6  4
30 30 44 44 44 47 47 47 39 39 39 31 31 31 25 25 25 17 17 17 15 15 15  7  7  7  7  7  7  0
29 29 33 33 33 37 37 37 30 30 30 25 25 25 14 14 14 13 13 13  7  7  7  2  2  2  2  2  2  4
31 31 24 24 24 22 22 22 10 10 10  7  7  7 -2 -2 -2  2  2  2  7  7  7  3  3  3  0  0  0 -4
28 28 50 50 50 55 55 55 46 46 46 40 40 40 28 28 28 12 12 12  3  3  3  8  8  8  2  2  2  4
33 33 44 44 44 43 43 43 40 40 40 30 30 30 27 27 27 22 22 22 10 10 10 10 10 10  5  5  5  0
33 33 29 29 29 31 31 31 29 29 29 26 26 26 15 15 15  9  9  9  7  7  7  2  2  2  1  1  1  3
30 30 36 36 36 34 34 34 30 30 30 33 33 33 24 24 24 15 15 15  8  8  8  3  3  3  0  0  0  5
28 28 44 44 44 49 49 49 46 46 46 40 40 40 26 26 26  7  7  7  7  7  7  1  1  1 -1 -1 -1  0
31 31 43 43 43 52 52 52 47 47 47 40 40 40 35 35 35 22 22 22 18 18 18 13 13 13  5  5  5  6
27 27 37 37 37 45 45 45 49 49 49 39 39 39 35 35 35 28 28 28 21 21 21 16 16 16  9  9  9  1
28 28 33 33 33 36 36 36 29 29 29 20 20 20 20 20 20  7  7  7  9  9  9  8  8  8  5  5  5  2
33 33 45 45 45 48 48 48 40 40 40 31 31 31 21 21 21 12 12 12  7  7  7  0  0  0  7  7  7  2
27 27 37 37 37 41 41 41 39 39 39 37 37 37 33 33 33 18 18 18 14 14 14 10 10 10  2  2  2  6
27 27 39 39 39 39 39 39 41 41 41 37 37 37 31 31 31 22 22 22  9  9  9  8  8  8  3  3  3  1
26 26 33 33 33 28 28 28 27 27 27 23 23 23 17 17 17 13 13 13 12 12 12 10 10 10  1  1  1  7
32 32 38 38 38 40 40 40 35 35 35 30 30 30 24 24 24 18 18 18 16 16 16  6  6  6  5  5  5  1
29 29 37 37 37 35 35 35 35 35 35 30 30 30 20 20 20 10 10 10  4  4  4 -1 -1 -1  6  6  6  3
26 26 28 28 28 28 28 28 24 24 24 21 21 21 10 10 10  6  6  6  3  3  3  3  3  3  0  0  0 -2
31 31 39 39 39 35 35 35 35 35 35 24 24 24 18 18 18 15 15 15  5  5  5  8  8  8 -4 -4 -3  1
29 29 26 26 26 27 27 27 22 22 22 18 18 18 11 11 11  8  8  8  7  7  7  8  8  8  1  1  1  9
27 27 24 24 24 23 23 23  9  9  9  6  6  6 10 10 10  5  5  5  5  5  5  6  6  6  2  2  2  2
27 27 29 29 29 29 29 29 30 30 30 24 24 24 18 18 18  9  9  9  4  4  4  4  4  4  1  1  1  6
36 36 41 41 41 34 34 34 26 26 26 10 10 10  5  5  5 10 10 10  9  9  9  1  1  1  7  7  7  1
26 26 21 21 21 14 14 14 13 13 13 10 10 10  8  8  8  5  5  5  4  4  4  2  2  2  2  2  2  3
26 26 29 29 29 29 29 29 28 28 28 19 19 19 14 14 14  5  5  5  3  3  3  6  6  6  0  0  0 -1
29 29 32 32 32 29 29 29 23 23 23 16 16 16  6  6  6  5  5  5  2  2  2  7  7  7  0  0  0  8
30 30 36 36 36 34 34 34 17 17 17 28 28 28 29 29 29 17 17 17  9  9  9 10 10 10  2  2  2  2
27 27 34 34 34 37 37 37 31 31 31 35 35 35 22 22 22 15 15 15 11 11 11  4  4  4  4  4  4  1
29 29 32 32 32 36 36 36 31 31 31 28 28 28 23 23 23 11 11 11  7  7  7  4  4  4  9  9  9  6
30 30 39 39 39 35 35 35 32 32 32 28 28 28 15 15 15 10 10 10  4  4  4  8  8  8  9  9  9  3
30 30 33 33 33 28 28 28 26 26 26 22 22 22 13 13 13 16 16 16  5  5  5  5  5  5  2  2  2 -1
32 32 34 34 34 34 34 34 34 34 34 33 33 33 28 28 28 25 25 25 15 15 15  7  7  7  0  0  0  3
32 32 39 39 39 37 37 37 39 39 39 34 34 34 32 32 32 22 22 22 19 19 19 16 16 16  7  7  7  2
34 34 39 39 39 34 34 34 32 32 32 34 34 34 31 31 31 26 26 26 18 18 18 12 12 12  6  6  6  1
28 55 69 73 80 80 51 45 37 11 11 11  5  5  5 -1 -1 -1  2  2  2  2  2  2  1  1  1 -2 -2 -2
27 39 46 46 49 49 49 26 24 24  9  9  9  5  5  5  4  4  4 -2 -2 -2  6  4  4  4  4  3  1  1
31 34 43 52 52 66 63 63 47 45 45 17 17 17  8  8  8  5  5  5  2  2  2  8  8  8 -2 -2 -2  5
30 30 40 43 43 52 52 52 41 37 37 22 19 19  9  9  9  6  6  6  4  4  4  3  3  3  6  6  6  2
30 30 38 47 47 51 51 51 42 38 38 22 22 22  9  9  9  6  6  6  5  5  5  7  7  7  3  3  3 -1
27 27 41 41 41 48 48 48 42 41 41 29 29 29 11 11 11  6  6  6  6  6  6  6  5  5  1  1  1 -2
40 40 54 61 61 69 69 69 55 55 55 39 31 31 17 17 17  7  7  7  5  5  5  3  3  3  5  3  2  2
37 37 42 50 50 51 51 51 46 46 46 28 28 28 14 14 14 10 10 10  3  3  3  2  2  2  0  0  0  7
30 41 54 55 68 77 77 79 77 77 45 43 43 18 18 18 10 10 10  6  6  6  5  5  5  3  3  3  5  5
31 31 43 55 55 50 50 50 39 34 34 20 20 20  9  9  9  9  9  9  6  6  6  6  6  6  1  1  1  2
35 35 46 46 46 47 47 47 32 32 32 17 17 17  8  8  8  3  3  3  6  6  6 10 10 10  3  3  3  5
34 34 46 46 46 42 41 41 22 22 22 12 12 11  5  5  5  6  6  6  6  6  6  2  2  2  4  4  4  0
35 35 46 46 46 37 37 37 25 25 25 13 13 13  7  7  7  2  2  2  4  4  4  3  3  3 -2 -2 -2  1
30 30 36 37 37 37 38 38 24 24 24 12 12 12 13 10 10  9  8  8  1  1  1  3  3  3  4  4  4 -1
32 37 37 37 35 35 35 23 21 21 12 12 12 11 11 11  1  1  1  4  4  4  3  3  3  0  0  0  7  6
40 40 43 42 42 39 33 33 21 21 21  9  9  9  6  6  6 10 10 10  4  4  4  4  4  4  4  4  4  2
33 33 42 46 46 41 41 41 27 26 26 11 11 11  5  5  5  9  9  9  5  5  5  4  4  4  0  0  0  0
31 31 31 28 28 19 19 19  9  9  9  5  5  5  5  5  5  1  1  1  0  0  0  0  0  0 -1 -1 -1 -3
33 33 39 39 39 39 39 39 27 27 27 14 14 14  8  8  8  2  2  2  5  5  5  2  2  2  0  0  0 -1
29 29 43 46 46 53 53 53 45 45 45 38 38 38 27 27 27 19 18 18  8  8  8  3  3  3 -2 -2 -2  1
25 25 33 33 33 33 33 33 35 34 34 27 27 27 21 21 21  9  9  9  9  9  9  8  8  8  0  0  0  0
41 41 54 54 54 52 51 51 43 43 43 32 32 32 19 19 19 10 10 10  9  9  9  3  3  3 13 13 13  7
32 32 45 44 44 36 36 36 17 17 17  6  6  5  4  4  4 -5 -5 -5  2  2  2 -1 -1 -1  1  1  1  0
46 46 49 49 49 43 43 43 23 23 23 14 11 11  3  3  3  6  6  6  5  5  5  0  0  0  6  6  6  1
28 28 43 43 43 48 48 48 32 32 32 13 13 13  5  5  5  3  3  3  7  7  7  4  4  4  5  5  5  0
31 31 41 42 42 36 36 36 23 23 23  5  5  5  8  8  8  1  1  1  5  5  5  3  3  3 -2 -2 -2  2
36 36 40 38 38 27 24 24 15 15 15  7  7  7  6  6  6  2  2  2 -3 -3 -3  3  3  3  2  2  2  1
30 30 42 44 44 55 49 49 40 39 39 21 17 17  3  3  3  4  4  4  4  4  4  2  2  2  5  5  5  3
26 34 34 34 36 36 36 19 19 19  8  8  8  3  3  3  4  4  4  7  7  7  1  1  1  2  2  2  4  4
29 29 31 31 31 22 22 22 10 10 10  8  8  8  8  8  8  6  6  6  2  1  1 -3 -3 -3  0  0  0  1
33 33 38 38 38 30 30 30 12 12 12 10 10 10  3  3  3  2  2  2  3  3  3 -2 -2 -2 -3 -3 -3 -1
34 34 38 39 39 28 28 28 11 11 11  7  7  7  4  4  4  0  0  0  3  3  3  1  1  1 -3 -3 -3  3
27 35 39 39 40 40 40 33 33 33 27 23 23 14 13 13  1  1  1 -1 -1 -1  1  1  1  2  2  2  0  0
25 25 32 36 36 38 38 38 29 29 29 19 19 19  9  9  9  3  3  3  6  6  6 -1 -1 -1  4  4  4 -3
30 30 26 26 26 25 25 25 14 14 14  8  8  8  5  5  5 -1 -1 -1  0  0  0  3  3  3  2  2  2  1
27 27 32 32 32 24 23 23 16 16 16  9  9  9  5  5  5  2  2  2  8  8  8 -2 -2 -2 -1 -1 -1  0
28 28 41 47 47 46 46 46 38 38 38 25 25 25 15 14 14  6  6  6  6  6  6  4  4  4  0  0  0  2
23 23 32 35 35 28 28 28 20 20 20  8  8  8  9  9  9  7  7  7  7  6  6  5  5  5 -1 -1 -1  1
32 32 43 43 43 33 33 33 29 29 29 17 17 17 10 10 10  5  5  5  8  8  8  6  6  6  1  1  1 -3
35 35 31 29 29 21 21 21 11 11 11  4  4  4  4  4  4  6  6  5  1  1  1 -1 -1 -1 -2 -2 -2  3
25 25 32 32 32 28 28 28 20 20 20 12 12 12  9  9  9  6  6  6  6  6  6  0  0  0  1  1  1 -1
26 26 32 28 28 24 24 24 11  9  9  1  1  1  2  2  2  2  2  2  1  1  1  0  0  0  4  4  4 -2
27 27 28 28 28 18 18 18 15 11 11  4  4  4 -3 -3 -3  8  8  8  7  6  6 -1 -1 -1  2  2  2  3
31 31 38 38 38 33 32 32 17 16 16  9  9  9  7  7  7  0  0  0 -1 -1 -1  2  2  2  2  2  2  0
25 25 31 31 31 24 24 24 16 16 16  8  8  8  2  2  2  5  5  5  3  3  3  3  3  3 -1 -1 -1  1
27 27 32 32 32 33 33 33 25 25 25 13 13 12 10 10 10  2  2  2  0  0  0 -1 -1 -1  0  0  0 -1
26 30 30 30 27 27 27 18 18 18  9  9  9  3  3  3  1  1  1  2  2  2  1  1  1  4  4  4  0  0
41 41 51 51 51 46 46 46 21 21 21 15 15 15  0  0  0  6  6  6  4  4  4  5  5  5 -2 -2 -2  5
17 17 23 23 23 22 22 22 13 13 13 11  9  9  4  4  4  0  0  0  2  2  2  6  6  6  1  1  1  1
25 25 29 29 29 20 20 20 11 11 11 11 10 10 -1 -1 -1  1  1  1  1  1  1  1  1  1  6  6  6  0
33 33 43 45 45 37 37 37 29 29 29 11 11 11 10 10 10  6  6  6  3  3  3  3  3  3 -1 -1 -1  2
26 28 28 28 25 25 25 15 15 15  4  4  4  7  7  7 -1 -1 -1 -1 -1 -1  0  0  0 -5 -5 -5  5  5
29 33 33 33 19 19 19 15 15 15  9  9  9  3  3  3  0  0  0 -1 -1 -1  3  3  3  0  0  0 -6 -6
16 29 29 29 30 30 30 22 22 22 11 11 11  8  8  8  6  6  6  0  0  0  1  1  1  5  5  5  0  0
26 26 28 28 28 24 24 24 17 17 17 10 10 10 10 10 10  5  5  5  8  8  8  1  1  1  6  6  6 -2
26 34 39 39 41 41 41 33 33 33 15 15 15  6  6  6  7  7  7  9  9  9  6  6  6  1  1  1  7  7
42 42 37 37 37 32 32 32 14 14 14  7  7  7  1  1  1  4  4  4  4  4  4  3  3  3  4  4  4 -1
32 32 38 38 38 26 22 22 13 13 13  5  5  5  7  7  7  2  2  2 -2 -2 -2  1  1  1  1  1  1 -1
24 24 35 35 35 36 32 32 19 19 19 10 10 10  9  8  8  2  2  2 -2 -2 -2  0  0  0  3  3  3  6
39 39 50 64 64 53 53 53 35 33 33 10 10 10 10 10 10 -2 -2 -2  3  3  3 -2 -2 -2  3  3  3 -2
26 26 38 38 38 40 40 40 27 24 24 14 14 14  4  4  4  3  3  3  3  3  3  0  0  0  2  2  2  0
33 33 32 32 32 23 23 23 15 10 10  3  3  3  5  5  5  8  9  9  4  4  4  2  2  2 -1 -1 -1 -2
32 32 30 30 30 21 21 21  9  9  9  1  1  1  3  3  3  2  2  2  2  2  2  1  1  1 -1 -1 -1  2
23 31 31 31 32 32 32 30 30 30 15 15 15  4  4  4  3  3  3  4  4  4  4  4  4 -1 -1 -1  2  2
22 22 39 43 43 50 54 54 47 47 47 35 31 31 13 13 13  6  6  6  1  1  1  1  1  1  1  1  1  2
36 36 43 45 45 35 35 35 16 16 16  9  9  9  6  6  6  3  3  3  0  0  0  1  1  1  4  4  4  1
27 27 32 32 32 24 24 24 16 16 16  4  4  3  6  6  6  9  9  9  6  6  6  3  3  3  0  0  0  5
28 28 39 41 41 46 46 46 37 34 34 19 19 19  9  9  9  5  5  5 -3 -3 -3  5  4  4  2  2  2 -1
25 25 36 36 36 35 35 35 29 29 29 16 16 16  8  8  8  4  4  4  5  5  5 -1 -1 -1  6  6  6  2
37 37 50 52 52 45 45 45 34 33 33 17 17 17 13 13 13  7  7  7  3  3  3  5  5  5  1  1  1  1
28 28 35 38 38 43 43 43 45 45 45 35 32 32 22 17 17  8  8  8  3  3  3  6  6  6  6  6  6  6
24 24 30 31 31 33 33 33 30 30 30 21 21 21 10 10 10  8  8  8  1  1  1  3  3  3 -3 -3 -3 -2
25 25 36 44 44 47 46 46 35 35 35 26 26 26 10 10 10  8  8  8  6  5  5  0  0  0 -1 -1 -1  3
31 31 37 37 37 34 34 34 22 22 22 15 15 15  9  9  9  9  9  9  1  1  1 -2 -2 -2  6  6  6  2
30 30 34 34 34 31 31 31 16 16 16 15 14 14  5  5  5  4  4  4  8  8  8  8  6  6  2  2  2  7
30 30 41 39 39 33 33 33 26 26 26  9  9  9  5  5  5  6  6  6 -1 -1 -1 -1 -1 -1  4  4  4  5
25 25 31 31 31 30 30 30 20 20 20 17 17 17  5  5  5  5  5  5  2  2  2  4  4  4 -3 -3 -3  0
24 24 28 28 28 29 29 29 20 20 20  9  9  9  5  5  5 -4 -4 -4  4  4  4  1  1  1  2  2  2 -1
23 23 32 42 42 38 38 38 37 37 37 25 25 25 12 12 12  5  5  5  4  4  4  8  8  8  1  1  1 -2
36 36 41 41 41 41 41 41 30 30 30 23 22 22 11 11 11  4  4  4  3  3  3  4  4  4  3  3  3  7
29 29 30 34 34 38 38 38 29 29 29 12 12 12 10 10 10 10 10 10  5  5  5  0  0  0  7  7  7  0
34 34 44 44 44 41 41 41 28 28 28 20 18 18  9  9  9  7  7  7  6  6  6  6  6  6  3  3  3 10
25 42 43 43 57 57 57 45 42 42 27 27 27 11 11 11  7  7  7  5  5  5  3  3  3  2  2  2  1  1
26 26 39 39 39 44 44 44 39 39 39 28 28 28 17 17 17  9  9  9  8  8  8  4  4  4  4  4  4  6
30 30 41 47 47 47 47 47 33 33 33 20 20 20 14 14 14  5  5  5  2  2  2  4  4  4  8  8  8  3
32 32 42 48 48 48 48 48 39 36 36 24 23 23 17 14 14  7  7  7  5  5  5  8  8  8 -1 -1 -1  6
38 38 45 45 45 41 41 41 31 28 28 17 17 17  7  7  7  9  9  9  5  5  5  6  6  6  6  6  6  0
38 38 42 42 42 36 36 36 27 24 24 16 16 16  8  8  8  9  9  9  1  1  1  6  6  6  7  7  7  5
28 28 42 42 42 39 39 39 26 26 26 14 14 14 14 13 13  9  9  9  5  5  5  1  1  1 -2 -2 -1  8
36 36 52 56 56 55 55 55 36 36 36 23 23 23  5  5  5  5  5  5  0  0  0  4  4  4  1  1  1  1
26 32 33 33 34 34 34 25 25 25 15 15 15 11 11 11  5  5  5  6  6  6  3  3  3  2  2  2 -5 -5
39 39 51 51 51 44 44 44 30 30 30 17 17 17  7  7  7  4  4  4  2  2  2  6  6  6  2  2  2  0
39 39 39 35 35 29 29 29 13 13 13  8  8  8  8  8  8  5  5  5  0  0  0  2  2  2  2  2  2  4
28 28 37 39 39 34 34 34 23 23 23 12 12 12  9  9  9  8  8  8  0  0  0  0  0  0  4  4  4  4
38 38 46 46 46 49 49 49 36 33 33 19 19 19 13 13 13 11  9  9  5  5  5  4  4  4  1  1  1  2
36 36 44 47 47 43 43 43 32 32 32 18 18 18  9  9  9  5  5  5  7  7  7  1  1  1  0  0  0  1
25 25 36 46 46 44 44 44 31 31 31 17 17 17  8  8  8  5  5  5  3  3  3  4  4  4 -3 -3 -3  4
29 29 44 46 46 43 43 43 32 32 32 22 22 22 10 10 10  5  5  5  2  2  2  2  2  2  5  5  5  2
34 34 36 39 39 38 38 38 23 23 23 13 13 13  5  5  5  3  3  3  0  0  0  0  0  0  1  1  1  4
38 38 39 39 39 34 33 33 19 19 19  9  9  9  7  7  7 -1 -1 -1  3  3  3  4  4  4  3  3  3  2
-1 -1  0  0  0  2  2  2  5  5  5  4  4  4  0  0  0  1  1  1 -1 -1 -1 -3 -3 -3  2  2  2  2
2  0  0  0  4  4  4  0  0  0 -1 -1 -1  6  6  6  3  3  3  0  0  0  2  2  2  0  0  0  1  1
-2 -2 -2 -3 -3 -3 -2 -2 -2 -3 -3 -3  1  1  1 -3 -3 -3  0  0  0  4  4  4  3  3  3  6  6  6
0  0  3  3  3  2  2  2  4  4  4  4  4  4 -1 -1 -1  6  6  6  4  4  4  2  2  2  6  6  6  3
3  1  1  1  0  0 -2  3  3  3  1  1  1  3  3  3  4  4  4  0  0  0  3  3  3  8  8  8  2  2
0  0  0  1  1  1  0  0 -1  1  1  1  3  3  3  1  1  1  5  5  5  5  5  5  3  3  3  3  3  3
4  4  5  5  5  0  0  0  3  3  3 -3 -3 -3  4  4  4  5  5  5  9  9  9  6  6  6  1  1  1  1
1 2 2 2 0 0 0 1 1 1 2 2 2 2 2 2 4 4 4 4 4 4 1 1 1 3 3 3 1 1
1  1  1  5  5  5  6  6  6  1  1  1  4  4  4  0  0  0 -1 -1 -1  3  3  3  3  3  3  6  6  6
0  0  0  0  0  1  1  1  4  4  4  2  2  2  0  0  0  1  1  1  0  0  0 -1 -1 -1  2  2  2  4
4 5 5 5 5 5 5 3 3 3 1 1 1 3 3 3 3 3 3 1 1 1 1 1 1 3 3 3 2 2
4  4  3  0  0  0  0  0  0 -4 -4 -4  3  3  3  3  3  3 -1 -1 -1 -1 -1 -1  3  3  3  4  4  4
6  6  3  3  3  1  1  1 -1 -1 -1  2  2  2  2  2  2  3  3  3 -2 -1 -1  1  1  1  5  5  5  4
4  3  3  3  5  5  5  0  0  0  4  4  4 -1 -1 -1 -2 -2 -2  4  4  4 -1 -1 -1  7  7  7  6  6
1  1  1  0  0  0  3  3  3  5  5  5 -1 -1 -1  0  0  0  1  1  1  2  2  2  6  6  6  1  1  1
5 5 2 2 2 2 2 2 0 0 0 0 0 0 1 1 1 0 0 0 0 0 0 1 1 1 6 6 6 1
1  6  6  6  3  3  3  4  4  4  2  2  2 -1 -1 -1 -2 -2 -2  1  1  1  0  0  0  3  3  3 -3 -3
3  3  3  2  2  2  6  6  6  1  1  1  4  4  4  1  0  0 -1 -1 -1 -1 -1 -1  4  4  4  1  1  1
5  5  3  3  3  4  4  4 -1 -1 -1  0  0  0  3  3  3  3  3  3  4  4  4  5  5  5  0  0  0  1
1  3  3  3  2  2  2  1  1  1  1  1  1 -1 -1 -1  4  4  4  2  2  2  3  3  3 -2 -2 -2  4  4
-2 -2 -2  0  0  0 -1 -1 -1 -2 -2 -2  2  2  2  0  0  0  2  2  2  4  4  4 -1 -1 -1  1  1  1
4  4 -4 -4 -4  2  2  2 -2 -2 -2 -2 -2 -3  6  6  6  1  1  1 -1 -1 -1  2  2  2  0  0  0 -2
-2  2  2  2  8  8  8  4  4  4  1  1  1  0  0  0  0  0  0  0  0  0  2  2  2  3  3  3  4  4
2 2 2 1 1 1 0 0 0 7 7 7 4 4 4 2 2 2 1 1 1 1 1 1 6 6 6 3 3 3
0  0  2  2  2  1  1  1  0  0  0 -3 -3 -3  2  2  2  1  1  1  1  1  1 -2 -2 -2  0  0  0  4
4  1  1  1  0  0  0  1  1  1 -1 -1 -1 -2 -2 -2  4  4  4  4  4  4 -7 -7 -6 -3 -3 -3 -3 -3
-4 -4 -4 -2 -2 -2 -3 -3 -3  5  5  5  5  5  5  0  0  0  2  2  2  2  2  2 -1 -1 -1 -2 -2 -2
5  5 -3 -3 -3  0  0  0  0  0  0  1  1  1  0  0  0 -2 -2 -2 -1 -1 -1 -2 -2 -2  6  6  6 -3
-3 -2 -2 -2 -2 -2 -2 -2 -2 -2 -2 -2 -2  2  2  2  5  5  5 -3 -3 -3 -3 -3 -3  0  0  0  3  3
-2 -2 -2 -3 -3 -3 -3 -3 -3 -1 -1 -1  3  3  3 -2 -2 -2 -1 -1 -1 -2 -2 -2  5  5  5 -2 -2 -2
-1 -1 -2 -2 -2 -3 -3 -3 -1 -1 -1 -2 -2 -1  1  1  1  3  3  3 -2 -2 -2  0  0  0 -4 -4 -4 -1
-1  1  1  1  0  0  0 -1 -1 -1 -3 -3 -3  0  0  0  3  3  3  2  2  2  0  0  0 -3 -3 -3  0  0
0  0  0  1  1  1 -2 -2 -2  3  3  3  1  1  1 -3 -3 -3  1  1  1 -1 -1 -1  3  3  3 -1 -1 -1
2  2  6  6  6  5  5  5  6  6  6  2  2  2  1  1  1 -1 -1 -1 -2 -2 -2  0  0  0  0  0  0 -1
-1  3  3  3  4  4  4  2  2  2  9  9  9  2  2  2  4  4  4  5  5  5  5  5  5  3  3  3  2  2
0  0  0 -3 -3 -2  4  4  4  4  4  4  4  4  4 -1 -1 -1  1  1  1  7  7  7  4  4  4  1  1  1
5  5  2  2  2  2  2  2  1  1  1  3  3  3  8  8  8  3  3  3  3  3  3  4  3  3 -2 -2 -2  6
6  1  1  1  2  2  2  6  6  6  5  5  5 -2 -2 -2  3  3  3  3  3  3  1  1  1 -1 -1 -1 -1 -1
6  6  6 -2 -2 -2  5  5  5  0  0  0  1  1  1  0  0  0  3  3  3  4  4  4  4  4  4 -1 -1 -1
-1 -1  3  3  3 -2 -2 -2  1  1  1  3  3  3  4  4  4 -1 -1 -1  3  3  3 -2 -2 -2  0  0  0  0
0  1  1  1  1  1  1 -1 -1 -1  5  5  5  1  1  1  1  1  1  6  6  6 -2 -2 -2  0  0  0  3  3
1  1  1  3  3  3  2  2  2 -3 -3 -3  3  3  3  5  5  5  4  4  4  4  4  4  1  1  1  3  3  3
1  1  2  2  2  3  3  3  2  2  2 -1 -1 -1  4  4  4  1  1  1  0  0  0  4  4  4  6  6  6  2
2 9 9 9 4 4 4 5 5 5 2 2 2 4 4 4 0 0 0 1 1 1 1 1 1 5 5 5 0 0
6  6  6 -1 -1 -1  1  1  1 -1 -1 -1  5  5  5  2  2  2 -2 -2 -2  4  4  4  5  5  5  2  2  2
5  5  2  2  2  2  2  2 -3 -3 -3 -2 -2 -2 -1 -1 -1  1  1  1  0  0  0  1  1  1 -1 -1 -1 -1
6  6  2  2  2 -3 -3 -3  1  1  1 -1 -1 -2 -1 -1 -1 -3 -3 -3 -3 -3 -3 -2 -2 -2 -3 -3 -3  4
4  4  4  4  3  3  3  6  6  6 -3 -3 -3  2  2  2 -2 -2 -2  4  4  4  3  3  3  5  5  5 -1 -1
0  0  1  1  1  3  3  3 -2 -2 -2 -1 -1 -1  2  2  2  0  0  0  1  1  1  1  1  1  0  0  0  3
3 1 1 1 5 5 5 2 2 2 5 5 5 1 1 0 4 4 4 2 2 2 3 3 3 2 2 2 6 6
4 4 4 5 5 5 1 1 1 2 2 2 2 2 2 3 3 3 7 7 7 6 6 6 6 6 6 7 7 7
6  6  3  3  3 -2 -2 -2  2  2  2  1  1  1  2  2  2  6  6  6  4  4  4 -2 -2 -2  2  2  2  1
1 3 3 3 0 0 0 4 4 4 7 7 7 1 1 1 3 3 3 2 2 2 3 3 3 1 1 1 1 1
7 7 7 7 7 7 1 1 1 3 3 3 7 7 7 5 5 5 7 7 7 0 0 0 3 3 3 0 0 0
5 5 4 4 4 5 5 5 8 8 8 4 4 4 5 5 5 6 6 6 2 2 2 6 6 6 6 6 6 3
3 -1 -1 -1  0  0  0  1  1  1  6  6  6  4  4  4  5  5  5  4  4  4  3  3  3  6  6  6  0  0
6  6  6  3  3  3  1  1  1  1  1  1  6  6  6  6  6  6 -2 -2 -2  0  0  0  6  6  6  4  4  4
3  3  9  9  9  3  3  3  6  6  6 -2 -2 -1  3  3  3  3  3  3  0  0  0 -1 -1 -1  0  0  0 -2
-2  0  0  0  2  2  2  4  4  4  5  5  5  7  7  7  4  4  4  0  0  0  2  2  2  1  1  1  6  6
-1 -1 -1  3  3  3  4  4  4  3  3  3  1  1  1  1  1  1  8  8  8  3  3  3  0  0  0 -2 -2 -2
-1 -1  4  4  4  4  4  4  6  6  6  3  3  3  6  6  6  2  2  2  0  0  0  4  4  4  6  6  6  1
1  2  2  2  5  5  5  6  6  6  6  6  6  2  2  2  1  1  1  1  1  1  9  9  9  2  2  2 -1 -1
1 1 5 5 5 2 2 2 0 0 0 1 1 0 3 3 3 0 0 0 2 2 2 5 5 5 1 1 1 2
2  2  2  2  0  0  1  1  1  1 -2 -2 -2  5  5  5  1  1  1 -3 -3 -3  6  6  6 -1 -1 -1  0  0
3  3  3  5  5  5  3  3  3 -3 -3 -3  7  7  7  5  5  5  1  1  1 -1 -1 -1  5  5  5 -3 -3 -3
5  5  1  1  1  5  5  5  2  2  2 -2 -2 -2  0  0  0 -2 -2 -2  0  0  0  5  5  5  8  8  8  5
5 -1 -1 -1  3  3  3  3  3  3  2  2  2 -2 -2 -2  6  6  6  4  4  4  3  3  3  5  5  5  0  0
1  1  1  6  6  6  8  8  8  3  3  3  0  0  0 -3 -3 -3  1  1  1  7  7  7  5  5  5  1  1  1
5  5  5  5  5  5  5  5  3  3  3  3  3  3  6  6  6  2  2  2  0  0  0  8  8  8 -1  0  0  0
6 6 6 6 6 0 0 0 5 5 5 5 5 5 1 1 1 2 2 2 7 7 7 0 0 0 8 8 8 9
9  8  8  8  0  0  0  5  5  5  1  1  1  5  5  5  8  8  8  7  7  7 -2 -2 -2  7  7  7  7  7
5 5 5 2 2 2 1 1 1 2 2 2 7 7 7 7 7 7 3 3 3 6 6 6 6 6 6 7 7 7
-3 -2  9  9  9  3  3  3  7  7  7  7  7  7  3  3  3  4  4  4  4  4  4  3  3  3  5  5  5  3
3 0 0 0 8 8 8 2 2 2 0 0 0 3 3 3 6 6 6 5 5 5 5 5 5 4 4 4 9 9
5  5  5 -1 -1 -1  4  4  4  7  7  7  4  4  4  2  2  2  3  3  3  0  0  0  3  3  3  3  3  3
7  7  8  8  8  5  5  5 12 12 12  3  3  3  6  6  6  2  2  2  4  4  4  2  2  2  7  7  7  8
8  8  8  8  4  4  4 -3 -3 -3  0  0  0  3  3  3  1  1  1  2  2  2  6  6  6 -2 -2 -1 -1 -1
9 9 9 3 3 3 2 2 2 6 6 6 3 3 3 7 7 7 4 4 4 2 2 2 6 6 6 4 4 4
1  1  5  5  5  5  5  5  5  5  5  3  3  3  7  7  7  5  5  5 -1 -1 -1  7  7  7  4  4  4  2
2 3 3 3 2 2 2 4 4 4 4 4 4 0 0 0 5 5 5 1 1 1 1 1 1 5 5 5 2 2
6 6 6 6 6 6 3 3 3 1 1 1 3 3 3 6 6 6 2 2 2 4 4 4 6 6 6 3 3 3
6  6  3  3  3  4  4  4  1  1  1  8  8  8 10 10 10  2  2  2  7  7  6  0  0  0  1  1  1  4
4 -1 -1 -1  1  1  1  4  4  4  1  1  1  6  6  6  3  3  3  2  2  2  3  3  3  2  2  2  0  0
7  7  6  6  6  4  4  4 -3 -2 -2  5  5  5  5  5  5  4  4  4  2  2  2  0  0  1  3  3  3  5
5 8 8 8 0 0 0 5 5 5 0 0 0 1 1 1 4 4 4 4 4 4 5 5 5 2 2 2 4 4
3  3  3  2  2  2  2  2  3  7  7  7  3  3  3 -1 -1 -1 -1 -1 -1  4  4  4  4  4  4  7  7  7
1 1 5 5 5 2 2 2 0 0 0 9 9 9 2 2 2 4 4 4 3 3 3 2 2 2 2 2 2 4
4 2 2 2 2 2 2 1 1 1 5 5 5 4 4 4 9 9 9 2 2 2 2 2 2 2 2 2 3 3
3  3  3  3  2  2  6  6  6  3  3  3  8  8  8  1  1  1  4  4  4 -2 -2 -2  6  6  6  2  2  2
7  7  8  8  8  2  2  2  1  1  1  2  2  2 -1 -1 -1  2  2  2  3  3  3  0  0  0  8  8  8 -1
-1  4  4  4  4  4  4  6  6  6  3  3  3  4  4  4  1  1  1  2  2  2  3  3  3  6  6  6  0  0
1 1 0 0 0 0 5 5 5 3 3 3 2 2 1 5 5 5 7 7 7 2 2 2 4 4 4 0 0 0
7 7 4 4 4 1 1 1 0 0 0 3 3 3 8 8 8 3 3 3 4 4 4 0 0 0 7 7 7 5
5  1  1  1  3  3  3 -1 -1 -1  1  1  1  6  6  6  6  6  6  5  5  5  6  6  6  2  2  2  2  2
3  3  3  4  4  4  3  3  3 -1 -1 -1  6  6  6  0  0  0  6  6  6  6  6  6  3  3  3 -2 -2 -2
-4 -5  3  3  3  2  2  2  5  5  5 -1 -1 -1  6  6  6  4  4  4  4  4  4  0  0  0  4  4  4  1
1 -1 -1 -1  2  2  2  5  5  5  6  6  6  4  4  4 -4 -4 -2  5  5  5 -2 -2 -2  5  5  5  5  5
2  2  2  3  3  3  1  1  1  1  1  1 10 10 10  3  3  3  1  1  1  2  2  2  0  0  0 -1 -1 -1
3  3  5  5  5  7  7  7  2  2  2  3  3  3 -1 -1 -1  0  0  2  2  2 -2 -2 -2 -2  5  5  5  6
6  1  1  1 -1 -1 -1  4  4  4  4  4  4  3  3  3  3  3  3  6  6  6  0  0  0  2  2  2  0  0
9 9 1 1 1 1 1 1 0 0 0 1 1 1 2 2 2 1 1 1 3 3 3 2 2 2 4 4 4 4
4 0 0 0 1 1 1 0 0 0 4 4 4 1 1 1 1 1 1 2 2 2 5 5 5 4 4 4 1 1
-3 -3 -3  5  5  5  3  3  3  8  8  8  0  0  0 -1 -1 -1  4  4  4  5  5  5  4  4  4  0  0  0
3  3  3  3  3  3  3  3  6  6  6  7  7  7 -1 -1 -1  0  0  0 -1 -1  0  4  4  4  6  6  6  1
1  0  0  0  3  3  3 -1 -1 -1  2  2  2  3  3  3  4  4  4  5  5  5  3  3  3  1  1  1  1  1
2 2 1 8 8 8 6 6 6 4 4 4 7 7 7 3 3 3 2 2 2 3 3 3 4 4 4 5 5 5
5 5 8 8 8 5 5 5 3 3 3 7 7 7 2 2 2 1 1 1 1 1 1 4 4 4 5 5 5 3
3 4 4 4 6 6 6 6 6 6 3 3 3 4 4 4 3 3 3 8 8 8 3 3 3 1 1 1 4 4
4  4  4  6  6  6  1  1  1 -1 -1 -1  6  6  6  1  1  1  1  1  1 -1 -1  0  2  2  2  3  3  3
0 0 2 2 2 3 3 3 4 4 4 5 5 5 5 5 5 6 6 6 3 3 3 3 3 3 3 3 3 2
2  3  3  3  8  7  7  2  2  2 -1 -1 -1  5  5  5 -1 -1 -1  5  5  5  7  7  7  3  3  4  4  4
2  2  2  3  3  3  4  4  4  4  4  4  3  3  3  3  3  3  4  4  4  2  2  2  2  2  2 -1 -1  1
5 5 2 2 2 3 3 3 5 5 5 1 1 1 0 0 0 1 1 1 8 8 8 1 1 1 5 5 5 4
4  1  1  1  3  3  3  6  6  6  4  4  4  0  0  0  3  3  3 -1 -1 -1  3  3  3  4  4  4  3  3
0  0  0  1  1  1  3  3  3  0  0  0 -1 -1 -1  3  3  3  2  2  2 -1 -1 -1  6  6  6  8  8  8
1  1  0  0  0  4  4  4  2  2  2  0  0  0  1  1  1 -1 -1 -1  2  2  2  2  2  2  3  3  3  6
6 0 0 0 2 2 2 7 7 7 2 2 2 6 6 6 3 3 3 2 2 2 5 5 5 0 0 0 2 2
2  2  2  0  0  0  4  4  4 -1 -1 -1  5  5  5  1  1  1  4  4  4  6  6  6  6  6  6  2  2  2
3  3 -2 -2 -1  1  1  1  0  0  0  0  0  0  0  0  0  0  0  0  0  0  0  6  6  6 -1 -1 -1  0
0  5  5  5  6  6  6  4  4  4  1  1 -1  6  6  6  1  1  1  3  3  3  3  3  3  2  2  2  1  1
0  0  3  6  6  6 -1 -1 -1  1  1  1  6  6  6 -1 -1 -1  5  5  5  2  2  2  2  2  2  2  2  2
1  1  1  1  1  2  2  2 -1 -1 -1  0  0  0  3  3  3  6  6  6  5  5  5  2  2  2  4  4  4  1
1  3  3  3  0  0  0 -1 -1 -1 -1 -1 -1  2  2  2  3  3  3  7  7  7  3  3  3  0  0  0  3  3
1  1  1  1  1  1  4  4  4  0  0  0 -1 -1 -1  2  2  2 -1 -1 -1  0  0  0  4  4  4  4  4  4
3  3  0  0  0  2  2  2  0  0  0  3  3  3  1  1  1  0  0  0 -2 -2 -2  2  2  2 -2 -2 -2  1
1  2  2  2  2  2  2  4  4  4  2  2  2  2  2  2  6  6  6  2  2  2 -3 -3 -3  1  1  1  3  3
2  2  2 -1 -1  0  0  0 -1  1  1  1 -1 -1 -1  0  0  0  0  0  0  2  2  2  0  0  0  1  1  1
-2 -2  0  0  0  0  0  0  1  1  1  3  3  3  2  2  2  0  0  0 -3 -3 -3  3  3  3 -2 -2 -1  3
3  1  1  1  3  3  3  1  1  1  4  4  4  0  0  0 -2 -2 -2  3  3  3  0  0  0  0  0  0 -2 -2
2  2  2  1  1  1  3  3  3  1  1  1  3  2  2  0  0  0  3  3  3 -2 -2 -2  0  0  0  1  1  1
3  3 -2 -2 -2  0  0  0  1  1  1 -2 -2 -2 -3 -3 -3  1  1  1 -2 -2 -2 -5 -5 -5 -1 -1 -1 -1
-1  3  3  3  1  1  1  2  2  2  2  2  2  1  1  1 -1 -1 -1 -4 -4 -4  3  3  3 -2 -2 -2 -2 -2
0  0  0  4  4  4  0  0  0  2  2  2 -3 -3 -3  0  0  0  1  1  1  4  4  4 -1 -1 -1 -2 -2 -2
1  1 -2 -2 -2  3  3  3  6  6  6  0  0  0  0  0  0  0  0  0  1  1  1  3  3  3  1  1  1  1
1 -2 -2 -2  4  4  4  5  5  5 -1 -1 -1  0  0  0 -1 -1 -1  2  2  2  1  1  1  2  2  2  1  1
2  2  2 -2 -2 -2  2  2  2 -1 -1 -1 -3 -3 -3 -3 -3 -3  3  3  3  6  6  6  2  2  2 -3 -3 -4
4  4  2  2  2  3  3  3  4  4  4  5  5  5  3  3  3  5  5  5  1  1  1  2  2  2  3  3  3 -3
-3  2  2  2  2  2  2 -1 -1 -1 -1 -1 -2  3  3  3  1  1  1  1  1  1  1  1  1  1  1  1  3  3
-1 -1 -1  6  6  6  1  1  1  5  5  5  0  0  0  6  6  6  3  3  3  2  2  2  1  1  1 -1 -1  0
4  4  7  7  7  1  1  1 10 10 10  5  5  5  3  3  3  1  1  1  5  5  5  4  4  4  5  5  5  2
2  3  3  3  4  4  4  3  3  3 -1 -1 -1  7  7  7  3  3  3 -1 -1  0  2  2  2  0  0  0  2  2
6  6  6  1  1  1  0  0  0  2  2  2  3  3  3  3  3  3  2  2  2 -1 -1 -1  6  6  6  2  2  2
3  3  4  4  4  1  1  1  3  3  2 -2 -2 -2  3  3  3 -4 -4 -4  4  4  4  0  0  0  1  1  1  2
2  0  0  0 -2 -2 -2 -1 -1 -1  2  2  2 -2 -2 -2 -2 -2 -2  3  3  3  0  0  0  3  3  3  0  0
4  4  4  3  3  3  1  1  1  0  0  0  4  4  4  0  0  0 -1 -1 -1  1  1  1  2  2  2  0  0  0
-3 -3  2  2  2  1  1  1  1  1  1  1  1  1 -3 -3 -3  2  2  2  5  5  5  1  1  1  6  6  6  3
3 -2 -2 -2  0  0  0  2  2  2 -1 -1 -1 -1 -1 -1  1  1  1 -4 -4 -4 -2 -2 -2  3  3  3 -1 -1
1  1  1  1  1  1 -3 -3 -3 -1 -1 -1  1  1  1  3  3  3  0  0  0  1  1  1  3  3  3 -1 -1 -1
0  0 -3 -3 -3  3  3  3  5  5  5 -1 -1 -1  0  0  0 -2 -2 -2 -2 -2 -2 -1  0  0  4  4  4  4
4  2  2  2  2  2  3  3  3  0  3  3  3  1  1  1  1  1  1  3  3  3  2  2  2  1  1  1 -2 -2
0 0 0 4 4 4 0 0 0 0 0 0 0 0 0 5 5 5 4 4 4 3 3 3 3 3 3 5 5 5
-2 -1  6  6  6  6  6  6 -1 -1 -1  0  0  0  2  2  2  1  1  1  1  1  1  3  3  3  4  4  4 -1
0 5 5 5 4 4 4 5 5 5 3 3 2 5 5 5 4 4 4 8 8 8 4 4 4 4 4 4 0 0
7  7  7  5  5  5  9  9  9  7  7  7  3  3  3 -1 -1 -1  8  8  8  0  0  0  1  1  1  5  5  5
3 3 4 4 4 3 3 3 5 5 5 7 7 7 1 1 1 1 1 1 6 6 6 2 2 2 4 4 4 5
5  3  3  3  3  3  3  4  4  4  6  6  6 -1 -1 -1  2  2  2  0  0  0  2  2  2  0  0  0  4  4
1  1  1  1  1  1  0  0 -1 -1 -1 -1  2  2  2  0  0  0  2  2  2  7  7  7  3  3  3  1  1  1
2 2 3 3 3 0 0 0 0 0 0 1 1 1 1 1 1 2 2 2 5 5 5 4 4 4 5 5 5 1
1 8 8 8 2 2 2 5 5 5 2 2 2 2 2 2 6 6 6 7 7 7 4 4 4 4 4 4 7 7
2 2 2 5 5 5 5 5 5 4 4 4 2 2 2 1 1 1 0 0 0 5 5 5 4 4 2 8 8 8
6 6 1 1 1 4 4 4 9 9 9 9 9 9 5 5 5 1 1 4 4 4 2 1 1 1 1 1 1 5
5  4  4  4  4  4  4  3  3  3  4  4  4  6  6  6  1  1  1  2  2  1  3  3  3  0  0  0 -1 -1
1  1  1  3  3  3 -1 -1 -1  1  1  1  3  3  3  0  0  0  1  1  1  4  4  4  4  4  4  2  2  2
-1 -1  5  5  5  2  2  2  3  3  3  2  2  2  6  6  6  8  8  8  9  9  9  6  6  6  4  4  4  0
0  2  2  2  0  0  0  2  2  2  3  3  3  0  0  0  0  0  0  4  4  4 -1 -1 -1  0  0  0  3  3
-1 -1 -1 -1 -1 -1  0  0  0  5  5  5  1  1  1  0  0  0  4  4  4  3  3  3  5  5  5  3  3  3
2  0  5  5  5  3  3  3  3  3  3  0  0  0 -1 -1  0  4  4  4  1  1  1  3  3  3  4  4  4  2
2  2  2  2  5  5  5  7  7  7 -1 -1 -1  4  4  4 -1 -1 -1 -2 -2 -1  3  3  3  4  4  4  4  4
2  2  2  7  6  6 -1 -1 -1  1  1  1  4  4  4  1  1  1  1  1  1  0  0  0  4  4  4  1  1  1
4  4 -1 -1 -1  2  2  2  2  2  2  0  0  0  5  5  5  3  3  3  5  5  5  0  0  0 -1 -1 -1  0
1  1  3  3  3  0  0  0  0  0  0 -2 -2 -2 -1 -1 -1 -1 -1 -1  2  2  2  7  7  7  5  5  5  5
5  2  2  2 -2 -2 -2  1  1  1  1  1  1  6  6  6  2  2  2 -1 -1 -1  4  4  4  3  3  3 -2 -2
0 0 0 1 1 1 1 1 1 0 0 0 3 3 3 4 4 4 2 2 2 6 6 6 2 2 2 2 2 2
5 5 0 0 0 5 5 5 2 2 2 2 2 2 3 3 3 6 6 6 0 0 0 0 0 0 0 0 0 1
1 1 1 1 2 2 2 5 5 5 4 4 4 2 2 2 2 2 2 3 3 3 4 4 4 1 1 1 5 5
3  3  3  2  2  2  2  2  2 -3 -3  1  4  4  4 -1 -1 -1  2  2  2  0  0  0 -2 -2 -2 -1 -1 -1
-1 -1 -3 -3 -2  2  2  2  0  0  0  0  0  0  4  4  4  2  2  2  5  5  5  0  0  0  1  1  1  2
2 0 0 0 1 1 1 2 2 2 6 6 6 0 0 0 0 0 0 5 5 5 7 7 7 1 1 1 4 4
5  5  5  1  1  1  1  1  1  7  7  7  1  1  1 -2 -2  1  1  1  1  0  0  0  2  2  2  7  7  7
7  7  5  5  5  2  2  2  3  3  3  4  4  4  2  2  2  1  1  1  3  3  3 -1 -1 -1  1  1  1  6
6  2  2  2  0  0  0  3  3  3  2  2  0 -1 -1 -1  6  6  6  3  3  3  2  2  2  5  5  5  3  3
1  1  1 -2 -2 -3  1  1  1  5  5  5 -2 -2 -2 -2 -2 -2 -1 -1 -1  5  5  5  0  0  0 -1 -1 -1
2 2 4 4 4 1 1 1 3 3 3 1 1 1 5 5 5 3 3 3 4 4 4 4 4 4 1 1 1 0
0  0  0  0  2  2  2 -2 -2 -2  0  0  0  2  2  2  2  2  2  0  0  0 -1 -1 -1  1  1  1  0  0
0 0 0 0 0 0 3 3 3 2 2 2 1 1 1 4 4 4 2 2 2 5 5 5 4 4 4 0 0 0
5  5  5  5  5  2  2  2  3  3  3  2  2  2  3  3  3  3  3  3 -2 -2 -2  4  4  4  0  0  0  3
3  1  1  1 -1 -1 -1  1  1  1  1  1  1  1  1  1  1  1  1  0  0  0 -2 -2 -2  2  2  2  2  2
-1 -1 -1  2  2  2 -1 -1 -1  0  0  0  3  2  2  0  0  0 -1 -1 -1  2  2  2  2  2  2  0  0  0
-1 -1  2  2  2 -3 -3 -3 -3 -3 -3  3  3  3  2  2  2  0  0  0  3  3  3  0  0  0  3  3  3 -1
0  0  0 -1  3  3  3  3  3  3 -1 -1 -1  0  0  0 -1 -1 -1  1  1  1  0  0  0  0  0  0 -4 -4
0  0  0  1  1  1  0  0  0  1  1  1  2  2  2 -4 -4 -4 -1 -1  0  3  3  3  0  0  0  4  4  4
0  0  1  1  1  0  0  0 -1 -1 -1  0  0  0  2  2  2  0  0  0  1  1  1  0  0  0  2  2  2 -1
-1 -1 -1 -1  4  4  4  4  4  4  2  2  2  2  2  2  1  1  1  2  2  2  0  0  0  0  0  0  3  3
3  3  3  3  3  3 -1 -1 -1  2  2  2  4  4  4 -1 -1 -1  5  5  5 -1 -1 -1  1  1  1 -2 -2 -2
4  4 -1 -1 -1 -1 -1 -1  3  3  3  4  4  4 -1 -1 -1  1  1  1  1  1  1  3  3  3 -1 -1 -1  3
3  3  3  3  0  0  0  2  2  2  2  2  2  7  7  7  3  3  3  1  1  1  1  1  1 -2 -2 -2  1  1
1  1  1  4  4  4 -1 -1  4  4  4  4  2  2  2 -1 -1 -1  1  1  1 -1 -1 -1  4  4  4 -1 -1  0
2  2  4  4  4  3  3  3 -3 -3  0  1  1  1  0  0  0  3  3  3  3  3  3  2  2  2  1  1  1  5
5 2 2 2 2 2 2 7 7 7 0 0 0 3 3 3 3 3 3 8 8 8 7 7 7 3 3 3 2 2
0  0 -1  3  3  3  1  1  1  0  0  0  5  5  5  2  2  2  2  2  2  7  7  7  1  1  1  1  1  1
39 54 54 54 63 70 71 71 55 49 44 22 15 14  4  4  4  7  7  7  5  5  5  3  3  3 -2 -2 -2 -3
40 42 50 51 62 67 75 75 68 57 48 13 13 13  5  5  5  8  8  8  2  2  3  5  5  5  2  2  2  3
27 34 34 40 47 47 47 46 46 46 29 29 24 10 10 10  6  6  6  2  2  4  7  7  7  2  2  2  4  4
33 46 53 56 63 70 70 81 81 77 77 75 61 52 41 16 16 13  5  5  5  0  0  0  6  6  6  0  0  0
35 43 44 57 65 72 80 87 89 96 96 92 75 66 38 30 25  5  5  5  2  2  2  0  0  0 -1 -1 -1  4
30 33 39 49 52 55 64 68 70 81 82 82 82 81 79 76 50 36 28 14 14 12  0  0  3  3  3  1  1  1
38  38  71  75  92 122 128 130 147 154 160 209 209 182 145  91  47  40  20  20  14  13  13   6   3   3   3   3   3  -1
29 38 38 38 32 32 32 34 34 34 23 23 23 12  8  8  7  7  7  0  0  0  4  4  4 -1 -1 -1  1  1
33 33 34 38 38 50 50 51 47 47 47 47 41 41 41 36 36 26 21 21 21 21 18  7  7  7  5  4  4  1
34  34  47  53  54  69  71  77  83  83  83  85  96  98 108 109 109 114 114 100  88  58  47  36  28  25  14   5   5   5
34  37  51  52  53  81  85 100 117 126 127 140 140 144 176 187 228 228 202 142  93  42  34  24   1   1   1   2   2   2
28  44  46  60  71  74  82  87  87  99 104 104 104  78  70  66  19  18  11  -4  -4  -4  -3  -3  -3  -7  -7  -7  -2  -2
27 33 40 40 45 61 61 61 67 67 67 51 43 40 10 10 10  2  2  2 -2 -2 -2 -5 -5 -5 -5 -5 -5 -3
27 27 38 38 43 53 53 60 69 69 69 57 51 50 12 12 10  1  1  1  0  0  0 -4 -4 -4  0  0  0 -6
49  49  60  63  67  71  71  89  96  96  96  85  65  61  15  15  14  -1  -1  -1   0   0   0 -18 -18 -18  -1  -1  -1  -1
27 27 36 36 36 43 43 43 51 51 51 25 25 25 -3 -3 -3 -4 -4 -4 -2 -2 -2 -8 -8 -8 -2 -2 -2 -4
45 45 63 63 63 75 75 75 84 78 78 40 39 35  6  6  6  2  2  2  1  1  1  0  0  0 -1 -1 -1  1
29 29 44 44 44 53 53 53 50 50 50 21 21 21 -1 -1 -1  0  0  0  0  0  0 -3 -3 -2  0  0  0 -4
38 38 59 64 64 77 77 77 90 90 90 60 58 49  9  9  9 -9 -9 -9 -4 -4 -4 -8 -8 -8 -5 -5 -5 -7
45 45 58 58 58 60 60 60 65 65 65 19 19 15 -2 -2 -2  0  0  0 -6 -6 -6 -5 -5 -5 -4 -4 -4 -2
33  39  64  64  64  79  82  82 103 103 103  78  74  73   8   8   8  -3  -3  -3  -4  -4  -4  -9  -9  -9   0   0   0  -5
31 31 50 50 50 67 67 67 90 91 91 92 90 90 21 21 18 -5 -5 -5 -6 -6 -6 -6 -6 -6 -8 -8 -8 -8
34  33  52  52  57  81  81  86 114 118 118 119 119 119  69  63  55  15  15  13  -8  -8  -8  -7  -7  -7  -9  -9  -9  -9
41  43  64  64  70  88  89 101 121 123 123 147 149 149 117  83  74   7   7   7  -8  -8  -8 -15 -15 -15 -17 -17 -17 -16
50  50  59  75  75  75  80  80  80  79  79  77  32  32  12  -7  -7  -7 -15 -15 -15 -16 -16 -16 -14 -14 -14 -12 -12 -12
28  35  47  47  52  65  65  73  79  79  79  64  54  50   3   3   3 -16 -16 -16 -11 -11 -11 -14 -14 -14 -14 -14 -14 -18
26  26  28  28  28  31  31  31  28  28  28   9   9   9  -8  -8  -8  -6  -6  -6 -14 -14 -14 -15 -15 -15 -13 -13 -13 -14
28 28 38 38 43 49 49 52 60 60 60 68 68 68 69 69 69 72 72 72 51 51 51 14 14 10  0  0  0 -9
38  38  38  47  47  47  53  53  53  55  55  55  56  56  56  49  49  49  27  27  27  -2  -2  -2  -3  -3  -3 -12 -12 -12
38 38 41 41 44 51 51 53 57 57 57 64 64 64 46 46 41  9  9  9 -4 -4 -4 -6 -6 -6 -4 -4 -4 -3
18 18 30 32 36 43 45 45 46 46 40 36 12 10  9  4  4  4  1  1  1  1  1  0 -1 -1  1  3  3  3
26 33 42 49 55 65 67 74 78 80 78 67 44 30 26  6  5  3  0  3  2  2  2  3  3  3  0  1  1  2
23 24 31 34 36 55 57 69 75 75 58 37 14  8  7  2  2 -2 -1 -1  0  0  0 -2 -2 -2 -1 -1 -1 -1
22  36  37  43  62  62  75  89  94 102 118 118 118 118 110  98  96  82  68  60  45  33  22  17  11  10   6   6  -2  -2
16 16 24 24 24 25 26 26 33 33 33 34 34 34 29 27 21 19  8  8 13 13 13  0  2  2  2  2  2  0
18 18 27 27 27 32 32 32 32 32 32 37 38 38 41 41 31 29 22 19 11 11 11  5  5  5  2  2  2  3
24 24 32 36 36 53 56 56 69 69 69 65 61 47 45 30 20 17  4  4  1  1  1  5  5  5  0  0  0  6
27 27 34 34 34 39 39 39 43 43 42 29 29 23 20 15 10  6  6  6  4  4  4  3  3  3  3  3  2  0
22 22 29 29 29 35 35 35 37 37 37 30 30 15 15 14 13 12 12 11  3  3  3  3  3  3  0  0  0  6
28 28 37 37 37 29 29 29 28 22 15  4  4  4  8  8  7  1  1  1  4  4  4  7  7  7  1  1  1  3
23 22 25 26 26 33 33 33 26 26 26 21 18 15 10  5  5  4  2  2  1  1  1  2  2  2  4  4  4 -2
26 26 38 38 38 52 52 52 43 30 19 17  8  8  4  4  4  3  3  3  7  7  5 -2 -2 -2  0  0  0 -3
27 29 31 31 31 36 37 37 37 34 23 19 13 13  3  3  3  3  3  3  0  0  0  1  1  1  5  5  5 -1
28 28 35 37 37 46 46 49 45 45 39 35 26 17 14  8  8  8  8  8  7  7  7  4  4  4  2  2  2  1
35 35 46 47 47 63 63 58 54 27 18 17  5  5  3  3  3  3  3  3 -1  2  2  2  2  2  3  3  3  2
25 25 32 34 34 52 53 59 59 53 36 29 15 10  2  2  2 -1 -1 -1  6  6  6 -2 -2 -2 -2 -3 -3  1
22 22 30 30 34 42 42 42 50 50 41 40 24 18 11  4  4  2  2  2  5  5  5 -2 -1 -1  3  3  3  7
27 27 43 43 45 56 59 59 59 59 41 40 12 11  5  2  2  2  2  2  1 -1 -1  3  3  3  1  1  1  1
28 28 37 37 37 50 53 53 67 68 69 69 65 35 30 14 10  3  3  3  0  0  0  0  1  1  1  0  0  3
27 29 38 40 48 51 60 71 71 58 27 19  8  8  2  2  2 -2 -2 -2  2  2  2 -2 -2 -1 -1 -1 -1  7
19 19 27 30 35 49 53 56 58 58 33 27 14 12  6  6  6 -1 -1 -1  2  2  2  3  3  3  3  3  3  7
25 25 25 37 37 37 48 48 48 46 38 25 24 10 10  5  5  5  0  0  0  3  3  3 -1 -2 -2 -2  1  1
31 31 44 46 53 63 66 70 74 74 74 80 80 59 54 31 17 12 11  7  6  6  4  1  1  1  1  1  1  3
24  25  39  39  39  51  54  55  81  81  83 102 102  98  88  87  79  77  62  62  51  51  42  32  26  18  12   7   7   6
24 24 37 37 37 51 51 51 58 58 57 47 47 47 43 43 39 28 27 24 16 13 12  6  6  6  1  1  1  2
21 21 34 34 37 51 51 52 50 50 48 35 31 22 20 13 13  5  2  2 -6 -6 -6  2  2  2 -3 -3 -3 -4
36 37 53 53 46 43 32 20 15 13 11  3  3  3  2  2  2  6  6  5  0  0  0 -1 -1 -1  1  1  1  3
27 27 34 34 29 25 25 23 15 15 13  7  5  5  3  3  3 -2 -2 -2  0  0  0 -3 -3 -3  4  4  4  7
33 33 41 41 41 48 48 48 44 42 31 29 15  9  5  5  5  2  2  2 -1 -1 -1 -3 -3 -3 -2 -2 -2  3
38 38 40 41 41 41 32 32 17 15  9  9  3  3  3  1  1  1  2  2  2  1  1  1  1  1  1  2  2  2
22 22 33 33 33 42 42 42 37 36 27 23 17 11  3  3  3  0  0  0 -1 -1 -1 -2 -2 -2  0  0  0  1
22 25 30 30 30 51 51 51 74 74 68 58 36 14  7  4  4  8  8  6  1  1  1 -3 -3 -3  4  4  4 -3
19 19 23 23 23 28 28 18 15 12  8  2  2  2  2  2  2 -6 -6 -5  1  1  1  3  3  3 -2 -2 -2  3
25 25 25 25 25 25 25 25 15 11 11  8  8  7  6  6  5  2  2  2  6  6  6 -4 -3 -3  2  2  2 -1
26 26 26 30 30 30 34 34 34 25 19 18  8  8  6  2 -7 -7 -2 -2 -2  3  3  3  2  2  2  0  0  0
32 32 41 43 54 53 53 37 30 22 13  7  7  7  6  6  6  6  6  6  1  1  1  1  1  1  4  4  4  1
30 30 29 29 28 22 11  9  6  6  5  3  3  3  3  3  2  2  2  2 -1 -1 -1 -3 -3 -3  3  3  3 -4
32 32 43 43 43 32 31 21 14  7  7  0  0  0  0  0  0  4  4  4  0  0  0  6  6  4  1  1  1 -2
28 33 56 66 67 93 93 93 92 40 17 13  9  5 -4 -4 -4  1  1  1  5  5  7 -2 -2 -2 -2 -2 -2 -1
17 17 32 32 36 44 49 50 54 54 39 34 16 13  7  7  7  2  2  2 -2 -2 -2  6  6  4  0  0  0  1
31 32 38 38 38 44 44 22 21 10 10  2  2  2  3  3  3  2  2  2 -2 -2 -2 -1 -1 -1  1  1  1  5
38 38 47 47 26 21  9  9  1  1  1  2  2  2  0  0  0  2  2  2 -3 -3 -3  8  8  8  2  2  2  1
44 46 70 70 70 82 82 80 79 48 24 20  9  9  5  5  5  1  1  1  2  2  2  5  5  7  2  2  2  4
26 29 40 40 40 45 45 38 33 24 19  7  7  7  1  1  1  1  1  1  2  2  2 -1 -1 -1  4  4  4  2
27 27 32 32 32 39 39 24 21 14 14  5  5  5  1  1  1  3  3  3  1  1  1  3  3  3  2  2  2  3
29 29 39 39 39 36 36 23 13 10  8  4  4  4  2  2  2  4  4  4  2  2  2  0  1  1  8  8  8  3
30 33 37 37 37 53 53 53 63 63 40 37 22 12  6  5  5  4  4  4  1  4  4  4  3  3  2  2  2  6
39 39 42 72 73 73 94 94 96 91 76 37 30 13 12  6  6  6  1  1  1  3  3  3  4  4  4  1  1  1
35 35 48 48 53 76 76 78 70 49 23 20 11 11  2  2  2  2  2  2 -1 -1 -1  6  6  6  2  2  2  1
25 26 41 41 49 60 60 64 77 77 45 41 23 10  6  6  6  3  3  3  0  0  0  3  3  3  2  2  2  0
27 30 46 46 52 75 75 75 66 66 42 38 24 18  6  6  6  4  4  4  5  5  5  0  0  0  2  2  2  0
27 29 46 46 46 69 69 69 78 78 48 39 19 14  3  3  3  3  3  3 -8 -8 -8 11 11  6  2  2  2 11
25 27 43 43 43 55 55 55 49 40 21 17 17 13  7  7  7  3  3  3  1  1  1 -1 -1 -1  7  7  6  1
38 38 47 47 47 54 54 52 43 43 25 20 16 12  7  7  7  2  2  2  0  0  0  0  0  0 -2 -2 -2 -3
31 31 35 35 35 41 41 35 20 20 11  5  5  5  0  0  0  1  1  1  2  2  2  0  0  0  1  1  1  1
25 24 40 40 40 55 55 39 33 24 11  2  2  2  0  0  0  1  1  1 -3 -3 -3  5  5  5 -2 -2 -2 -1
25 29 42 42 46 59 59 58 49 39 15  8  8  8  3  3  3 -2 -2 -2  0  0  0  0  0  0  2  2  2 -5
28 28 43 43 43 65 65 65 68 68 68 59 52 26 23 10 10  7  7  4  4  4  4  1  1  1 -5 -5 -5  0
24 25 34 34 34 58 58 60 79 79 81 72 72 39 33 11 11  4  4  4  5  5  5  2  2  2  4  4  4 -1
33 33 47 47 52 68 68 72 87 87 86 77 57 27 21 13 13  1  1  1  4  4  4  2  2  2  1  1  1  1
26 26 41 41 41 56 56 57 75 75 48 45 23 15  6  6  6  1  1  1  3  3  3  4  4  4  2  2  2  4
25 27 34 34 34 53 53 54 64 64 71 80 80 62 55 42 25 13  8  8  6  6  6  6  6  6 -1 -1 -1  3
25 25 36 36 36 52 52 52 75 75 76 93 93 93 80 66 27 23 11 11  2  2  2  2  2  1  1  1 -1 -1
22 26 36 36 40 45 45 49 57 57 33 32 16  7  4  4  3  3  3  5  4  4  4  5  5  5 -2 -2 -2  2
23 23 42 47 53 78 88 89 89 89 39 24 15  9  6  6  1  1  1  3  4  4  4  2  2  2  2  2  2  1
21 26 32 32 37 41 41 41 31 31 17 10 10 10  5  5  5  5  5  5  2  2  2  2  2  2  5  5  2  2
22 25 38 38 50 58 58 58 58 58 55 54 54 44 31 30 12  3  3  3  5  5  5 -1 -1 -1  5  5  6  1
32 34 55 55 59 64 64 51 42 42 32 29 29 24 14 14 11  6  6  6  2  2  2  2  2  4  0  0  0 -1
33 35 45 45 46 53 53 60 73 73 79 65 64 37 32 20  7  4  4  4  2  2  2  1  1 -5 -5 -5  1 -1
23  23  45  45  50  75  75  75  75  76  78 123 130 139 139 139  75  45  28   9   6   6   6  -1  -1  -1   3   3   3  -1
40 40 32 32 32 13 13 13  6  6  6  5  5  5  4  4  4  2  2  2 -1 -1 -1  1  1  1  3  3  3  0
36 41 57 65 65 48 45 45 25 25 25  9  9  9  5  5  5  8  8  8  0  0  0  3  3  3  6  6  6 -1
30 30 36 36 36 38 38 38 25 23 23  8  8  8  4  4  4  7  7  7  4  4  4  2  2  2  0  0  0  3
26 26 38 41 41 30 30 30 13 13 13  5  5  5  5  5  5  6  6  6  8  8  8  3  3  3  7  8  8  4
42 42 54 51 51 27 22 22 11 11 11  8  8  8  3  3  3  7  7  7  6  6  6  8  8  8  6  6  6  4
24 24 26 26 26 18 18 18 10 10 10  6  6  6  2  2  2  0  0  0  4  4  4  4  4  4  4  4  4  1
27 34 36 36 29 29 29 12 12 12  4  4  4  3  3  3  2  2  2  8  8  8  2  2  2  8  8  8  4  4
27 27 33 33 33 17 17 17  7  7  7  3  3  3  7  7  7  2  2  2  3  3  3  1  1  1  7  7  7  3
25 25 33 33 33 28 28 28 11 11 11  6  6  6  3  3  3  3  3  3  5  5  5  5  5  5  7  7  7  3
26 26 20 20 20 13 12 12  3  3  3  1  1  1  0  0  0  1  1  1  0  0  0  2  2  2  7  7  7  5
33 33 30 30 30 12 12 12 11  8  8  6  6  6  3  3  3  4  4  4  2  2  2  4  4  4  6  6  6  2
45 45 43 38 38 25 23 23 13 13 13  2  2  2  8  8  8  5  5  5  5  5  5  5  5  5  7  7  7  4
27 34 34 34 33 31 31 20 20 20  9  7  7  0  0  0  2  2  2  4  4  4  0  0  0  1  1  1  3  3
28 28 23 23 23 24 24 24  9  9  9  9  9  9  2  2  2  3  3  3  0  0  0  6  6  6  3  3  3  6
28 36 36 36 44 43 43 28 27 27  9  9  9  6  6  6 -1 -1 -1  0  0  0  2  2  2  5  5  5  3  3
32 32 35 39 39 23 23 23 16 14 14  3  3  3 -2 -2 -2  0  0  0 -1 -1 -1  1  1  1  4  4  4  2
31 42 43 43 39 39 39 20 20 20  9  9  9  2  2  2  3  3  3  3  3  3  1  1  1 -3 -3 -3  4  4
26 26 27 27 27 12 12 12  2  2  2  3  3  3 -3 -3 -3 -1 -1 -1  3  3  3  0  0  0  0  0  0 -1
22 22 35 35 35 39 39 39 29 23 23 11 11 11  7  7  7 -1 -1 -1  3  3  3  5  5  5  2  2  2  0
31 31 21 21 21 13 13 13 12 12 12  5  5  4  4  4  4 -4 -4 -4 -1 -3 -3 -3 -2 -2 -3 -3 -3 -2
24 24 14 14 14  6  6  6  7  7  7  3  3  3  2  2  2 -1 -1 -1  0  0  0  4  4  4  0  0  0 -2
25 25 27 27 27 14 14 14 14 10 10  5  5  5  7  7  7 -2 -2 -2 -1 -1 -1  2  2  2  3  3  3 -2
32 32 38 38 38 36 36 36 27 21 21  9  9  9  2  2  2  1  1  1 -2 -2 -2  2  2  2 -1 -1 -1 -2
34 34 41 41 41 34 34 34 33 25 25 13 13 13  5  5  5  4  4  4  0  0  0  1  1  1  5  7  7  0
34 34 43 44 44 35 34 34 17 17 17  6  6  6  5  5  5  3  3  3  0  0  0 -4 -4 -4  1  1  1  2
36 36 35 35 35 16 16 16  9  9  9  2  2  2  3  3  3 -1 -1 -1 -1 -1 -1 -1 -1 -1  3  4  4 -1
27 27 28 28 28 13 13 13  5  5  5  2  2  2  1  1  1  5  5  5  0  0  0 -2 -2 -2  2  2  2 -1
31 31 38 38 38 29 27 27 10 10 10  1  1  1 -1  0  0  0  0  0  8  8  8  3  3  3  3  3  3  1
30 30 36 36 36 28 28 28 15 15 15  4  4  4  7  7  7  1  1  1  2  2  2 -3 -3 -3  5  5  5  7
22 22 28 28 28 16 16 16  7  7  7  4  4  4  1  1  1  0  0  0  2  2  2 -1 -1 -1  0  0  0  4
28 36 37 37 31 31 31 16 16 16  7  7  7  0  0  0  4  4  4  3  3  3  2  2  2  4  4  4 -1 -1
31 31 38 35 35 21 20 20  7  7  7  1  1  1  0  0  0  2  2  2 -1 -1 -1  1  1  1  2  2  2  2
26 25 25 25 26 22 22 14 14 14  6  6  6  1  1  1  6  6  6  1  1  1  0  0  0 -1 -1 -1  0  0
26 26 39 39 39 30 27 27 11 11 11  5  5  5  2  2  2  1  1  1  4  4  4  0  0  0  2  2  2 -1
29 29 31 31 25 25 25 17 17 17 11 11 11  8  8  8  3  3  3  1  1  1  3  3  3  3  3  3  0  0
41 41 42 42 42 14 14 14  6  6  6  2  2  2  2  2  2  3  3  3  2  2  2  6  5  5  0  0  0  0
28 28 33 33 33 21 21 21 12 12 12  6  6  6  3  3  3  3  3  3  7  7  7  0  0  0  3  3  3  0
29 29 25 25 25 14 14 14  1  1  1  0  0  0  1  1  1 -4 -4 -4  0  0  0  3  3  3  1  1  1  2
26 26 27 32 32 24 24 24  8  8  8  3  3  3  0  0  0 -2 -2 -2 -3 -3 -3  4  4  4  3  3  3 -2
25 25 27 26 26 15 15 15  6  6  6  0  0  0  0  0  0 -1 -1 -1  1  1  1  4  4  4  3  2  2  2
28 28 24 24 24  8  8  8  6  6  6  6  6  6 -3 -3 -3  2  2  2 -1 -1 -1  0  0  0  1  1  1  2
26 26 31 30 30 18 16 16  9  9  9  8  8  8  3  3  3 -3 -3 -3  6  6  6 -1 -1 -1  3  3  3  1
27 27 22 22 22  9  9  9  0  0  0 -2 -2 -2  0  0  0  0  0  0 -7 -7 -7  0  0  0  3  1  1 -1
31 31 44 44 44 25 25 25  9  9  9 -1 -1 -1  0  0  0  0  0  0 -1 -1 -1 -2 -2 -2  3  3  3  1
27 27 24 23 23 10 10 10  7  7  7  5  5  5 -3 -3 -3 -3 -3 -3 -6 -6 -6 -2 -2 -2 -1 -1 -1 -2
26 33 33 33 23 23 23 11 11 11  3  3  3  3  3  3  2  2  2  1  1  0  4  4  4  2  2  2 -2 -2
32 32 44 44 44 33 33 33 14 14 14  5  5  5  1  1  1 -1 -1 -1  4  4  4  3  3  3  0  0  0  3
26 28 28 28 31 31 31 22 22 22  6  6  6  4  4  4  2  2  2 -4 -4 -4 -2 -2 -2  0  0  0  1  1
25 25 35 39 39 38 36 36 22 20 20  2  2  2  8  8  8  0  0  0 -2 -2 -2  3  3  3  3  3  3  0
19 19 26 26 26 25 24 24 14 14 14  1  1  1  1  1  1  2  2  2 -1 -1 -1  5  5  5  1  1  1  2
24 24 34 36 36 32 32 32 14 13 13  4  4  4  1  1  1 -1 -1 -1 -1 -1 -1 -4 -4 -4  2  2  2 -5
26 26 29 29 29 12 12 12  7  7  7  0  0  0  0  0  0  4  4  4 -1 -1 -1 -5 -5 -5  4  4  4  3
26 26 21 21 21  9  9  9 -1 -1 -1  2  2  2  4  4  4  0  0  0  1  1  1  0  0  0 -2 -2 -2 -3
24 24 37 39 39 30 30 30  8  8  8  0  0  0  2  2  2 -3 -3 -3 -1 -1 -1 -3 -3 -3 -6 -6 -6 -2
28 35 35 35 33 27 27 15 15 15  6  6  6  7  7  7  4  4  4 -2 -2 -2  2  2  2 -2 -2 -2  4  4
37 37 47 47 47 27 27 27  8  8  8  3  3  3  0  0  0  3  3  3 -1 -1 -1 -2 -2 -2  4  4  4  2
29 29 25 25 25 11  8  8  2  2  2 -3 -3 -3 -4 -4 -4 -2 -2 -2 -3 -3 -3 -3 -3 -3  1  1  1  1
26 26 33 36 36 18 18 18 10  9  9 -1 -1 -1  2  2  2  2  2  2  1  1  1  1  1  1 -3 -3 -3  1
37 37 33 33 33 16 16 16  7  7  7  4  4  4 -1 -1 -1  3  3  3  2  2  2  0  0  0  2  2  2 -1
35 35 38 38 38 16 16 16  3  3  3  3  3  3  0  0  0  5  6  6  3  3  3  3  3  3  1  1  1  3
26 26 15 15 15 12 12 12  5  5  5  1  1  1  0  0  0  4  4  4 -2 -2 -2  1  1  1  6  6  6  2
26 26 36 40 40 38 38 38 24 20 20  4  4  4  3  3  3  6  6  6  3  3  3 -1 -1 -1  4  4  4  2
38 38 50 50 50 21 16 16 11 11 11  3  3  3  2  2  2 -2 -2 -2  2  2  2  1  1  1  0  0  0  2
30 30 21 20 20  8  8  8 -1 -1 -1  2  2  2  1  1  1  2  2  2  2  2  2  4  4  4  2  2  2  0
30 30 30 30 30 20 19 18  5  5  5  5  5  5 -2 -2 -2 -2 -2 -2 -3 -3 -3 -3 -3 -3 -1 -1 -1 -2
24 24 18 18 18 11 10 10  4  4  4 -4 -4 -4  2  2  2  2  2  2  2  2  2  3  3  3 -3 -3 -3 -4
26 26 22 20 20  7  7  7  5  5  5  3  3  3 -5 -5 -5  1  0  0  0  0  0 -2 -2 -2 -1 -1 -1 -1
26 31 38 38 32 31 31 14 14 14  6  6  6 -1 -1 -1  1  1  1  1  1  1  1  1  1  4  4  4 -4 -4
29 29 28 28 28 21 18 18  6  6  6  6  6  6  0  0  0  0  0  0 -1 -1 -1  3  4  4 -8 -8 -8 -2
27 27 31 31 31 21 19 19  8  8  8  1  1  1  0  0  0 -1 -1 -1  1  1  0  3  3  3  1  1  1 -3
27 26 24 24 12 12 12  3  3  3  3  3  3  0  0  0  0  0  0 -2 -2 -2 -2 -2 -2 -2 -2 -2 -1 -1
23 23 15 15 15 10 10 10  2  2  2 -2 -2 -2  0  0  0  5  5  5 -4 -4 -4 -5 -5 -5 -3 -3 -3  2
25 25 25 25 25 15 11 11  0  0  0  4  4  4  0  0  0 -1 -1 -1  2  2  2  5  5  5  0  0  0  7
28 28 20 20 20 11 11 11  5  5  5  1  1  1  6  6  6  3  3  3  2  2  2  2  2  2  1  1  1  6
29 29 40 47 47 45 45 45 29 29 29 13 13 13  4  4  4  4  4  4  4  4  4  5  5  5 -2 -2 -2 -1
26 33 34 34 36 36 36 27 27 27 15 15 15 11 11 11  1  1  1  7  7  7  2  2  2  5  5  5 -1 -1
25 25 27 27 27 15 15 15  9  9  9  0  0  0  7  7  7 -1 -1 -1  1  1  1  0  0  0  3  3  3  0
26 26 25 25 25 19 19 19 11 11 11  4  4  4  3  3  3  3  3  3 -3 -3 -3 -3 -3 -3  8  8  8  3
28 28 26 26 26 17 17 17 13 13 13 10 10 10  7  7  7  0  0  0  0  0  0  2  2  2  2  2  2  5
38 38 31 31 31 24 24 24 14  5  5  5  6  6  3  3  3  1  1  1  5  5  5 -1 -1 -1  3  3  2 -3
19 19 12 12 12  3  3  3  6  6  6  6  4  4  3  3  3  0  0  0 -2 -2 -2 -3 -3 -3 -4 -4 -4  3
26 26 21 21 21 14 14 14 10 10 10  1  1  1 -1 -1 -1  1  1  1 -1 -1 -1  3  3  3  5  8  8  3
30 30 33 33 33 33 28 28 12 12 12  7  7  7  1  1  1  7  6  6  5  5  5  2  2  2  7  9  9  6
27 27 30 30 30 25 25 25 18 17 17  6  6  6  2  2  2  3  3  3  4  4  4  1  1  1  4  4  4 -1
33 33 28 28 28 20 20 20 11 11 11  2  2  2  1  1  1  2  2  2  6  6  6 -2 -2 -2  1  1  1  4
29 29 21 21 21 15 15 15  7  7  7  5  5  5  7  7  7  2  2  2 -2 -2 -2 -2 -2 -2  1  1  1  5
28 28 42 42 42 31 31 31 18 18 18  5  5  5  3  3  3  4  4  4  1  1  1  4  4  4 -3 -3 -3  1
26 26 22 22 22 11 11 11  1  1  1  0  0  0  0  0  0  1  1  1 -2 -2 -2 -1 -1 -1  0  0  0  2
25 34 34 34 27 27 27 15 14 14  5  5  5 -2 -2 -2 -2 -2 -2  0  0  0  6  5  5  0  0  0  0  0
27 27 30 30 30 23 19 19  9  9  9  5  5  5  5  5  5  4  4  4 -1  0  0 -1 -1 -1  3  3  3  7
23 23 39 40 40 42 42 42 32 32 32 17 17 17  7  7  7  8  8  8  7  7  7  8  8  8  5  5  5  3
31 31 35 35 35 27 27 27 14 14 14  4  4  4  6  6  6  2  2  2  2  2  2  5  5  5 -1 -1 -1 -1
21 30 30 30 30 28 28 13 11 11  6  6  6  5  5  5  2  2  2  5  5  5  0  0  0  3  3  3  0  0
35 35 39 39 39 28 24 24 16 15 15  8  8  8  0  0  0  2  2  2  5  5  5  3  3  3  8  7  7  0
32 32 29 29 29 19 19 19 10 10 10  3  3  3  5  5  5  0  0  0 -2 -2 -2  8  7  7 -3 -3 -3  1
26 43 47 47 47 47 47 24 19 19  9  9  9  0  0  0  4  4  4  3  3  3  2  2  2  0  0  0  1  1
28 28 25 25 25 11 11 11  5  5  5  4  4  4 -1 -1 -1  1  1  1  0  0  0 -1 -1 -1 -3 -3 -3 -1
28 28 22 22 22 10 10 10  6  6  6  6  6  6 -2 -2 -2 -2 -2 -2  1  1  1  2  2  2  6  6  6  7
27 27 31 31 31 14 14 14 10 10 10  8  8  8  5  5  5 -1 -1 -1  2  2  2 -1 -1 -1  0  0  0  7
39 39 47 44 44 30 30 30 16 16 16 12 11 11  3  3  3  2  2  2  3  3  3  3  3  3  3  3  3  2
