35 40 46 46 45 40 40 34 29 29 26 15 15 7 7 7 1 1 1 1 2 2 2 -1 -1 0 1 1 1 3
34 34 45 45 45 42 42 42 36 36 31 26 26 18 14 14 13 6 6 6 4 4 4 3 3 3 3 3 3 6
38 43 52 52 54 47 47 47 42 42 38 34 30 27 25 22 13 9 9 9 8 8 8 7 7 6 2 2 2 2
31 31 40 40 40 40 40 37 31 31 31 23 23 17 14 11 11 7 7 7 6 6 6 4 4 4 2 2 2 2
32 33 42 42 42 45 45 45 42 42 42 38 38 33 28 26 26 18 18 18 13 13 13 7 7 7 1 1 1 3
29 31 41 41 47 57 57 60 62 62 62 63 63 58 50 43 40 39 39 28 22 22 22 13 13 13 7 7 7 7
39 39 39 47 47 48 51 51 51 49 49 49 44 44 40 33 33 29 21 21 20 14 14 9 7 7 5 4 4 4
45 50 70 70 70 70 70 60 53 50 47 43 33 29 21 21 19 11 11 11 7 7 7 -2 -2 -2 3 2 2 -2
31 32 51 51 51 60 60 60 61 61 61 59 59 51 44 39 32 26 26 24 15 15 15 5 5 5 1 1 1 1
34 34 50 50 50 58 58 56 54 54 47 38 38 38 27 27 16 16 16 14 11 11 11 2 2 2 2 2 2 -2
45 45 47 62 62 65 54 54 54 47 47 43 39 36 31 25 25 24 17 17 16 5 5 5 2 2 2 3 3 3
30 30 47 47 47 60 60 60 72 72 72 73 73 73 60 60 43 38 32 30 24 20 17 11 11 10 2 2 2 -1
24 26 33 33 34 42 42 41 37 37 37 31 31 31 28 28 22 22 22 16 11 11 10 5 5 5 6 6 3 -2
29 42 42 44 45 45 45 45 45 45 46 46 46 37 37 26 25 21 13 10 10 5 4 4 4 2 2 2 0 0
29 32 42 42 42 49 49 49 47 47 45 43 43 40 39 34 30 27 27 20 20 20 15 7 7 7 0 -1 -1 1
27 45 45 46 56 56 58 65 65 65 66 66 66 56 56 50 44 39 36 28 27 26 13 13 13 10 10 7 5 5
28 30 43 43 43 44 44 44 39 39 39 33 33 30 25 25 23 19 19 16 15 15 12 6 6 6 4 4 4 5
44 44 44 55 55 55 62 62 54 50 46 37 30 28 20 13 13 13 4 4 4 4 4 4 -1 -1 -1 -1 -1 -1
30 33 36 35 35 43 43 45 45 45 45 50 50 37 30 30 27 22 22 12 8 8 -2 -2 -2 2 0 0 0 -1
32 33 50 51 53 76 76 76 78 78 78 68 68 58 49 45 39 26 26 19 14 14 10 5 5 5 5 5 5 1
23 32 45 45 45 67 67 67 77 77 68 64 64 54 43 43 36 28 28 20 15 15 9 6 6 6 2 2 2 6
26 26 38 38 40 46 46 46 58 58 59 76 76 76 87 87 87 92 92 92 77 73 60 54 54 37 32 32 20 8
35 35 37 40 40 40 49 49 49 55 55 55 52 52 41 37 37 26 23 23 17 9 9 2 2 2 3 3 3 5
34 34 46 46 45 42 42 42 42 42 38 30 30 25 22 22 18 8 8 6 5 5 5 1 1 1 3 3 3 0
31 31 40 40 45 53 53 62 69 69 65 57 57 44 44 44 36 20 20 20 8 8 6 5 5 4 3 3 3 4
41 51 59 59 67 71 71 72 87 87 75 62 62 45 32 32 24 12 12 8 2 2 2 2 2 2 3 3 3 3
30 35 58 58 64 76 76 76 70 70 65 48 48 39 23 23 18 12 12 7 1 1 1 1 1 1 -2 -2 -2 -1
26 26 38 38 38 46 46 46 57 57 57 60 60 60 62 62 55 42 42 42 28 28 25 12 12 12 2 2 2 5
18 18 28 28 28 33 33 33 39 39 39 44 44 44 40 40 40 34 34 34 25 25 25 17 17 17 8 8 8 3
32 36 43 43 43 50 50 50 54 54 54 53 53 53 52 52 51 36 36 36 21 21 21 16 16 16 11 11 9 5
23 23 42 42 43 56 56 56 67 67 67 66 66 66 53 53 49 37 37 34 27 27 25 10 10 10 0 0 0 -1
21 21 29 29 29 36 36 36 42 42 42 50 50 50 52 52 52 56 56 52 42 42 40 30 30 27 18 18 18 10
23 23 37 37 37 49 49 49 64 64 64 75 75 73 58 58 55 40 40 40 31 31 30 20 20 20 13 13 13 9
37 37 43 43 43 49 49 49 54 54 54 56 56 56 50 50 50 38 38 38 37 36 36 24 24 24 14 14 14 9
43 43 54 54 54 63 63 63 64 64 54 46 46 38 32 32 32 14 14 14 5 5 5 2 2 2 -2 -2 -2 -2
22 22 42 42 42 62 62 62 70 70 70 79 79 77 53 53 51 36 36 35 18 18 18 4 4 4 -2 -2 -2 -5
27 27 51 51 51 61 61 61 79 79 79 82 82 82 68 68 68 45 45 42 30 30 30 16 16 16 4 4 4 -2
26 26 38 38 38 42 42 42 35 35 35 22 22 22 13 13 13 4 4 4 -3 -3 -3 -8 -8 -8 -3 -3 -3 -9
26 26 45 45 45 50 50 50 58 58 58 41 41 41 21 21 21 9 9 9 0 0 0 -5 -5 -5 -5 -5 -5 -5
21 21 23 23 23 28 28 28 29 29 29 22 22 22 16 16 16 5 5 5 0 0 0 1 1 1 -4 -4 -4 -2
27 27 36 36 36 36 36 36 40 40 40 30 30 30 13 13 13 5 5 5 3 3 3 0 0 0 -2 -2 -2 -1
36 36 46 46 46 52 52 52 55 55 55 52 52 52 40 40 40 22 22 22 11 11 11 6 6 6 1 1 1 -3
28 28 43 43 43 45 45 45 44 44 44 35 35 35 24 24 24 15 15 15 5 5 5 0 0 0 -1 -1 -1 -3
27 27 28 28 28 26 26 26 18 18 18 13 13 13 11 11 11 7 7 7 -1 -1 -1 -2 -2 -2 0 0 0 -2
29 29 30 30 30 39 39 39 38 38 38 32 32 32 26 26 26 20 20 20 7 7 7 6 6 6 4 4 4 0
27 27 29 29 29 35 35 35 33 33 33 31 31 31 18 18 18 31 31 27 8 8 8 9 9 9 6 6 6 -3
21 21 31 31 31 35 35 35 32 32 32 24 24 24 19 19 19 17 17 17 9 9 9 7 7 7 1 1 1 6
28 28 31 31 31 32 32 32 28 28 28 28 28 28 21 21 21 15 15 15 6 6 6 3 3 3 0 0 0 -1
26 26 33 33 33 35 35 35 35 35 35 27 27 27 19 19 19 19 19 19 8 8 8 4 4 4 4 4 4 1
22 22 33 33 33 35 35 35 38 38 38 34 34 34 28 28 28 15 15 15 8 8 8 7 7 7 3 3 3 4
32 32 33 33 33 34 34 34 31 31 31 30 30 30 26 26 26 20 20 20 10 10 10 7 7 7 5 5 5 2
30 30 38 38 38 50 50 50 58 58 58 51 51 51 42 42 42 28 28 28 21 21 21 14 14 14 7 7 7 -1
35 35 42 42 42 44 44 44 52 52 52 51 51 51 38 38 38 32 32 32 17 17 17 9 9 9 3 3 3 10
18 18 33 33 33 51 51 51 52 52 52 63 63 63 50 50 50 36 36 36 22 22 22 13 13 13 5 5 5 1
40 40 62 62 62 72 72 72 74 74 74 72 72 72 58 58 58 41 41 41 26 26 26 14 14 14 4 4 4 5
31 31 32 32 32 39 39 39 41 41 41 40 40 40 28 28 28 19 19 19 10 10 10 0 0 0 6 6 6 3
27 27 32 32 32 31 31 31 33 33 33 25 25 25 22 22 22 10 10 10 -7 -7 -7 3 3 3 3 3 3 -1
24 24 23 23 23 27 27 27 23 23 23 14 14 14 7 7 7 4 4 3 2 2 2 -12 -12 -12 -4 -4 -4 0
21 21 25 25 25 22 22 22 21 21 21 13 13 13 10 10 10 7 7 7 4 4 4 8 8 8 -1 -1 -1 4
24 24 29 29 29 29 29 29 26 26 26 23 23 23 13 12 12 10 10 10 6 6 6 3 3 3 2 2 2 3
13 13 20 20 20 19 19 19 17 17 17 15 15 15 10 10 10 7 7 7 4 4 4 2 2 2 2 2 2 0
31 31 35 35 35 37 37 37 41 41 41 40 40 40 37 37 37 35 35 35 24 24 24 10 10 10 2 2 2 4
20 20 22 22 22 22 22 22 17 17 17 13 13 13 10 10 10 8 8 8 1 1 1 6 6 6 -1 -1 -1 2
25 25 24 24 24 26 26 26 30 30 30 21 21 21 14 14 14 11 11 11 5 5 5 5 5 5 -2 -2 -2 -1
20 20 16 16 16 21 21 21 13 13 13 11 11 11 12 12 12 11 11 11 5 5 5 1 1 1 0 0 0 8
25 25 28 28 28 23 23 23 13 13 13 10 10 10 8 8 8 1 1 1 2 2 2 1 1 1 -2 -2 -2 -1
25 25 30 30 30 31 31 31 31 31 31 24 24 24 17 17 17 14 14 14 7 7 7 8 8 8 7 7 7 7
21 21 21 21 21 25 25 25 24 24 24 17 17 17 12 12 12 11 11 11 11 11 11 6 6 6 3 3 3 4
17 17 20 20 20 13 13 13 10 10 10 5 5 5 8 8 8 -2 -2 -2 1 1 1 0 0 0 2 2 2 1
25 25 38 38 38 43 43 43 42 42 42 33 33 33 20 20 20 13 13 13 8 8 8 6 6 6 1 1 1 1
31 31 36 36 36 34 34 34 28 28 28 27 27 27 21 21 21 13 13 13 9 9 9 2 2 2 0 0 0 -1
18 18 23 23 23 21 21 21 27 27 27 18 18 18 16 16 16 7 7 7 6 6 6 2 2 2 3 3 3 4
28 28 32 32 32 31 31 31 27 27 27 23 23 23 16 16 16 10 10 10 10 10 10 4 4 4 3 3 3 0
26 26 38 38 38 38 38 38 38 38 38 30 30 30 18 18 18 10 10 10 6 6 6 2 2 2 -1 -1 -1 6
24 24 38 38 38 37 37 37 33 33 33 31 31 31 25 25 25 17 17 17 16 16 16 6 6 6 4 4 4 3
20 20 32 32 32 40 40 40 37 37 37 32 32 32 32 32 32 21 21 21 13 13 13 8 8 8 2 2 2 23
23 23 25 25 25 28 28 28 24 24 24 20 20 20 9 9 9 7 7 7 3 3 3 2 2 2 0 0 0 2
31 31 36 36 36 36 36 36 34 34 34 27 27 27 17 17 17 6 6 6 10 10 10 7 7 7 6 6 6 7
26 26 35 35 35 34 34 34 32 32 32 29 29 29 24 24 24 17 17 17 9 9 9 4 4 4 7 7 7 4
23 23 32 32 32 31 31 31 34 34 34 29 29 29 19 19 19 14 14 14 10 10 10 3 3 3 3 3 3 3
19 19 22 22 22 20 20 20 21 21 21 18 18 18 15 15 15 14 14 14 7 7 7 4 4 4 4 4 4 -1
22 22 30 30 30 30 30 30 30 30 30 27 27 27 20 20 20 18 18 18 9 9 9 6 6 6 0 0 0 5
22 22 25 25 25 30 30 30 30 30 30 22 22 22 15 15 15 11 11 11 5 5 5 5 5 5 3 3 3 0
21 21 22 22 22 27 27 27 17 17 17 14 14 14 10 10 10 7 7 7 4 4 4 3 3 3 3 3 3 0
20 20 29 29 29 29 29 29 20 20 20 17 17 17 13 13 13 10 10 10 4 4 4 4 4 4 4 4 4 0
17 17 20 20 20 21 21 21 17 17 17 9 9 9 7 7 7 3 3 3 2 2 2 4 4 4 -3 -3 -3 1
17 17 15 15 15 16 16 16 15 15 15 9 9 9 3 3 3 4 4 4 4 4 4 7 7 7 0 0 0 5
22 22 27 27 27 27 27 27 20 20 20 19 19 19 12 12 12 7 7 7 7 7 7 5 5 5 6 6 6 0
27 27 32 32 32 28 28 28 17 17 17 7 7 7 1 1 1 -1 0 0 0 0 0 4 4 4 3 3 3 1
19 19 14 14 14 8 8 8 6 6 6 1 1 1 5 5 5 3 3 3 5 5 5 2 2 2 4 4 4 1
22 22 25 25 25 19 19 19 18 18 18 14 14 14 8 8 8 4 4 4 0 0 0 0 0 0 2 2 2 -1
25 25 23 23 23 18 18 18 12 12 12 8 8 8 6 6 6 3 3 3 2 2 2 1 1 1 3 3 3 0
16 16 30 30 30 21 21 21 23 23 23 21 21 21 16 16 16 14 14 14 7 7 7 2 2 2 -1 -1 -1 -1
16 16 25 25 25 21 21 21 22 22 22 22 22 22 18 18 18 15 15 15 10 10 10 2 2 2 2 2 2 4
26 26 26 26 26 27 27 27 26 26 26 22 22 22 15 15 15 12 12 12 7 7 7 4 4 4 5 5 5 2
29 29 28 28 28 30 30 30 24 24 24 16 16 16 15 15 15 10 10 10 9 9 9 -1 -1 -1 2 2 2 -1
27 27 22 22 22 23 23 23 21 21 21 17 17 17 7 7 7 6 6 6 4 4 4 3 3 3 5 5 5 1
24 24 28 28 28 26 26 26 26 26 26 28 28 28 20 20 20 15 15 15 9 9 9 9 9 9 4 4 4 2
29 29 26 26 26 32 32 32 31 31 31 28 28 28 29 29 29 17 17 17 13 13 13 5 5 5 4 4 4 3
23 23 26 26 26 26 26 26 28 28 28 26 26 26 16 16 16 18 18 18 15 15 15 10 10 10 6 6 6 2
37 54 56 72 80 80 42 41 36 14 14 14 1 1 1 6 6 6 -2 -2 -2 0 0 0 -1 -1 -1 3 3 3
24 42 42 42 51 50 50 25 25 25 11 11 11 3 3 3 4 4 4 0 0 0 0 0 0 1 1 0 0 0
33 33 51 53 53 64 65 65 48 46 46 24 20 20 10 10 10 9 9 9 6 6 6 1 1 1 0 0 0 3
33 33 46 46 46 47 47 47 39 39 39 22 22 22 11 11 11 3 3 3 0 0 0 3 3 3 0 0 0 5
30 30 42 44 44 51 51 51 41 41 41 24 24 24 14 14 14 5 5 5 3 3 3 2 2 2 3 3 3 0
31 31 40 40 40 42 42 42 41 41 41 30 30 30 18 18 18 5 5 5 4 4 4 0 0 0 1 1 1 1
37 37 54 60 60 66 66 66 51 51 51 32 32 32 20 20 20 11 11 11 5 5 5 4 4 4 3 3 2 1
37 37 44 44 44 50 50 50 41 41 41 33 30 30 13 13 13 1 1 1 -1 -1 -1 2 2 2 4 4 4 1
32 45 52 52 70 73 73 73 70 70 47 38 38 19 19 19 4 4 4 4 4 4 4 4 4 -1 -1 -1 -1 -1
34 34 51 51 51 48 48 48 33 33 33 22 22 22 15 15 15 10 10 10 9 9 9 3 3 3 5 5 5 2
40 40 47 47 47 43 43 43 31 31 31 22 22 22 12 12 12 6 6 6 4 4 4 2 2 2 5 5 5 3
40 40 46 46 46 38 38 38 25 25 25 15 15 14 9 9 9 0 0 0 0 0 0 -1 -1 -1 1 1 1 1
39 39 41 41 41 40 40 40 25 25 25 19 18 18 6 6 6 6 6 6 4 4 4 4 4 4 0 0 0 0
31 31 39 39 39 34 34 34 24 24 24 19 19 19 7 7 7 2 2 2 6 6 6 -1 -1 -1 1 1 1 2
26 31 31 31 32 32 32 20 20 20 12 12 12 7 7 7 5 5 5 2 2 2 7 7 7 1 1 1 5 5
34 34 39 39 39 28 28 28 17 17 17 13 13 13 10 10 10 5 5 5 5 5 5 2 2 2 2 2 2 3
33 33 39 39 39 41 41 41 25 25 25 14 14 14 8 8 8 2 2 2 1 1 1 3 3 3 3 3 3 0
28 28 26 26 26 20 20 20 11 11 11 2 2 2 3 3 3 1 1 1 5 5 5 3 3 3 1 1 1 3
35 35 42 42 42 37 37 37 25 25 25 17 17 17 14 14 14 9 9 9 4 4 4 2 2 2 2 2 2 3
33 33 48 50 50 51 51 51 47 47 47 33 33 33 27 27 27 18 18 18 10 10 10 3 3 3 4 4 4 3
31 31 31 31 31 31 31 31 34 34 34 24 24 24 18 18 18 8 8 8 11 11 11 3 3 3 3 3 3 7
43 43 53 53 53 52 52 52 45 45 45 32 32 32 25 24 24 19 19 19 10 10 10 7 7 7 7 7 7 3
34 34 45 45 45 31 31 31 15 15 15 10 10 9 3 3 3 4 4 4 -2 -2 -2 -5 -5 -5 -2 -2 -2 -5
38 38 52 52 52 37 37 37 26 23 23 8 8 8 7 7 7 1 1 1 0 0 0 0 0 0 0 0 0 3
27 27 40 44 44 39 39 39 31 30 30 17 16 16 4 4 4 -1 -1 -1 -1 -1 -1 3 3 3 -4 -4 -4 5
27 27 37 37 37 35 35 35 21 20 20 7 7 7 3 3 3 4 4 4 -1 -1 -1 6 6 6 5 5 5 5
34 34 34 34 34 25 25 25 17 17 17 7 7 7 7 7 7 3 3 3 0 0 0 4 4 4 3 3 3 -4
29 29 49 51 51 47 47 47 36 36 36 19 19 19 7 7 7 3 3 3 2 2 2 4 4 4 1 1 1 5
27 38 38 38 35 35 35 25 23 23 13 13 13 4 4 4 2 2 2 4 4 4 2 2 2 0 0 0 -5 -5
36 36 33 33 33 26 26 26 15 15 15 7 7 7 2 2 2 0 0 0 -2 -1 -1 6 6 6 2 2 2 1
30 30 36 36 36 27 27 27 22 21 21 8 8 8 11 11 11 4 4 4 9 9 9 5 5 5 4 4 4 -1
37 37 42 42 42 29 29 29 18 18 18 8 8 8 8 8 8 1 1 1 4 4 4 4 4 4 5 5 5 2
25 37 37 37 42 42 42 35 35 35 24 24 24 16 16 16 6 6 6 10 10 10 9 9 9 2 2 2 0 0
28 28 40 40 40 40 40 40 36 36 36 20 20 20 14 14 14 11 11 11 3 3 3 8 8 8 3 3 3 7
31 31 33 33 33 23 23 23 17 17 17 13 13 13 5 5 5 5 5 5 7 7 7 5 5 5 4 4 4 -4
26 26 32 32 32 24 24 24 23 23 23 13 13 13 12 12 12 8 8 8 4 4 4 5 5 5 -3 -3 -3 4
32 32 44 45 45 46 46 46 37 37 37 22 22 22 13 13 13 9 9 9 0 0 0 1 1 1 2 2 2 -1
28 28 29 29 29 30 30 30 19 19 19 14 14 14 7 7 7 4 4 4 1 1 1 3 3 3 2 2 2 4
38 38 42 42 42 36 36 36 36 36 36 20 20 20 12 12 12 12 12 12 -1 -1 -1 -2 -2 -2 4 4 4 6
31 31 36 36 36 19 19 19 12 12 12 12 12 12 11 11 11 -1 -1 0 8 8 8 3 3 3 7 7 7 2
29 29 34 34 34 37 37 37 23 23 23 20 20 20 9 9 9 6 6 6 5 5 5 4 4 4 10 10 10 3
34 34 30 30 30 21 21 21 10 10 10 4 4 4 2 2 2 3 3 3 5 5 5 3 3 3 4 4 4 2
27 27 28 28 28 25 25 25 14 14 14 10 10 10 -1 -1 -1 3 3 3 6 6 6 4 4 4 1 1 1 1
36 36 38 38 38 31 31 31 20 20 20 7 7 7 -1 -1 -1 2 2 2 3 3 3 0 0 0 -2 -2 -2 0
28 28 34 35 35 33 27 27 19 19 19 15 15 15 8 8 8 4 4 4 6 6 6 0 0 0 1 1 1 3
28 28 34 34 34 33 33 33 29 29 29 17 17 16 5 5 5 4 4 4 1 1 1 4 4 4 -1 -1 -1 5
25 33 33 33 27 27 27 18 18 18 8 8 8 11 11 11 2 2 2 3 3 3 4 4 4 0 0 0 0 0
44 44 55 55 55 46 46 46 25 25 25 13 13 13 9 9 9 7 7 7 2 2 2 3 3 3 5 5 5 1
26 26 21 21 21 23 23 23 18 18 18 11 11 11 8 8 8 3 3 3 3 3 3 4 4 4 1 1 1 0
30 30 29 29 29 21 21 21 15 15 15 6 6 6 9 9 9 3 3 3 2 2 2 7 7 7 4 4 4 -4
29 35 46 46 46 51 51 51 39 38 31 11 11 11 2 2 2 1 1 1 0 0 0 0 0 0 0 0 0 -1
25 32 39 39 43 54 56 56 52 50 36 10 10 9 1 1 1 9 5 5 -2 -2 -2 0 4 4 0 0 0 1
21 24 28 28 34 34 34 34 30 30 24 18 18 7 7 7 0 0 0 4 4 4 2 2 2 0 0 0 0 0
26 29 34 37 47 52 58 58 59 61 60 60 43 43 31 7 7 7 -4 -4 -4 -4 -4 -2 3 3 3 -1 -1 -1
24 30 30 30 54 54 61 76 76 76 76 68 63 57 28 25 19 6 6 6 0 0 1 1 1 -4 -2 -2 -2 -1
21 26 26 33 37 37 54 56 56 56 58 58 58 60 60 60 41 32 29 6 6 6 0 0 -1 -1 -1 -2 0 0
28 30 51 59 70 115 119 124 130 130 130 137 138 138 138 111 56 37 17 17 14 5 4 2 -5 -5 1 1 1 0
21 28 28 28 26 25 25 22 20 20 20 16 16 11 10 9 7 4 4 1 1 1 2 2 2 -2 -2 -2 -3 -5
24 24 24 25 25 33 33 33 36 36 36 33 30 30 28 24 24 18 18 18 18 7 7 5 5 5 0 2 2 2
30 30 42 42 42 57 58 58 77 77 78 74 74 74 80 80 80 80 81 81 81 63 37 34 18 18 10 -2 -2 -2
24 32 29 40 40 64 66 81 102 114 118 123 136 144 144 139 139 149 155 149 113 40 22 19 1 1 1 -2 -2 -2
29 33 38 43 60 60 60 69 69 69 75 75 75 72 70 70 16 16 9 -2 -2 -2 -10 -10 -7 -7 -7 -8 -8 -8
15 17 37 37 37 37 37 38 47 47 47 40 40 39 2 2 2 4 4 4 -2 -2 -2 -7 -7 -6 -6 -6 -5 -5
18 20 34 34 34 44 44 44 48 48 48 49 49 49 13 13 13 1 1 1 -2 -2 -2 -1 -1 -1 -2 -2 -2 -2
33 34 52 52 52 64 64 64 68 68 68 70 64 64 19 19 19 -1 -1 -1 -1 -1 -1 1 1 1 -5 -5 -5 -7
22 22 28 28 28 28 28 28 36 36 36 18 18 18 4 4 4 0 0 0 -1 -1 -1 -9 -9 -9 -5 -5 -5 -5
37 37 51 51 51 59 59 59 63 63 63 31 31 31 1 1 1 -3 -3 -3 -3 -3 -3 -3 -3 -3 -3 -3 -3 -4
26 26 37 37 37 40 40 40 40 40 40 18 18 18 10 10 10 -1 -1 -1 -4 -4 -4 -1 -1 0 -5 -5 -5 -3
30 30 51 51 51 60 60 60 69 69 69 52 52 52 6 6 6 -3 -3 -3 -8 -8 -8 -6 -6 -6 -4 -4 -4 -2
32 32 48 48 48 50 50 50 43 43 43 17 17 17 -1 -1 -1 -4 -4 -4 -5 -5 -5 -2 -2 -2 -4 -4 -4 -4
24 24 46 46 46 60 60 60 68 68 68 67 67 67 12 12 12 3 3 3 -4 -4 -4 -5 -5 -5 -6 -6 -5 -6
23 23 44 44 44 58 58 58 69 69 69 77 77 77 24 24 18 -4 -4 -4 -12 -12 -12 -10 -10 -10 -11 -11 -11 -10
25 24 40 40 40 61 61 61 76 76 76 86 86 86 63 63 54 17 17 17 -11 -11 -11 -10 -10 -10 -10 -10 -10 -14
32 32 51 51 52 71 71 71 91 91 91 96 96 96 75 75 75 0 0 0 -8 -8 -8 -18 -18 -18 -19 -19 -19 -17
37 37 45 62 62 62 62 62 62 46 46 46 23 23 11 -11 -11 -11 -17 -17 -17 -20 -20 -20 -19 -19 -19 -13 -13 -13
20 20 34 34 35 46 46 46 48 48 48 44 37 37 -2 -2 -2 -14 -14 -14 -15 -15 -15 -20 -20 -20 -14 -14 -14 -18
17 17 19 19 19 19 19 19 17 17 17 5 5 5 -12 -12 -12 -7 -7 -7 -18 -18 -18 -16 -16 -16 -15 -15 -15 -15
27 27 27 27 27 39 39 39 45 45 45 44 44 44 49 49 49 46 46 46 35 35 35 15 15 9 -6 -6 -6 -10
28 28 28 36 36 36 42 42 42 37 37 37 38 38 38 35 35 35 21 21 21 0 0 0 -8 -8 -8 -10 -10 -10
26 26 34 34 34 33 33 33 42 42 42 41 41 41 34 34 34 9 9 6 -7 -7 -7 -10 -10 -10 -6 -6 -6 -8
33 33 48 48 48 54 54 54 55 55 49 45 28 20 20 20 20 13 13 13 9 9 9 11 11 11 10 10 10 10
39 43 56 59 63 74 76 79 80 80 78 75 65 41 38 19 19 12 6 6 10 10 10 11 11 11 9 9 9 8
33 33 47 47 48 67 68 70 75 75 70 61 29 24 14 10 10 6 6 6 9 9 9 8 8 8 9 9 9 8
34 45 47 54 72 73 78 96 96 102 108 108 108 105 100 97 95 85 70 69 63 51 51 36 20 19 15 14 3 3
26 26 36 36 36 37 37 37 42 43 43 45 45 45 44 44 37 37 37 28 20 20 20 8 8 8 15 15 12 12
26 26 36 36 36 38 38 38 46 46 46 45 45 45 46 46 43 34 32 30 20 15 15 9 9 9 12 12 12 10
34 34 48 48 48 58 58 58 69 69 70 61 61 61 51 39 24 20 13 13 6 6 6 8 8 8 6 6 6 11
32 32 36 36 36 44 44 44 46 46 44 39 39 34 21 21 21 10 10 10 8 8 8 2 2 2 10 10 7 3
28 28 35 35 42 39 39 39 41 41 40 34 34 34 26 26 22 13 13 13 5 5 5 3 3 3 9 9 9 5
33 33 40 40 40 37 37 37 31 31 19 11 11 11 8 8 8 1 1 1 7 7 7 9 9 9 4 4 4 5
27 26 33 33 33 37 37 35 29 29 29 25 25 23 11 11 11 -4 -5 -5 0 0 0 11 11 11 7 7 7 3
32 32 40 40 47 49 49 39 37 34 25 20 10 10 6 4 4 6 6 6 5 5 5 4 4 4 1 1 1 4
30 30 30 31 31 38 38 38 41 41 31 29 15 13 3 3 3 3 3 3 4 4 4 2 2 2 4 4 4 0
27 27 43 43 44 48 48 50 47 47 47 34 34 20 11 7 7 9 9 9 9 9 9 2 2 2 4 4 4 -1
35 38 46 46 46 59 59 59 50 39 21 14 9 9 3 3 3 5 5 5 4 4 4 4 4 4 5 5 5 4
26 26 38 38 38 54 54 54 57 57 42 36 22 15 3 3 3 -1 -1 -1 7 7 7 -1 -1 -1 1 1 1 -1
26 26 33 33 33 42 42 42 43 43 43 34 31 18 13 6 6 1 1 1 7 7 7 1 1 1 2 2 2 7
33 33 48 48 48 56 56 56 60 60 42 40 19 19 12 4 4 6 6 6 5 5 5 2 2 2 2 2 2 0
31 31 41 41 41 50 51 51 66 66 66 73 73 53 39 20 18 5 5 5 1 1 1 2 2 2 0 0 0 7
31 31 48 48 51 57 57 58 70 70 41 31 10 10 2 2 2 2 2 2 3 3 3 -2 -2 -1 0 0 0 6
27 27 35 35 38 54 54 54 60 60 51 38 21 14 7 7 7 1 1 1 5 5 5 3 3 3 -4 -4 -4 6
28 28 28 41 41 41 47 48 48 48 45 32 30 12 12 1 1 1 2 2 2 2 2 2 1 1 1 2 2 2
32 32 49 50 50 66 66 70 78 78 78 70 70 62 59 39 22 18 13 13 6 6 6 1 1 1 -1 -1 -1 8
31 31 44 44 45 49 49 49 68 68 68 86 86 94 86 86 84 80 74 60 54 52 39 36 33 27 12 11 11 6
29 31 34 34 34 54 54 54 61 61 56 47 47 47 47 47 43 33 33 25 19 19 10 8 8 7 -6 -8 -8 -1
30 31 37 37 40 45 45 45 51 51 49 35 33 30 16 16 11 2 2 2 4 4 4 7 7 3 -2 -2 -2 -2
39 40 52 52 51 42 42 28 20 20 11 8 8 7 3 3 3 5 5 6 1 1 1 -1 -1 -1 3 3 4 1
30 30 33 33 33 29 29 21 18 18 15 7 7 7 6 6 6 3 3 3 4 4 4 -3 -3 -3 -1 -1 -1 3
32 32 44 44 44 47 47 47 47 47 36 30 21 12 7 7 6 2 2 2 1 1 1 0 0 0 2 2 2 3
38 38 43 41 41 38 38 31 24 13 13 12 8 8 8 4 4 4 -1 -1 -1 3 3 5 1 1 1 5 5 6
31 32 38 38 39 42 42 42 37 37 34 26 22 10 1 1 1 4 4 2 2 2 5 2 2 2 -1 -1 -1 1
26 30 35 35 35 50 51 57 65 65 66 58 45 16 9 9 9 8 8 7 2 2 2 0 0 0 1 1 1 -1
27 27 26 26 26 33 33 20 16 12 5 3 3 3 -1 -1 -1 4 4 4 2 2 2 2 2 2 0 0 0 1
29 30 30 30 30 22 22 22 20 19 13 9 5 5 6 6 6 -1 -1 -1 3 3 3 -1 -1 -1 0 0 0 2
29 29 31 34 34 35 33 33 33 27 27 16 9 9 9 5 5 5 -3 -3 -3 5 5 5 -1 -1 -1 -1 -1 -1
32 32 42 42 42 43 43 42 38 29 13 7 7 7 3 3 3 4 4 5 0 0 0 3 3 3 3 3 3 2
33 35 31 31 28 22 20 17 1 1 1 6 6 6 5 5 5 0 0 0 -1 -1 -1 -2 -2 -2 -2 -2 -2 3
36 36 45 45 45 40 40 24 22 9 9 2 2 2 0 0 0 1 1 1 1 1 1 4 4 6 -3 -3 -3 4
32 41 54 60 62 86 86 86 75 58 19 18 8 7 0 0 0 -2 -2 -2 2 2 6 0 0 0 0 0 0 -1
26 27 37 37 40 47 47 47 52 52 43 40 26 12 7 7 7 4 4 4 5 5 4 4 4 4 6 6 6 3
31 31 42 42 45 48 48 27 27 10 10 7 7 7 1 1 1 3 3 1 -2 -2 -2 -3 -3 -3 4 4 4 -4
41 41 47 47 32 26 19 10 3 3 3 1 1 1 -2 -2 -2 6 6 6 8 8 3 2 2 2 4 4 5 2
44 44 66 66 71 76 76 67 62 60 23 21 5 5 5 5 5 0 0 0 5 5 7 3 3 3 2 2 2 0
31 35 43 43 43 45 45 41 34 34 17 7 7 7 6 6 6 4 4 4 2 2 2 -4 -4 -4 1 1 2 1
29 29 37 37 38 41 41 36 20 20 18 5 5 5 2 2 2 4 4 4 -2 -2 -2 6 6 4 1 1 1 -1
30 30 41 41 41 38 38 20 7 7 2 2 2 2 -1 -1 -1 1 1 1 2 2 2 0 0 0 4 4 4 1
29 33 40 40 40 49 49 49 63 63 45 43 24 14 3 3 3 0 0 0 3 3 3 -2 -2 -2 -2 -2 -2 4
41 41 41 65 65 74 84 84 84 83 83 52 42 15 12 11 11 6 3 3 3 -2 -2 -2 5 5 5 1 1 1
33 35 50 50 55 64 64 64 71 71 34 22 12 12 3 3 3 -3 -3 -3 6 6 5 -2 -2 -2 1 1 1 4
31 31 48 48 48 60 60 62 66 66 55 47 35 19 8 8 7 3 3 3 5 5 5 4 4 4 -2 -2 -2 0
32 37 49 49 51 70 70 72 66 66 44 30 30 16 6 6 6 5 5 5 4 4 4 4 4 4 7 7 5 4
33 34 44 44 48 66 66 71 71 71 63 44 28 17 4 4 4 -1 -1 -1 0 0 0 2 2 2 -1 -1 -1 4
30 30 44 44 44 49 49 49 51 51 28 18 18 13 13 13 10 2 2 2 -3 -3 -3 -3 -3 -3 3 3 2 -2
38 40 48 48 48 49 49 49 48 48 37 20 20 14 2 2 2 2 2 2 0 0 0 1 1 3 0 0 0 2
36 36 39 39 39 43 43 38 25 25 21 7 7 7 3 3 3 1 1 1 -1 -1 -1 0 0 0 4 4 4 -2
30 29 41 41 41 51 51 46 35 31 19 3 3 3 -2 -2 -2 -1 -1 -1 -3 -3 -3 -3 -3 -3 -2 -2 -2 -1
32 32 47 47 48 57 57 57 45 45 20 9 9 9 2 2 2 -5 -5 -5 -7 -7 -7 1 1 1 -1 -1 -1 -3
33 33 45 45 45 56 56 56 63 63 63 61 61 39 29 13 13 6 6 6 2 2 2 0 0 0 -5 -5 -5 3
29 29 38 38 38 58 58 58 75 75 75 71 71 42 41 16 16 1 1 1 5 5 5 -4 -4 -4 0 0 0 -1
37 37 55 55 55 67 67 67 74 74 74 61 61 38 30 15 15 1 1 1 2 2 2 3 3 3 -3 -3 -3 -1
30 30 45 45 45 53 53 53 68 68 58 51 30 20 7 7 7 0 0 0 -2 -2 -2 2 2 2 -2 -2 -2 3
30 30 38 38 38 58 58 59 63 63 63 68 68 68 54 54 33 15 7 7 2 2 2 2 2 2 -2 -2 -2 0
28 28 42 42 42 56 56 57 71 71 72 76 76 76 81 81 33 23 11 11 2 2 2 3 3 3 -1 -1 -1 3
31 32 39 39 39 48 48 48 56 56 48 29 25 13 2 2 2 5 5 6 3 3 3 5 5 5 0 0 0 -1
31 31 56 56 57 74 74 74 92 92 49 37 18 16 8 8 2 -1 -1 -1 3 3 3 6 6 6 5 5 5 2
30 30 39 39 39 43 43 43 35 35 28 17 17 15 3 3 3 3 3 3 3 3 3 -1 -1 -1 11 11 7 4
28 28 45 45 48 64 64 64 57 57 56 52 52 51 38 38 24 9 9 9 2 2 2 3 3 3 5 5 5 1
39 39 57 57 57 67 67 62 46 46 38 27 27 27 16 16 16 7 7 7 4 4 4 6 6 6 2 2 2 3
42 42 49 49 49 64 64 64 68 68 70 65 65 49 31 27 12 7 7 7 8 8 8 1 1 1 2 2 2 2
32 32 50 50 50 76 76 76 74 74 74 101 126 134 180 180 111 64 37 22 6 6 6 0 0 0 7 7 7 1
45 45 31 31 31 19 19 19 11 11 11 4 4 4 5 5 5 6 6 6 0 0 0 6 6 6 2 2 2 7
38 38 58 58 58 53 51 51 28 28 28 15 15 15 3 3 3 2 2 2 8 8 8 6 6 6 5 5 5 1
37 37 40 40 40 40 40 40 25 25 25 8 8 8 9 9 9 1 1 1 4 4 4 4 4 4 0 0 0 1
27 27 36 36 36 31 31 31 15 15 15 7 7 7 8 8 8 10 10 10 2 2 2 2 2 2 4 4 4 6
44 44 49 49 49 25 25 25 8 8 8 6 6 6 7 7 7 4 4 4 1 1 1 1 1 1 2 2 2 6
26 26 25 25 25 22 22 22 7 7 7 4 4 4 8 8 8 2 2 2 9 9 9 4 4 4 0 0 0 2
21 35 39 39 32 32 32 19 19 19 10 10 10 8 8 8 7 7 7 6 6 6 10 10 10 7 7 7 10 10
26 26 32 32 32 20 20 20 10 10 10 5 5 5 5 5 5 8 8 8 8 8 8 5 5 5 -2 -2 -2 8
28 28 33 33 33 23 23 23 15 15 15 10 10 10 8 8 8 8 8 8 6 6 6 3 3 3 1 1 1 0
31 31 24 24 24 15 15 15 4 4 4 1 1 1 2 2 2 4 4 4 6 6 6 4 4 4 3 3 3 2
33 33 30 30 30 20 20 20 3 3 3 5 5 5 5 5 5 -1 -1 -1 4 4 4 2 2 2 2 2 2 1
42 42 40 40 40 22 22 22 7 7 7 4 4 4 2 2 2 4 4 4 1 1 1 -1 -1 -1 0 0 0 1
25 34 34 34 36 36 36 22 22 22 8 8 8 6 6 6 -1 -1 -1 2 2 2 0 0 0 3 3 3 0 0
22 22 32 32 32 19 19 19 7 7 7 4 4 4 8 8 8 4 4 4 5 5 5 6 6 6 6 6 6 -2
27 34 34 34 38 38 38 25 25 25 9 9 9 1 1 1 3 3 3 1 1 1 -3 -3 -3 -3 -3 -3 0 0
26 26 34 34 34 24 24 24 11 10 10 3 3 3 4 4 4 3 3 3 -2 -2 -2 -2 -2 -2 3 3 3 2
28 41 41 41 40 40 40 25 25 25 8 8 8 6 6 6 2 2 2 0 0 0 1 1 1 2 2 2 -4 -4
28 28 24 24 24 17 17 17 10 10 10 2 2 2 4 4 4 -3 -3 -3 -2 -2 -2 1 1 1 0 0 0 3
28 28 35 35 35 35 35 35 27 27 27 9 9 9 7 7 7 3 3 3 0 0 0 1 1 1 6 6 6 6
28 28 27 27 27 19 19 19 13 13 13 4 4 3 1 1 1 4 4 4 0 0 0 1 1 1 5 5 5 0
27 27 18 18 18 15 13 13 0 0 0 0 0 0 1 1 1 7 7 7 1 1 1 -2 -2 -2 5 5 5 4
28 28 21 21 21 16 16 16 6 6 6 3 3 3 -4 -4 -4 0 0 0 -1 -1 -1 0 0 0 2 2 2 2
26 26 37 37 37 37 37 37 27 27 27 10 10 10 5 5 5 0 0 0 -2 -2 -2 -5 -5 -5 -2 -2 -2 6
33 33 41 41 41 39 36 36 20 20 20 9 9 9 8 8 8 2 2 2 1 1 1 4 4 4 -9 -9 -9 -3
29 29 38 38 38 37 37 37 21 19 19 4 4 4 1 1 1 2 2 2 -2 -2 -2 -2 -2 -2 1 1 1 0
29 29 32 32 32 22 22 22 5 5 5 3 3 3 2 2 2 3 3 3 0 0 0 -2 -2 -2 1 1 1 2
22 22 20 20 20 16 16 16 3 3 3 3 3 3 0 0 0 0 0 0 0 0 0 0 0 0 -1 -1 -1 5
33 33 40 40 40 28 28 28 14 14 14 7 7 7 1 0 0 1 1 1 2 2 2 -3 -3 -3 6 6 6 4
29 29 38 38 38 26 26 26 16 16 16 8 8 8 2 2 2 3 3 3 1 1 1 0 0 0 4 4 4 1
29 29 21 21 21 11 11 11 4 4 4 5 5 5 2 2 2 -3 -3 -3 2 2 2 -1 -1 -1 0 0 0 2
22 34 34 34 32 32 32 18 18 18 13 13 13 5 5 5 7 7 7 4 4 4 2 2 2 0 0 0 6 6
34 34 31 31 31 21 21 21 6 6 6 7 7 7 2 2 2 5 5 5 -2 -2 -2 4 4 4 3 3 3 -1
21 26 26 26 21 21 21 14 14 14 0 0 0 1 1 1 -5 -5 -5 3 3 3 0 0 0 -1 -1 -1 -2 -2
26 26 34 34 34 27 27 27 9 9 9 3 3 3 3 3 3 -3 -3 -3 3 3 3 -3 -3 -3 1 1 1 -2
23 33 33 33 32 32 32 14 14 14 4 4 4 1 1 1 3 3 3 0 0 0 -1 -1 -1 5 5 5 -1 -1
32 32 35 35 35 22 22 22 4 4 4 2 2 2 5 5 5 -1 -1 -1 3 3 3 1 1 1 0 0 0 2
25 25 28 28 28 25 25 25 13 13 13 2 2 2 3 3 3 3 3 3 -1 -1 -1 -1 -1 -1 1 1 1 2
26 26 22 22 22 10 10 10 4 4 4 -3 -3 -3 -1 -1 -1 -2 -2 -2 3 3 3 5 5 5 1 1 1 -1
26 26 30 30 30 19 19 19 7 7 7 4 4 4 6 6 6 -5 -5 -5 2 2 2 -2 -2 -2 -1 -1 -1 -1
30 30 26 26 26 17 17 17 3 3 3 2 2 2 1 1 1 -1 -1 -1 -2 -2 -2 -2 -2 -2 -1 0 0 -1
30 30 30 30 30 16 16 16 7 7 7 1 1 1 0 0 0 0 0 0 1 1 1 -1 -1 -1 1 1 1 0
24 24 26 26 26 22 22 22 13 13 13 1 1 1 -2 -2 -2 4 4 4 -2 -2 -2 3 3 3 -3 -2 -2 6
26 26 21 21 21 10 10 10 8 8 8 -1 -1 -1 -2 -2 -2 0 0 0 -3 -3 -3 0 0 0 -1 -1 -1 -1
30 30 39 39 39 27 27 27 8 8 8 6 6 6 -2 -2 -2 0 0 0 1 1 1 0 0 0 0 0 0 -3
29 29 24 24 24 12 12 12 7 7 7 3 3 3 5 5 5 -2 -2 -2 1 1 1 5 5 5 -1 -1 -1 8
25 37 39 39 27 27 27 15 15 15 6 6 6 4 4 4 7 7 7 0 0 0 -1 -1 -1 1 1 1 5 5
32 32 46 46 46 35 35 35 17 17 17 13 13 13 7 7 7 5 5 5 2 2 2 5 5 5 7 7 7 1
21 24 24 24 33 33 33 22 22 22 11 11 11 3 3 3 0 0 0 5 5 5 3 3 3 3 3 3 3 3
35 35 41 42 42 39 39 39 21 21 21 10 10 10 4 4 4 8 8 8 9 9 9 2 2 2 2 2 2 0
29 29 30 30 30 25 25 25 15 15 15 13 13 13 3 3 3 0 0 0 8 8 8 6 6 6 3 3 3 4
