19 25 27 27 25 24 24 24 19 17 17 14 14 7 4 4 4 5 5 5 2 2 2 2 2 2 2 2 2 4
13 13 19 19 19 22 22 22 19 19 19 16 16 16 11 11 9 3 3 3 -2 -2 -2 1 1 1 3 3 3 5
17 20 24 24 24 28 28 26 25 25 22 18 18 15 15 15 12 5 5 5 8 8 3 3 3 3 0 0 0 1
11 11 21 21 21 23 23 23 22 22 22 16 16 10 9 9 9 1 0 0 7 7 4 -1 -1 -1 -3 -3 -3 7
12 12 19 19 19 22 22 24 20 20 20 25 25 23 18 18 17 11 11 11 9 9 8 7 7 7 -1 -1 -1 7
16 19 22 22 25 31 31 31 33 33 35 31 31 31 29 29 29 25 25 23 21 18 18 12 12 12 9 9 9 9
23 23 23 24 24 24 26 26 27 28 28 28 27 27 27 24 24 21 21 21 17 15 15 12 12 12 7 7 7 7
16 23 26 26 27 33 33 34 28 28 26 24 24 24 14 14 14 11 11 11 3 3 3 4 4 4 0 0 0 -1
12 12 23 23 23 28 28 28 28 28 28 29 29 29 29 29 25 19 19 18 12 12 9 5 5 4 1 1 1 5
17 18 20 20 22 26 26 26 26 26 24 23 23 25 25 25 20 13 13 13 11 11 11 6 6 6 5 5 5 6
16 16 17 23 23 23 29 29 29 28 28 28 25 25 22 18 18 16 12 12 12 7 7 7 -1 -1 -1 -1 -1 -1
10 10 23 23 25 29 29 31 37 37 38 34 34 34 31 31 30 22 22 22 14 14 14 9 9 9 5 5 3 3
9 13 19 19 20 20 20 20 22 22 22 20 20 20 18 18 18 14 14 14 14 14 10 7 7 6 3 3 3 3
14 14 14 20 20 20 21 22 22 22 28 28 26 21 21 18 16 16 13 4 4 4 4 4 4 -3 -3 -3 1 1
13 13 14 16 16 25 25 26 24 24 24 24 24 22 19 19 19 22 22 18 12 12 11 6 6 6 3 3 3 -2
7 16 16 16 24 24 26 28 28 28 31 31 31 28 28 28 25 25 23 17 17 17 12 12 12 5 5 5 7 7
11 15 15 15 15 26 26 26 26 26 26 16 16 16 14 14 14 13 13 12 5 5 5 8 8 8 6 6 3 -1
21 21 21 28 28 29 31 31 31 31 31 26 24 24 21 13 13 13 12 12 9 6 6 6 2 2 2 3 3 3
18 19 19 18 18 22 22 23 28 28 30 28 28 26 23 23 23 16 16 13 10 10 6 5 5 5 5 5 5 4
11 13 24 24 24 33 33 33 34 34 34 41 41 33 32 32 31 18 18 17 8 8 7 7 7 5 5 5 7 8
14 15 23 23 23 33 33 33 31 31 31 35 35 32 27 27 24 22 17 16 13 13 13 4 4 4 2 2 2 -1
13 13 15 15 15 22 22 22 27 27 27 29 29 29 37 37 37 41 41 41 41 41 37 32 32 31 24 24 17 14
17 17 17 24 24 24 27 27 27 29 29 29 30 30 30 25 25 25 17 17 15 14 14 12 10 10 10 4 4 4
16 16 24 24 24 28 28 28 27 27 27 20 20 20 16 16 13 11 11 11 9 9 9 1 1 1 1 1 1 3
13 13 20 20 20 26 26 28 33 33 33 31 31 29 26 26 25 15 15 12 12 12 8 8 8 8 0 0 0 2
17 17 23 23 23 33 33 33 40 40 40 37 37 30 26 26 17 7 7 7 0 0 0 0 0 0 -6 -6 -6 -3
16 16 26 26 26 34 34 34 31 31 31 28 28 26 20 20 14 5 5 5 5 5 5 3 3 3 -2 -2 -2 -4
14 14 14 14 14 25 25 26 28 28 28 30 30 30 33 33 33 23 23 23 18 18 18 7 7 7 -2 -2 -2 1
6 6 12 12 12 13 13 13 23 23 23 23 23 23 21 21 21 19 19 19 18 18 18 12 12 12 9 9 9 5
15 15 19 19 19 26 26 26 25 25 25 33 33 33 25 25 25 22 22 22 19 19 19 11 11 11 4 4 4 6
11 11 18 18 18 25 25 27 32 32 35 38 38 38 31 31 31 27 27 27 17 17 17 10 10 10 4 4 4 3
9 9 13 13 13 18 18 18 20 20 20 23 23 23 30 30 30 30 30 30 29 29 29 22 22 22 14 14 14 13
17 17 16 16 16 26 26 26 29 29 29 35 35 35 27 27 27 24 24 24 19 19 19 16 16 16 12 12 12 8
20 20 20 20 20 22 22 22 28 28 28 31 31 32 30 30 30 28 28 28 30 29 28 22 22 19 14 14 12 12
21 21 24 24 24 28 28 28 36 36 36 28 28 28 27 27 27 17 17 16 7 7 7 7 7 7 1 1 1 1
16 16 21 21 21 27 27 27 34 34 34 37 37 37 33 33 33 28 28 28 15 15 15 10 10 10 -3 -3 -3 2
7 7 15 15 15 26 26 26 38 38 38 36 36 36 33 33 33 29 29 29 24 24 24 17 17 17 4 4 4 1
20 20 22 22 22 20 20 20 22 22 22 15 15 15 16 16 16 7 7 7 4 4 4 -2 -2 -2 -2 -2 -2 -2
18 18 21 21 21 26 26 26 30 30 30 29 29 29 23 23 23 17 17 17 5 5 5 2 2 2 -2 -2 -2 -2
13 13 16 16 16 21 21 21 19 19 19 15 15 15 14 14 14 15 15 15 5 5 5 4 4 4 1 1 1 2
16 16 18 18 18 19 19 19 20 20 20 21 21 21 22 22 22 8 8 8 4 4 4 4 4 4 1 1 1 -2
19 19 26 26 26 27 27 27 32 32 32 35 35 35 24 24 24 23 23 21 14 14 14 -1 -1 -1 1 1 1 4
15 15 20 20 20 23 23 23 29 29 29 21 21 21 16 16 16 16 16 16 6 6 6 6 6 6 2 2 2 3
14 14 19 19 19 21 21 21 15 15 15 18 18 18 9 9 9 6 6 6 8 8 8 3 3 3 7 7 7 5
16 16 16 16 16 18 18 18 24 24 24 17 17 17 21 21 21 11 11 11 8 8 8 3 3 3 6 6 6 3
19 19 18 18 18 20 20 20 25 25 25 19 19 19 15 15 15 11 11 11 5 5 5 0 0 0 4 4 4 -2
10 10 18 18 18 19 19 19 21 21 21 16 16 16 18 18 18 14 14 14 8 8 8 -3 -3 -3 4 4 4 1
13 13 17 17 17 17 17 17 19 19 19 17 17 17 14 14 14 8 8 8 8 8 8 1 1 1 5 5 5 -2
17 17 15 15 15 20 20 20 21 21 21 22 22 22 12 12 12 10 10 10 11 11 11 6 6 6 4 4 4 5
11 11 13 13 13 18 18 18 22 22 22 20 20 20 16 16 16 12 12 12 5 5 5 2 2 2 6 6 6 -3
15 15 16 16 16 20 20 20 21 21 21 19 19 19 15 15 15 16 16 16 13 13 13 7 7 7 3 3 3 4
14 14 22 22 22 25 25 25 33 33 33 34 34 34 28 28 28 24 24 24 22 22 22 11 11 11 2 2 2 -1
18 18 19 19 19 24 24 24 27 27 27 25 25 25 25 25 25 20 20 20 10 10 10 9 9 9 7 7 7 2
18 18 18 18 18 19 19 19 33 33 33 35 35 35 35 35 35 26 26 26 18 18 18 7 7 7 9 9 9 6
21 21 25 25 25 34 34 34 41 41 41 41 41 41 39 39 39 31 31 31 18 18 18 8 8 8 2 2 2 9
17 17 23 23 23 25 25 25 26 26 26 27 27 27 25 25 25 13 13 13 8 8 8 1 1 1 1 1 1 0
13 13 17 17 17 25 25 25 18 18 18 16 16 16 16 16 16 12 12 12 4 4 4 8 8 8 2 2 2 7
15 15 17 17 17 15 15 15 17 17 17 11 11 11 8 8 8 7 7 6 1 1 1 -1 -1 -1 7 7 7 5
12 12 14 14 14 14 14 14 11 11 11 15 15 15 5 5 5 8 8 8 6 6 6 2 2 2 0 0 0 0
15 15 13 13 13 15 15 15 17 17 17 13 13 13 10 9 9 5 5 5 3 3 3 4 4 4 1 1 1 0
12 12 10 10 10 12 12 12 16 16 16 16 16 16 6 6 6 2 2 2 -2 -2 -2 3 3 3 8 8 8 3
9 9 19 19 19 16 16 16 24 24 24 19 19 19 22 22 22 22 22 22 16 16 16 14 14 14 4 4 4 6
13 13 15 15 15 14 14 14 9 9 9 12 12 12 5 5 5 1 1 1 6 6 6 -1 0 0 1 1 1 3
9 9 17 17 17 14 14 14 18 18 18 17 17 17 10 10 10 7 7 7 9 9 9 0 0 0 3 3 3 0
8 8 13 13 13 10 10 10 11 11 11 7 7 7 1 1 1 9 9 9 7 7 7 -1 -1 0 4 4 4 2
13 13 17 17 17 13 13 13 16 16 16 5 5 5 1 1 1 1 1 1 5 5 5 3 3 3 0 0 0 -2
13 13 13 13 13 15 15 15 19 19 19 14 14 14 13 13 13 11 11 11 6 6 6 4 4 4 4 4 4 -2
9 9 18 18 18 15 15 15 17 17 17 13 13 13 11 11 11 5 5 5 2 2 2 1 1 1 6 6 6 3
14 14 11 11 11 11 11 11 6 6 6 5 5 5 1 1 1 3 3 3 -1 -1 -1 0 0 0 0 0 0 -2
6 6 14 14 14 24 24 24 30 30 30 23 23 23 14 14 14 6 6 6 2 2 2 1 1 1 3 3 3 -1
8 8 17 17 17 21 21 21 20 20 20 16 16 16 12 12 12 10 10 10 4 4 4 4 4 4 1 1 1 5
7 7 10 10 10 14 14 14 11 11 11 9 9 9 9 9 9 7 7 7 1 1 1 5 5 5 0 0 0 -2
7 7 11 11 11 12 12 12 19 19 19 12 12 12 10 10 10 9 9 9 2 2 2 -1 -1 -1 6 6 6 -1
9 9 13 13 13 19 19 19 23 23 23 18 18 18 15 15 15 9 9 9 3 3 3 2 2 2 6 6 6 1
8 8 14 14 14 16 16 16 16 16 16 19 19 19 16 16 16 8 8 8 5 5 5 2 2 2 1 1 1 3
5 5 13 13 13 14 14 14 17 17 17 24 24 24 15 15 15 18 18 18 10 10 10 1 1 1 3 3 3 4
9 9 15 15 15 14 14 14 17 17 17 13 13 13 6 6 6 5 5 5 -1 -1 0 1 1 1 1 1 1 4
6 6 18 18 18 15 15 15 21 21 21 19 19 19 13 13 13 11 11 11 2 2 2 -1 -1 -1 0 0 0 -2
11 11 14 14 14 16 16 16 22 22 22 21 21 21 14 14 14 8 8 8 5 5 5 -2 -2 -2 0 0 0 3
14 14 10 10 10 22 22 22 22 22 22 15 15 15 14 14 14 9 9 9 6 6 6 6 6 6 6 6 6 5
13 13 12 12 12 18 18 18 15 15 15 13 13 13 10 10 10 8 8 8 4 4 4 -1 -1 -1 3 3 3 -2
11 11 18 18 18 16 16 16 18 18 18 14 14 14 13 13 13 11 11 11 5 5 5 9 9 9 3 3 3 -1
8 8 18 18 18 16 16 16 18 18 18 18 18 18 10 10 10 5 5 5 7 7 7 1 1 1 1 1 1 7
10 10 10 10 10 14 14 14 15 15 15 6 6 6 4 4 4 4 4 4 5 5 5 4 4 4 -1 -1 -1 -3
11 11 11 11 11 11 11 11 12 12 12 9 9 9 12 12 12 3 3 3 2 2 2 1 1 1 -1 -1 0 7
8 8 15 15 15 15 15 15 8 8 8 6 6 6 7 7 7 3 3 3 6 6 6 2 2 2 3 3 3 1
9 9 16 16 16 10 10 10 6 6 6 4 4 4 4 4 4 2 2 2 0 0 0 -3 -3 -3 13 13 13 -2
8 8 12 12 12 12 12 12 11 11 11 7 7 7 9 9 9 8 8 8 2 2 2 -1 -1 -1 1 1 1 -4
14 14 20 20 20 19 19 19 12 12 12 9 9 9 1 1 1 0 0 0 -5 -5 -5 2 2 2 0 0 0 3
8 8 12 12 12 7 7 7 1 1 1 -1 -1 -1 -2 -2 -2 1 1 1 -3 -3 -3 4 4 4 -1 -1 -1 -4
12 12 11 11 11 9 9 9 7 7 7 9 9 9 4 4 4 5 5 5 3 3 3 -5 -5 -5 -4 -4 -4 -1
10 10 16 16 16 16 16 16 9 9 9 4 4 4 1 1 1 0 0 0 4 4 4 -1 -1 -1 1 1 1 -3
8 8 11 11 11 18 18 18 14 14 14 11 11 11 9 9 9 6 6 6 2 2 2 3 3 3 5 5 5 2
11 11 7 7 7 19 19 19 15 15 15 11 11 11 7 7 7 7 7 7 2 2 2 5 5 5 4 4 4 -2
9 9 11 11 11 15 15 15 14 14 14 11 11 11 9 9 9 9 9 9 5 5 5 5 5 5 3 3 3 1
11 11 18 18 18 18 18 18 20 20 20 13 13 13 8 8 8 4 4 4 3 3 3 -1 -1 -1 2 2 2 0
10 10 16 16 16 14 14 14 14 14 14 8 8 8 11 11 11 9 9 9 4 4 4 7 7 7 -1 -1 -1 4
8 8 18 18 18 16 16 16 20 20 20 20 20 20 17 17 17 10 10 10 10 10 10 -1 -1 -1 2 2 2 6
13 13 16 16 16 18 18 18 22 22 22 22 22 22 12 12 12 15 15 15 9 9 9 5 5 5 3 3 3 5
11 11 11 11 11 18 18 18 17 17 17 14 14 14 14 14 14 14 14 14 10 10 10 8 8 8 2 2 2 1
11 16 16 27 27 27 18 18 18 3 3 3 4 4 4 0 0 0 3 3 3 3 3 3 2 2 2 -2 -2 -2
9 12 12 12 20 20 20 10 10 10 5 5 5 6 6 6 2 2 2 0 0 0 5 5 5 3 3 2 -1 -1
8 8 16 16 16 26 27 27 16 16 16 9 9 9 4 4 4 3 3 3 4 4 4 4 4 4 2 2 2 2
10 10 18 18 18 22 22 22 16 16 16 14 14 14 6 6 6 4 4 4 -1 -1 0 2 2 2 6 6 6 4
13 13 22 22 22 25 25 25 19 19 19 12 12 12 7 7 7 4 4 4 6 6 6 4 4 4 5 5 5 4
11 11 17 17 17 21 21 21 18 18 18 18 18 18 7 7 7 5 5 5 6 6 6 5 5 5 3 3 3 4
16 16 22 22 22 28 28 28 24 24 24 17 17 17 9 9 9 4 4 4 3 3 3 5 5 5 4 4 3 3
10 10 22 22 22 20 20 20 23 23 23 14 14 14 8 8 8 6 6 6 1 1 1 1 1 1 3 3 3 5
6 16 18 18 23 23 23 34 32 32 21 21 21 5 5 5 6 6 6 -2 -2 -2 3 3 3 2 2 2 5 5
12 12 17 21 21 18 18 18 16 16 16 10 10 10 5 5 5 2 2 2 2 2 2 2 2 2 1 1 1 -1
15 15 16 16 16 19 19 19 15 15 15 7 7 7 6 6 6 1 1 1 5 5 5 3 3 3 -1 -1 -1 3
9 9 16 16 16 18 18 18 10 10 10 7 7 6 -1 -1 -1 4 4 4 2 2 2 -3 -3 -3 1 1 1 -1
9 9 18 18 18 13 13 13 8 8 8 4 4 4 0 0 0 1 1 1 2 1 1 -3 -3 -3 1 1 1 1
7 7 15 15 15 19 17 17 11 11 11 6 6 6 5 5 5 5 5 5 1 1 1 -2 -2 -2 1 1 1 -2
10 11 11 11 15 15 15 10 10 10 5 5 5 3 3 3 2 2 2 0 0 0 0 0 0 2 2 2 1 1
12 12 16 16 16 17 17 17 10 10 10 6 6 6 2 2 2 2 2 2 -1 -1 -1 3 3 3 2 2 2 3
12 12 17 22 22 17 17 17 10 10 10 4 4 4 4 4 4 6 6 6 3 3 3 0 0 0 -2 -2 -1 0
17 17 11 11 11 8 8 8 6 6 6 6 6 6 4 4 4 -1 -1 -1 0 0 0 -1 -1 -1 7 6 6 -3
12 12 15 15 15 18 18 18 11 11 11 8 8 8 7 7 7 7 7 7 5 5 5 1 1 1 2 2 2 0
13 13 15 15 15 20 20 20 20 20 20 17 17 17 11 11 11 11 11 11 3 3 3 2 2 2 3 3 3 2
11 11 17 17 17 10 10 10 15 15 15 9 9 9 9 9 9 6 6 6 2 2 2 5 5 5 2 2 2 2
13 13 23 25 25 26 26 26 20 20 20 19 19 19 10 10 10 7 7 7 6 6 6 6 6 6 7 7 7 6
12 12 19 19 19 16 16 16 10 9 9 2 2 1 4 4 4 -4 -4 -4 2 2 2 3 3 3 2 2 2 -2
20 20 21 21 21 17 17 17 11 11 11 7 7 7 5 4 4 3 3 3 2 2 2 3 3 3 4 4 4 1
10 10 16 16 16 21 21 21 11 11 11 8 8 8 5 5 5 0 0 0 2 2 2 6 6 6 3 3 3 -1
11 11 19 19 19 15 15 15 8 8 8 5 5 5 2 2 2 -1 -1 -1 4 4 4 3 3 3 -2 -2 -2 -1
16 16 16 16 16 11 11 11 6 6 6 3 3 3 1 1 1 2 2 2 2 2 2 5 6 6 4 4 4 3
11 11 16 16 16 23 23 23 21 20 20 13 13 13 4 4 4 1 1 1 5 5 5 -3 -3 -3 3 3 3 3
7 10 10 10 21 17 17 10 10 10 4 4 4 7 7 7 3 3 3 7 7 7 0 0 0 2 2 2 3 3
9 9 13 13 13 7 7 7 6 6 6 6 6 6 6 6 6 6 6 6 6 5 5 0 0 0 1 1 1 1
17 17 17 19 19 16 16 16 8 8 8 6 6 6 2 2 2 3 3 3 5 5 5 2 2 2 -5 -5 -5 2
12 12 15 15 15 16 16 16 10 10 10 5 5 5 3 3 3 1 1 1 5 5 5 -2 -2 -2 5 5 5 2
9 14 14 14 17 17 17 13 13 13 11 11 11 5 5 5 4 4 4 0 0 0 0 0 0 0 0 0 4 4
10 10 10 10 10 16 16 16 12 12 12 10 10 10 5 5 5 2 2 2 8 8 8 0 0 0 4 4 4 -3
10 10 12 12 12 8 8 8 7 7 7 3 3 3 4 4 4 1 1 1 3 3 3 3 3 3 -2 -2 -2 2
11 11 15 17 17 9 9 9 9 9 9 3 3 3 5 5 5 3 3 3 7 7 7 1 1 1 0 0 0 1
10 10 18 18 18 15 15 15 20 20 20 15 15 15 9 9 9 5 5 5 5 5 5 4 4 4 3 3 3 0
9 9 15 15 15 8 8 8 12 12 12 5 5 5 7 7 7 7 7 7 7 5 5 1 1 1 1 1 1 3
10 10 19 19 19 16 16 16 11 11 11 8 8 8 4 4 4 1 1 1 6 6 6 1 1 1 -2 -2 -2 0
16 16 9 9 9 10 10 10 7 7 7 4 4 4 3 3 3 7 7 6 3 3 3 -1 -1 -1 1 1 1 5
8 8 14 14 14 12 12 12 8 8 8 6 6 6 8 8 8 6 6 6 5 5 5 -1 -1 -1 -1 -1 -1 -1
9 9 12 12 12 9 9 9 5 5 5 0 0 0 2 2 2 1 1 1 5 5 5 1 1 1 5 5 5 -3
7 7 8 8 8 7 7 7 5 5 5 2 2 2 -1 -1 -1 1 1 1 3 3 3 -1 -1 -1 5 5 5 3
9 9 14 14 14 15 15 15 7 7 7 7 6 6 5 5 5 -3 -3 -3 -1 -1 -1 5 5 5 1 1 1 -1
8 8 13 13 13 8 8 8 6 6 6 5 5 5 2 2 2 4 4 4 -3 -3 -3 1 2 2 -1 -1 -1 -3
8 8 11 11 11 12 12 12 8 8 8 7 7 6 6 6 6 1 1 1 2 2 2 0 0 0 0 0 0 3
7 10 10 10 10 10 10 12 11 11 6 6 6 1 1 1 4 4 4 5 5 5 2 2 2 2 2 2 1 1
17 17 22 22 22 22 22 22 8 8 8 8 8 8 1 1 1 3 3 3 4 4 4 5 5 5 0 0 0 3
6 6 8 8 8 10 10 10 5 5 5 2 2 2 -1 -1 -1 -2 -2 -2 2 2 2 2 2 2 1 1 1 3
9 9 11 11 11 10 10 10 6 6 6 3 3 3 1 1 1 1 1 1 1 1 1 -1 -1 -1 1 1 1 3
19 20 26 26 26 32 31 31 16 16 16 11 8 8 2 2 2 -1 -1 -1 -1 -1 -1 0 0 0 4 3 3 3
13 13 24 25 26 29 29 29 23 17 17 6 6 6 4 4 4 -3 -3 -3 1 2 2 0 0 0 1 1 1 2
11 12 12 12 20 22 22 15 15 15 10 8 8 2 2 2 2 2 2 3 1 1 1 1 1 2 2 2 2 1
19 21 26 27 33 33 36 36 36 28 28 28 16 15 15 3 3 2 0 0 0 -4 -4 -4 -2 -2 -2 -1 -1 -1
14 22 24 24 30 33 37 37 39 39 39 27 26 24 13 11 7 5 5 5 -2 -2 -2 1 1 1 -1 -1 -1 0
7 16 16 18 20 20 25 32 32 39 39 36 31 26 26 26 9 9 9 4 4 4 -3 -3 -2 -2 -2 -2 -2 -2
15 15 30 31 36 61 63 63 63 63 59 58 48 46 38 24 19 19 19 19 19 -1 -1 -5 -5 -5 -1 -1 -1 -3
10 8 11 11 14 14 14 12 11 11 3 3 3 2 0 0 0 0 0 0 0 0 0 1 1 1 -1 -1 3 3
17 17 16 16 16 15 15 15 16 16 16 19 19 19 8 10 10 12 12 12 6 6 6 5 5 5 2 2 2 -1
20 20 20 20 20 26 28 28 44 44 44 46 46 46 40 35 35 35 35 28 22 15 8 8 8 8 8 -6 -6 -4
13 13 22 23 23 33 39 39 59 59 59 59 64 76 76 61 57 57 35 35 35 4 3 3 3 3 3 1 1 1
7 19 19 19 35 37 37 42 42 42 26 22 22 22 22 22 4 4 1 -2 -2 -2 -2 -2 -2 -6 -6 -6 -6 -6
7 7 17 17 17 23 23 23 20 20 20 11 11 10 1 1 1 -2 -2 -2 -3 -3 -3 1 1 1 1 1 1 -3
10 10 14 14 14 27 27 27 26 26 26 16 16 9 3 3 3 -4 -4 -4 4 4 4 -2 -2 -2 1 1 1 -6
14 14 34 34 34 45 45 45 37 37 37 23 23 23 2 2 2 2 2 2 1 1 1 0 0 0 -1 -1 -1 -1
12 12 19 19 19 19 19 19 15 15 15 3 3 3 7 7 7 -3 -3 -3 -1 -1 -1 -3 -3 -3 0 0 0 -1
20 20 35 35 35 33 33 33 22 22 22 8 8 8 1 1 1 -1 -1 -1 0 0 0 2 2 2 4 4 4 -1
16 16 23 23 23 25 25 25 19 19 19 11 11 11 4 4 4 1 1 1 5 5 5 1 1 0 8 10 10 2
21 21 23 23 23 43 43 43 38 38 38 14 14 14 6 6 6 -1 -1 -1 -4 -4 -4 -5 -5 -5 -5 -5 -5 -7
17 17 28 28 28 24 24 24 11 11 11 3 3 3 -5 -5 -5 -4 -4 -4 1 1 1 -7 -7 -7 -3 -3 -3 -7
9 9 29 29 29 32 32 32 23 23 23 23 23 23 4 4 4 -1 -1 -1 0 0 0 -4 -4 -4 -7 -7 -6 1
16 16 24 24 24 31 31 31 33 33 33 23 23 23 2 2 1 -6 -6 -6 -5 -5 -5 -2 -2 -2 -4 -4 -4 -5
9 12 19 19 25 34 34 34 27 27 27 27 27 27 9 9 9 9 9 9 -7 -7 -7 -6 -6 -6 -7 -7 -7 -8
14 14 27 27 29 52 52 52 43 43 43 43 43 33 16 16 8 -7 -7 -7 -7 -3 -3 -7 -7 -7 -10 -10 -10 -10
17 17 26 40 40 49 49 49 40 19 19 13 1 1 -1 -7 -7 -7 -7 -7 -7 -10 -10 -11 -8 -8 -8 -6 -6 -6
8 12 18 18 31 31 31 31 29 29 19 11 11 11 0 0 0 -8 -8 -8 -9 -9 -9 -9 -9 -9 -5 -5 -5 -9
10 10 8 8 8 7 7 7 4 4 4 0 0 -2 -2 -2 -5 -4 -4 -4 -6 -6 -6 -7 -7 -7 -7 -7 -7 -6
11 13 16 16 16 20 20 20 28 28 28 24 24 21 24 24 24 17 17 17 10 10 10 2 2 1 2 2 2 -2
16 16 17 20 20 23 23 23 22 23 23 23 16 16 16 11 11 9 11 11 11 -2 -2 -2 -1 -1 -1 -4 -4 -4
14 16 19 19 20 22 22 22 20 20 20 21 21 21 12 12 12 5 5 3 -2 -2 -2 -2 -2 -3 1 1 1 2
-2 -2 0 2 2 7 7 9 3 -1 -1 -5 -9 -9 -14 -13 -13 -13 -12 -12 -12 -12 -12 -11 -11 -11 -14 -14 -14 -13
 3 3 11 13 13 26 26 26 24 24 15 6 3 1 -4 -5 -5 -9 -9 -9 -11 -11 -11 -10 -10 -10 -7 -7 -7 -8
0 0 7 7 10 24 24 24 20 15 10 3 0 -1 -7 -7 -7 -4 -4 -4 -9 -8 -8 -1 -1 -3 -3 -3 -4 -5
7 15 15 17 30 33 34 43 43 43 49 49 49 49 37 28 28 21 11 11 11 11 11 5 1 -1 -6 -6 -3 -3
3 3 7 7 7 7 7 7 10 10 4 4 4 9 6 6 2 2 2 2 -1 -1 -1 -2 -2 -2 -3 -3 -3 -4
5 9 9 9 9 14 14 10 10 10 11 11 11 13 5 5 5 9 9 4 0 0 0 1 1 1 -3 -3 -3 1
17 17 17 17 17 28 28 30 33 33 28 18 18 17 12 11 9 4 4 4 4 4 4 -1 -1 -1 -3 -3 -3 0
14 14 17 17 17 18 18 18 13 11 11 11 11 8 7 7 7 3 3 3 4 4 4 4 4 4 -3 -3 -3 1
7 7 12 12 12 16 16 17 11 11 11 12 12 11 6 6 6 2 2 2 2 2 2 3 3 2 0 0 0 -3
11 11 12 12 12 12 12 12 6 6 6 6 6 5 -2 -2 -2 3 3 3 -2 -2 -2 -3 -3 -3 1 1 2 -4
8 7 13 13 15 12 12 12 8 8 8 1 1 1 1 -3 -3 2 2 2 -2 -2 -2 -3 -3 -3 -2 -2 -2 -2
11 11 16 16 16 16 16 16 14 14 7 2 1 1 0 0 0 -3 -3 -3 1 1 1 -2 -2 -2 1 1 1 0
13 14 14 14 16 14 14 14 12 11 10 8 8 7 5 5 4 0 0 0 2 2 2 2 2 3 4 4 4 4
14 14 16 16 20 19 19 19 17 12 12 11 11 4 4 4 6 2 2 2 5 5 2 1 1 1 3 3 4 -1
12 12 24 24 24 22 22 19 16 11 10 7 7 7 3 3 3 -2 -1 -1 -1 -2 -2 1 1 1 2 2 2 3
12 12 15 15 18 23 23 23 16 16 12 11 4 3 2 2 2 0 -2 -2 3 3 3 -2 -2 -2 5 5 6 0
7 7 12 12 12 20 20 19 15 15 14 12 10 8 2 2 2 1 1 1 0 0 0 5 5 5 0 0 0 -1
15 18 20 20 24 27 27 25 20 20 12 11 6 6 3 3 3 5 5 5 -2 -2 -2 3 3 2 0 0 0 4
18 18 21 21 21 29 29 31 27 27 27 24 24 16 12 8 8 1 1 1 5 5 7 8 8 7 7 7 6 4
14 14 24 24 24 31 31 29 20 20 12 5 5 5 3 -1 -1 1 1 6 0 0 0 4 4 4 0 0 0 4
9 9 15 15 20 26 26 23 17 16 11 10 5 5 2 2 2 6 6 6 -1 -1 -1 2 2 2 -1 -1 -1 1
14 14 15 16 16 16 24 24 17 13 13 13 7 6 4 0 0 0 1 1 1 3 3 1 1 1 2 3 3 3
16 16 20 22 22 36 39 40 41 41 37 25 22 17 15 14 10 6 6 5 1 1 1 6 6 4 4 4 4 2
16 16 26 26 29 34 34 36 33 33 33 37 37 37 37 34 34 30 30 24 20 20 14 11 11 11 9 9 8 1
15 16 19 19 22 21 21 21 26 26 26 25 25 19 19 19 13 12 12 9 2 2 2 4 4 4 6 6 6 6
16 16 25 25 24 24 24 27 27 27 20 16 16 13 5 4 4 2 2 2 6 6 8 6 6 5 -2 -2 -2 4
19 19 13 13 13 11 11 11 7 7 7 7 7 4 3 3 1 1 1 4 7 7 6 5 5 5 0 0 0 7
12 12 12 12 12 9 9 8 5 5 5 4 4 4 2 2 2 3 3 3 2 2 2 4 4 5 0 0 0 2
17 17 21 21 21 19 19 19 20 20 10 10 10 6 6 6 6 6 6 6 5 5 5 6 6 6 3 3 3 1
18 20 20 22 22 13 10 10 7 4 4 4 3 3 3 3 3 3 3 3 0 0 0 0 0 0 0 -2 -2 -2
12 12 12 12 12 16 16 16 14 14 12 6 6 5 2 2 2 3 3 2 -5 -5 -5 4 4 4 4 4 5 1
9 10 17 17 21 25 25 27 24 24 23 14 12 6 4 4 4 0 1 1 4 4 1 1 1 2 -2 -2 -2 3
8 8 11 11 11 9 9 9 8 8 5 5 5 7 4 4 2 2 2 6 2 2 2 2 2 2 2 2 2 5
13 13 12 12 12 10 10 10 9 9 7 4 4 4 5 5 5 6 6 2 2 2 3 3 3 5 0 0 0 2
11 11 12 16 16 17 18 18 12 8 8 8 3 3 3 2 2 2 2 2 3 2 2 2 0 0 0 -1 -1 -1
15 19 25 25 19 19 19 15 7 7 7 7 7 8 7 7 4 3 3 3 1 1 1 0 0 0 2 2 2 3
14 14 12 12 11 8 8 8 3 3 3 5 5 5 6 6 5 0 0 0 4 4 7 4 4 4 5 5 6 2
18 19 17 17 15 13 13 11 6 6 6 4 4 4 2 2 2 5 5 3 2 2 2 1 1 1 3 3 3 4
21 21 31 33 38 35 35 26 22 17 6 4 4 4 5 5 4 4 4 2 2 2 2 7 7 4 4 4 3 3
6 6 15 15 15 23 23 21 14 14 11 6 6 6 -1 -1 -1 1 1 1 -1 -1 -1 0 0 0 2 2 2 0
13 13 15 15 16 16 16 8 5 2 2 5 5 5 2 2 2 3 3 3 4 4 4 1 1 1 -1 -1 -1 -1
18 18 17 14 9 6 4 4 4 4 4 -2 -2 -2 2 2 2 0 0 0 -1 -1 -1 3 3 2 2 2 2 -1
19 21 33 33 38 32 30 20 18 18 8 3 3 0 -2 -2 -2 -3 -3 -3 1 1 1 2 2 2 3 3 1 1
13 16 19 19 19 12 11 11 9 5 5 6 6 4 -1 -1 -1 4 4 4 4 4 5 1 1 1 1 1 4 4
13 13 13 13 13 10 10 10 6 5 5 1 1 1 3 3 2 0 0 0 0 0 0 3 3 5 0 0 0 4
13 16 16 16 13 13 13 6 6 6 4 2 2 2 4 4 4 -1 -1 -1 2 2 2 -4 -4 -4 3 3 3 2
12 12 16 16 16 25 25 22 20 20 13 10 10 10 7 7 7 2 2 2 3 3 3 4 4 3 3 3 3 0
19 19 24 36 36 41 38 38 27 24 20 11 9 9 4 0 0 0 4 4 4 -2 -2 -2 1 1 5 4 4 3
13 16 24 24 29 26 26 21 15 15 10 4 4 4 3 3 3 4 4 4 1 1 1 2 2 2 2 2 4 2
11 13 20 20 20 24 24 24 18 18 12 8 8 7 1 1 1 0 0 0 0 0 0 2 2 1 1 1 3 -2
17 17 23 23 26 28 28 28 22 22 17 9 9 6 6 6 4 3 3 3 1 1 1 3 3 4 1 1 1 -2
10 10 17 17 23 33 33 31 18 18 16 7 7 5 1 1 1 -2 -2 -2 -2 -2 -2 -3 -3 -3 -2 -2 -2 -3
14 15 15 15 15 15 15 15 12 12 11 1 1 1 -2 -2 -2 0 0 0 -3 -3 -3 -2 -2 -2 -2 -2 -2 0
14 14 18 18 18 22 22 22 12 12 11 5 5 5 -1 -1 -1 2 2 2 0 0 0 2 2 2 2 2 2 1
10 10 6 6 6 13 13 10 7 7 7 2 2 2 4 4 4 4 4 4 2 2 2 -1 -1 -1 0 0 0 1
15 14 15 15 15 18 18 17 2 2 2 4 4 4 -1 -1 -1 2 2 1 -2 -2 -2 -3 -3 -3 0 0 0 1
14 14 19 19 19 19 19 19 9 9 9 1 1 1 1 1 1 -3 -3 -3 0 0 0 1 1 1 1 1 1 -3
11 11 18 18 18 30 30 30 19 19 19 14 14 14 3 3 3 0 0 0 3 3 3 -2 -2 -2 -4 -4 -4 -3
11 11 14 14 14 31 31 33 33 33 33 15 15 13 4 4 4 -1 -1 -1 1 1 1 0 0 0 1 1 1 -2
15 15 28 28 28 42 42 42 28 28 28 15 15 15 6 6 6 0 0 0 1 1 3 2 2 2 -1 -1 -1 -3
13 13 19 19 19 20 20 20 22 22 16 10 10 10 -1 -1 -1 -1 -1 -1 -1 -1 -1 2 2 2 -1 -1 -1 3
14 15 18 18 18 28 28 28 29 29 27 23 23 23 13 13 11 3 3 3 3 3 3 3 3 3 2 2 2 -1
10 10 18 18 18 28 28 35 38 38 38 26 26 26 21 21 12 5 2 2 0 0 0 -3 -3 -3 1 1 1 1
14 14 17 17 20 23 23 18 18 18 20 4 4 4 2 2 1 1 1 3 -2 -2 -2 4 4 5 0 0 0 1
13 14 27 27 31 37 37 32 20 20 13 8 8 5 4 4 1 1 1 2 4 4 4 2 2 2 3 3 3 2
12 15 16 16 16 17 17 17 12 12 12 6 6 4 4 4 4 4 4 4 5 5 5 1 1 1 3 3 3 5
14 14 19 19 19 24 24 24 27 27 27 21 21 18 12 12 10 2 2 2 0 0 0 1 1 1 4 4 4 -2
23 23 24 24 24 26 26 22 15 15 15 12 12 10 5 5 5 1 1 1 0 0 0 3 3 1 -2 -2 -2 -4
16 19 20 20 21 32 32 32 29 29 25 16 16 11 11 11 6 3 3 0 0 0 2 0 0 0 2 2 2 -1
16 16 26 26 26 34 34 35 41 41 39 37 37 37 37 37 37 37 37 4 -2 -2 -2 1 1 1 4 4 4 3
14 14 11 11 11 6 6 6 7 7 7 4 4 4 2 2 2 -2 -2 -2 3 3 3 0 0 0 6 6 6 2
17 17 23 23 23 17 17 17 9 9 9 2 2 2 -4 -4 -4 1 1 1 0 0 0 3 3 3 2 2 2 0
9 9 14 14 14 11 11 11 7 7 7 4 4 4 -2 -2 -2 1 1 1 -1 -1 -1 3 3 3 -3 -3 -3 -2
10 10 18 15 15 8 8 8 5 5 5 1 1 1 0 0 0 0 0 0 3 3 3 -4 -4 -4 4 4 4 -2
15 15 15 15 15 7 7 7 6 6 6 3 3 3 0 0 0 4 4 4 1 1 1 4 4 4 3 3 3 -3
7 7 10 10 10 6 6 6 0 0 0 -1 -1 -1 0 0 0 1 1 1 0 0 0 -3 -3 -3 4 4 4 0
11 12 12 12 10 10 10 8 6 6 4 4 4 0 0 0 -1 -1 -1 4 4 4 0 0 0 5 6 6 0 0
8 8 10 10 10 7 7 7 4 4 4 -2 -2 -2 6 6 6 0 0 0 -1 -1 -1 -1 -1 -1 6 6 6 -2
9 9 12 12 12 10 10 10 4 4 4 2 2 2 -1 -1 -1 -2 -2 -2 1 1 1 2 2 2 5 5 5 -1
7 7 5 5 5 2 2 2 -4 -4 -4 -1 -1 -1 -3 -3 -3 -1 -1 -1 1 1 1 -1 -1 -1 2 2 2 2
10 10 8 8 8 1 1 1 6 6 6 4 3 3 0 0 0 -1 -1 -1 4 4 4 2 2 2 5 5 5 -1
19 19 13 13 13 7 7 7 5 5 5 1 1 1 4 4 4 4 7 7 5 5 5 2 2 2 4 4 4 1
11 14 14 14 10 10 10 7 7 7 6 6 6 -2 -2 -2 3 3 3 2 2 2 0 0 0 -3 -3 -3 -1 -1
11 11 8 8 8 7 6 6 4 4 4 2 2 2 -3 -3 -3 -2 -2 -2 0 0 0 0 0 0 -3 -3 -3 5
9 14 14 14 17 16 16 9 9 9 2 2 2 -3 -3 -3 0 0 0 -2 -2 -2 0 0 0 0 0 0 -1 -1
13 13 13 13 13 7 7 7 7 6 6 3 3 3 -2 -2 -2 -2 -2 -2 0 0 0 0 0 0 1 1 1 0
14 13 13 13 12 12 12 8 8 8 4 4 4 2 2 2 -1 -1 -1 2 2 2 1 1 1 1 1 1 5 5
10 10 12 12 12 9 9 9 1 1 1 4 4 4 0 0 0 -3 -3 -3 3 3 3 0 0 0 -2 -2 -2 -4
6 6 13 13 13 18 18 18 13 11 11 4 4 4 4 4 4 3 3 3 0 0 0 3 3 3 0 0 0 -4
14 14 9 9 9 7 7 7 7 7 7 6 6 5 5 5 5 -4 -4 -4 -3 -3 -3 0 0 0 1 1 1 0
8 8 7 7 7 3 3 3 4 4 4 0 0 0 0 0 0 0 0 0 0 0 0 5 5 5 2 2 2 -1
9 9 14 14 14 7 7 7 4 4 4 1 1 1 3 3 3 2 2 2 -2 -2 -2 -4 -4 -4 2 2 2 0
17 17 15 15 15 15 15 15 12 12 12 3 3 3 3 3 3 6 6 6 2 2 2 0 0 0 0 0 0 3
14 14 15 15 15 16 16 16 12 12 12 3 3 3 1 1 1 -3 -3 -3 -1 -1 0 0 0 0 6 6 6 1
15 15 22 22 22 10 10 10 7 7 7 7 7 7 7 6 6 1 1 1 2 2 2 1 1 1 1 1 1 5
16 16 15 15 15 7 7 7 6 6 6 1 1 1 4 4 4 2 2 2 2 2 2 -4 -4 -4 4 4 4 0
11 11 9 9 9 6 6 6 3 3 3 1 1 1 6 6 6 4 4 4 0 0 0 -1 -1 -1 1 1 1 1
13 13 14 14 14 12 12 12 3 3 3 0 0 0 1 0 0 4 4 4 4 4 4 -2 -2 -2 2 2 2 -3
10 10 14 14 14 9 9 9 6 6 6 5 5 5 7 7 7 1 1 1 -2 -2 -2 1 1 1 6 6 6 6
10 10 11 11 11 8 8 8 3 3 3 1 1 1 0 0 0 2 2 2 0 0 0 -3 -3 -3 -1 -1 -1 3
11 18 18 18 7 7 7 7 7 7 4 4 4 0 0 0 -1 -1 -1 1 1 1 2 2 2 4 4 4 -1 -1
15 15 15 15 15 13 11 11 3 3 3 2 2 2 2 2 2 2 2 2 1 1 1 2 2 2 3 3 3 0
10 9 9 9 11 11 11 7 7 7 6 6 6 0 0 0 1 1 1 0 0 0 1 1 1 0 0 0 0 0
15 15 14 14 14 9 9 9 9 8 8 7 7 7 -3 -3 -3 -3 -3 -3 1 1 1 -1 -1 -1 4 4 4 3
16 13 13 13 12 12 12 9 9 9 3 3 3 7 7 7 7 7 7 3 3 3 8 8 8 3 3 3 3 3
23 23 18 18 18 9 9 9 2 2 2 2 2 2 5 5 5 3 3 3 2 2 2 5 5 5 2 2 2 0
10 10 13 13 13 10 10 10 4 4 4 1 1 1 1 1 1 -1 -1 -1 4 4 4 2 2 2 1 1 1 3
10 10 6 6 6 4 4 4 0 0 0 4 4 4 -1 -1 -1 -1 -1 -1 0 0 0 1 1 1 4 4 4 3
10 10 12 12 12 6 6 6 5 5 5 3 3 3 0 0 0 -1 -1 -1 1 1 1 5 5 5 4 4 4 1
11 11 12 12 12 7 7 7 6 6 6 0 0 0 2 2 2 -2 -2 -2 -1 -1 -1 4 4 4 3 2 2 -3
14 14 7 7 7 5 5 5 6 6 6 1 1 1 0 0 0 0 0 0 0 0 0 -2 -2 -2 -1 -1 -1 1
12 12 11 11 11 6 6 6 3 3 3 4 4 4 3 3 3 -2 -2 -2 1 1 1 -2 -2 -2 2 2 2 -1
13 13 6 6 6 3 3 3 -5 -5 -5 1 1 1 0 0 0 -1 -1 -1 -4 -4 -4 -4 -4 -4 3 3 3 2
9 9 18 18 18 9 9 9 5 5 5 1 1 1 -2 -2 -2 -3 -3 -3 -3 -3 -3 -2 -2 -2 2 2 2 0
10 10 8 8 8 0 0 0 4 4 4 2 2 2 -4 -4 -4 2 2 2 2 2 2 -3 -3 -3 -3 -3 -3 -5
9 11 11 11 9 9 9 1 1 1 2 2 2 2 2 2 1 1 1 0 0 0 2 2 2 1 1 1 -4 -4
11 11 13 13 13 15 14 14 7 7 7 6 6 6 0 0 0 1 1 1 -2 -2 -2 2 2 2 0 0 0 2
12 10 10 10 13 13 13 11 10 10 3 3 3 6 6 6 7 7 7 0 0 0 1 1 1 3 3 3 3 3
10 10 19 20 20 11 11 11 10 10 10 -6 -6 -6 5 5 5 0 0 0 -2 -2 -2 3 3 3 -2 -2 -2 -1
7 7 9 9 9 8 8 8 7 7 7 -1 -1 -1 -1 -1 -1 4 4 4 3 3 3 7 7 7 -2 -2 -2 4
