28 30 35 35 33 30 30 30 25 23 22 12 11 11 3 3 3 4 4 3 1 1 1 2 2 2 3 3 3 3
14 14 30 30 30 30 30 30 23 23 20 19 15 13 11 5 5 0 0 0 2 2 2 1 1 1 0 0 0 2
22 26 39 39 39 34 34 33 29 29 29 24 20 19 18 15 9 7 4 4 2 2 2 0 0 0 0 0 0 -1
15 16 26 26 26 29 29 29 27 26 26 17 17 14 13 7 4 4 4 4 4 4 4 0 0 0 0 0 0 2
17 18 26 26 26 32 32 33 32 32 32 32 32 26 24 22 22 16 16 15 11 11 6 5 5 5 2 2 2 1
17 17 23 28 32 44 44 44 47 47 47 43 43 43 42 39 37 35 35 25 23 19 19 10 10 10 4 4 4 7
23 24 25 31 32 32 37 37 37 39 39 39 35 35 35 30 29 26 22 22 18 14 14 10 8 8 4 4 4 3
24 26 42 42 45 50 50 45 40 39 36 26 25 22 19 14 14 9 7 6 2 2 2 4 4 1 -1 -2 -2 1
15 15 23 29 30 41 41 41 46 46 46 42 42 40 37 37 35 30 24 24 17 14 10 8 4 4 1 1 1 3
22 24 30 30 30 41 41 42 41 41 38 37 37 37 31 31 24 18 17 17 11 10 10 6 6 6 7 7 7 4
27 27 27 38 39 43 49 49 41 41 39 33 32 32 29 25 25 25 13 13 11 7 6 6 1 1 1 2 2 2
20 20 32 32 35 41 43 45 53 53 55 51 51 51 46 44 43 35 33 28 19 14 13 12 8 6 5 5 5 5
19 19 28 28 30 30 30 30 29 29 29 27 24 24 21 21 21 20 16 16 15 14 14 10 10 7 3 3 3 3
17 24 24 28 33 33 35 31 31 31 31 31 31 29 29 27 22 16 14 12 10 5 4 1 1 2 2 2 1 1
20 20 27 27 27 35 35 35 36 36 36 32 32 32 32 32 32 30 30 21 18 14 11 10 10 7 5 5 5 2
11 21 22 22 39 39 43 43 43 47 43 43 43 40 40 38 33 33 30 21 21 15 15 9 9 3 3 3 3 3
16 19 25 25 26 31 31 34 31 31 28 23 21 21 20 18 17 13 13 13 10 4 4 6 6 6 4 4 4 0
24 26 32 39 39 39 41 41 41 41 41 34 26 24 16 13 10 10 10 10 11 5 5 4 0 0 0 -1 -1 -1
19 19 28 27 29 33 33 33 34 34 34 31 31 31 27 27 23 22 19 15 10 10 6 3 3 2 2 2 3 2
13 16 28 35 38 45 45 45 55 55 55 54 54 51 42 42 30 25 18 18 15 12 11 8 8 5 3 3 3 3
15 16 33 33 33 43 43 43 47 47 47 49 49 47 40 39 33 22 21 21 11 10 6 5 5 4 4 4 1 -8
16 16 23 23 23 32 32 32 38 38 41 50 50 52 55 55 56 57 57 57 57 57 50 48 48 36 30 23 15 15
21 21 23 26 26 26 34 34 34 39 39 39 36 36 36 30 30 26 19 19 18 10 10 7 7 7 1 1 1 2
23 23 32 32 35 35 35 37 33 33 30 27 27 16 16 16 13 12 12 6 6 6 5 1 1 1 -1 -1 -1 -3
18 18 26 26 28 38 38 41 47 47 48 47 47 39 34 34 30 18 18 18 11 11 8 8 8 4 2 2 2 -1
19 24 33 33 38 53 53 56 60 60 56 55 55 41 34 34 20 11 7 6 2 2 2 6 6 6 -1 -1 -1 -1
18 22 34 34 36 45 45 48 51 51 51 40 40 35 25 25 13 7 6 5 -5 -5 -5 -2 -2 -2 2 2 2 -1
18 18 27 27 27 35 35 35 40 40 40 49 49 48 44 44 44 40 40 34 29 29 19 14 8 8 6 6 6 1
12 14 18 18 18 23 23 23 28 28 28 32 32 32 32 32 32 34 34 34 26 26 23 15 15 15 10 10 10 1
17 19 25 25 25 35 35 36 38 38 38 45 45 45 41 41 41 33 33 33 23 23 23 18 18 15 9 9 9 5
19 19 23 23 28 39 39 40 49 49 49 52 52 52 49 49 44 37 37 30 19 19 19 16 16 16 7 7 7 0
15 15 15 15 15 25 25 25 34 34 34 34 34 34 42 42 42 41 41 41 38 38 38 26 26 24 16 16 14 10
17 17 23 23 24 35 35 35 39 39 39 48 48 48 43 43 43 37 37 37 25 25 25 16 16 16 12 12 10 3
22 22 29 29 33 39 39 39 38 38 38 41 41 41 41 41 41 39 39 39 33 32 26 21 21 16 14 14 14 8
25 25 36 36 36 49 49 49 44 44 44 40 40 34 26 26 24 15 15 15 4 4 4 2 2 2 1 1 1 2
11 11 24 24 28 42 42 43 51 51 52 56 56 57 46 46 46 35 35 29 16 16 16 6 6 6 6 6 5 -3
13 13 25 25 25 37 37 37 52 52 55 57 57 57 54 54 50 44 44 42 35 35 26 16 16 16 6 6 6 1
15 15 26 26 26 32 32 32 28 28 28 26 26 26 17 17 17 8 8 8 2 2 2 3 3 3 -3 -3 -3 0
23 23 32 32 32 39 39 39 46 46 46 40 40 36 29 29 21 12 12 12 2 2 2 9 9 10 1 1 1 4
21 21 22 22 22 22 22 22 23 23 23 26 26 25 17 17 17 10 10 10 15 15 11 0 0 0 3 3 3 -2
19 19 25 25 25 35 35 35 30 30 30 25 25 25 17 17 17 12 12 12 5 5 5 -6 -6 -6 1 1 1 1
21 21 30 30 30 40 40 40 44 44 44 42 42 42 40 40 39 21 20 20 10 10 10 7 7 7 3 3 3 -2
22 22 27 27 27 32 32 32 35 35 35 26 26 26 26 26 24 14 14 14 12 12 11 2 2 2 -1 -1 -1 3
22 22 25 25 25 23 23 23 22 22 22 15 15 15 14 14 14 11 11 11 -1 -1 -1 4 4 4 -1 -1 -1 2
19 19 25 25 25 26 26 26 27 27 27 28 28 28 22 22 22 13 13 13 10 10 10 8 8 8 -1 -1 -1 0
15 15 21 21 21 21 21 21 24 24 24 23 23 23 21 21 21 12 12 12 12 12 12 5 5 5 2 2 2 4
17 17 20 20 20 23 23 23 26 26 26 26 26 26 18 18 18 13 13 13 7 7 7 5 5 5 3 3 3 -1
15 15 24 24 24 29 29 29 26 26 26 20 20 20 16 16 16 3 2 2 9 9 9 1 1 1 -4 -4 -4 4
15 15 25 25 25 28 28 28 29 29 29 24 24 24 23 23 20 17 17 17 7 7 7 6 6 6 5 5 5 4
18 18 20 20 20 26 26 26 27 27 27 24 24 24 19 19 19 16 16 16 10 10 10 -2 -2 -2 1 1 1 3
19 19 22 22 22 25 25 25 27 27 27 29 29 29 28 28 25 17 17 17 10 10 10 8 8 8 3 3 3 7
22 22 29 29 29 34 34 34 38 38 38 38 38 38 37 37 37 28 28 28 18 18 18 9 9 9 3 3 3 3
17 17 29 29 29 35 35 35 36 36 36 33 33 33 31 31 31 25 25 25 14 14 14 8 8 8 2 2 2 2
11 11 23 23 23 31 31 31 43 43 43 52 52 52 42 42 42 35 35 29 16 16 16 10 10 10 4 4 4 2
24 24 38 38 38 48 48 48 59 59 59 58 58 58 57 57 49 40 40 34 17 15 15 9 9 9 7 7 7 0
17 17 23 23 23 30 30 30 37 37 37 35 35 35 22 22 22 14 14 14 8 8 8 5 5 5 2 2 2 4
18 18 18 18 18 25 25 25 24 24 24 24 24 24 12 12 12 5 5 5 1 1 1 -3 -3 -3 -2 -1 -1 1
22 22 18 18 18 24 24 24 16 16 16 17 17 16 10 10 10 9 9 8 3 3 3 2 2 2 -1 -1 -1 2
20 20 19 19 19 20 20 20 14 14 14 8 8 8 8 8 8 2 2 2 0 0 0 0 0 0 5 5 5 1
19 19 26 26 26 22 22 22 18 18 18 20 20 18 13 12 12 6 6 6 2 2 2 -1 -1 -1 3 3 3 0
14 14 14 14 14 14 14 14 13 13 13 11 11 11 8 8 8 7 7 7 -5 -5 -5 4 4 4 3 3 3 7
15 15 19 19 19 29 29 29 24 24 24 35 35 35 35 35 35 29 29 29 20 20 20 9 9 9 7 7 7 -1
14 14 16 16 16 15 15 15 17 17 17 9 9 9 3 3 3 3 3 3 2 2 2 -2 -1 -1 4 4 4 1
14 14 17 17 17 26 26 26 21 21 21 21 21 21 19 19 19 15 15 15 3 3 3 1 1 1 4 4 4 6
20 20 15 15 15 16 16 16 10 10 10 17 17 17 9 9 9 7 7 7 4 4 4 5 5 5 3 3 3 3
20 20 20 20 20 20 20 20 12 12 12 6 6 6 2 2 2 7 7 7 -7 -7 -7 0 0 0 4 4 4 4
17 17 28 28 28 30 30 30 24 24 24 20 20 20 19 19 19 12 12 12 10 10 10 4 4 4 6 6 6 3
17 17 19 19 19 22 22 22 20 20 20 18 18 18 12 12 12 10 10 10 10 10 10 5 5 5 5 5 5 4
17 17 15 15 15 14 14 14 6 6 6 6 6 6 5 5 5 1 1 1 3 3 3 2 2 2 0 0 0 0
15 15 28 28 28 35 35 35 32 32 32 26 26 26 22 22 22 11 11 11 9 9 9 7 7 7 -1 -1 -1 7
12 12 25 25 25 30 30 30 26 26 26 20 20 20 15 15 15 15 15 12 7 7 7 8 8 8 6 6 6 -2
21 21 19 19 19 22 22 22 20 20 20 23 23 23 12 12 12 8 8 8 7 7 7 6 6 6 4 4 4 3
18 18 23 23 23 20 20 20 20 20 20 20 20 20 18 18 18 12 12 12 6 6 6 3 3 3 3 3 3 -15
16 16 27 27 27 35 35 35 34 34 34 29 29 29 20 20 20 10 10 10 8 8 8 0 0 0 2 2 2 1
17 17 22 22 22 30 30 30 30 30 30 26 26 26 22 22 22 18 18 18 13 13 13 8 8 8 6 6 6 1
12 12 22 22 22 24 24 24 31 31 31 31 31 31 28 28 28 19 19 19 16 16 16 12 12 12 8 8 8 0
15 15 19 19 19 26 26 26 18 18 18 15 15 15 15 15 13 6 6 6 7 7 7 6 6 6 6 6 6 0
13 13 26 26 26 33 33 33 27 27 27 21 21 21 16 16 16 11 11 11 9 9 9 5 5 5 7 7 7 4
15 15 24 24 24 26 26 26 28 28 28 29 29 29 26 26 26 15 15 15 14 14 14 12 12 12 2 2 2 7
18 18 23 23 23 27 27 27 35 35 35 29 29 29 23 23 23 13 13 13 7 7 7 6 6 6 5 5 5 3
14 14 23 23 23 21 21 21 17 17 17 16 16 16 12 12 12 12 12 12 12 12 12 5 5 5 2 2 2 14
16 16 22 22 22 27 27 27 25 25 25 20 20 20 16 16 16 14 14 14 12 12 12 15 15 11 3 3 3 4
22 22 21 21 21 26 26 26 25 25 25 23 23 23 19 19 18 12 12 12 8 8 8 6 6 6 9 9 9 3
15 15 19 19 19 19 19 19 18 18 18 11 11 11 8 8 8 3 3 3 0 0 0 4 4 4 5 5 5 1
16 16 22 22 22 22 22 22 25 25 25 18 18 18 11 11 11 9 9 9 10 10 10 8 8 8 3 3 3 1
14 14 14 14 14 13 13 13 16 16 16 10 10 10 7 7 7 1 1 1 3 3 3 3 3 3 -1 -1 -1 5
18 18 15 15 15 15 15 15 10 10 10 7 7 7 9 9 9 2 2 2 2 2 2 4 4 4 4 4 4 3
15 15 14 14 14 18 18 18 20 20 20 17 17 17 12 12 12 6 6 6 4 4 4 3 3 3 8 8 8 3
23 23 26 26 26 26 26 26 16 16 16 7 7 7 6 6 6 5 5 5 3 3 3 5 5 5 7 7 7 -3
19 19 10 10 10 14 14 14 9 9 9 7 7 7 2 2 2 2 2 2 4 4 4 0 0 0 1 1 1 4
15 15 16 16 16 20 20 20 19 19 19 10 10 10 12 12 12 4 4 4 7 7 7 4 4 4 3 3 3 0
17 17 18 18 18 15 15 15 15 15 15 10 10 10 2 2 2 6 6 6 1 1 1 6 6 6 4 4 4 7
18 18 18 18 18 22 22 22 27 27 27 20 20 20 19 19 19 13 13 13 8 8 8 7 7 7 3 3 3 4
15 15 19 19 19 21 21 21 18 18 18 23 23 23 20 20 18 11 11 11 9 9 9 6 6 6 2 2 2 -1
19 19 21 21 21 27 27 27 20 20 20 21 21 21 20 20 18 14 14 14 5 5 5 7 7 7 5 5 5 7
20 20 24 24 24 27 27 27 22 22 22 20 20 20 14 14 14 8 8 8 6 6 6 9 9 9 6 6 6 6
16 16 22 22 22 19 19 19 16 16 16 18 18 18 9 9 9 13 13 13 6 6 6 5 5 5 5 5 5 2
17 17 20 20 20 27 27 27 21 21 21 20 20 20 20 20 20 16 16 16 9 9 9 5 5 5 1 1 1 2
15 15 19 19 19 28 28 28 26 26 26 20 20 20 22 22 22 17 17 17 16 16 16 12 12 12 8 8 8 2
23 23 24 24 24 22 22 22 23 23 23 24 24 24 23 23 23 18 18 18 16 16 16 10 10 10 4 4 4 1
23 34 42 50 55 55 32 32 32 8 8 8 6 6 6 6 6 6 1 1 1 0 0 0 2 2 2 1 1 1
15 25 28 28 37 35 35 22 20 20 11 11 11 2 2 2 -1 -1 -1 -1 -1 -1 -1 -1 -1 3 3 2 -1 -1
19 19 27 32 32 40 44 44 32 32 32 16 16 16 4 4 4 2 2 2 4 4 4 4 4 4 1 1 1 0
22 22 25 25 25 33 33 33 29 25 25 11 11 11 5 5 5 4 4 4 -3 -3 -2 3 3 3 -1 -1 -1 5
16 16 25 25 25 35 35 35 31 31 31 15 15 15 5 5 5 0 0 0 0 0 0 1 1 1 -1 -1 -1 0
17 17 25 25 25 28 28 28 29 29 29 21 21 21 12 12 12 3 3 3 3 3 3 0 0 0 -1 -1 -1 -1
21 23 35 37 37 46 46 46 36 35 35 24 24 24 14 14 14 4 4 4 -1 -1 -1 2 2 2 -2 -2 -1 0
25 25 29 30 30 33 35 35 30 30 30 22 22 22 13 13 13 0 0 0 4 4 4 5 5 5 3 3 3 0
17 28 31 33 43 51 51 52 52 52 40 32 32 14 14 14 1 1 1 3 3 3 0 0 0 -1 -1 -1 -2 -2
17 17 28 31 31 32 32 32 25 24 24 14 14 14 12 12 12 2 2 2 6 6 6 3 3 3 1 1 1 0
21 21 25 25 25 30 30 30 21 21 21 18 14 14 7 7 7 3 3 3 -4 -4 -4 2 2 2 5 3 3 1
25 25 32 35 35 27 27 27 23 23 23 13 13 12 4 4 4 1 1 1 3 5 5 -1 -1 -1 2 2 2 1
24 24 28 28 28 25 25 25 21 19 19 14 13 13 6 6 6 4 4 4 4 4 4 2 2 2 3 3 3 1
26 26 27 27 27 28 28 28 19 19 19 15 15 15 7 7 7 7 7 7 6 6 6 1 1 1 1 1 1 3
18 22 22 22 24 24 24 17 17 17 4 4 4 5 5 5 5 5 5 3 3 3 4 4 4 1 1 1 7 4
25 25 27 27 27 25 25 25 13 13 13 10 9 9 9 11 11 1 1 1 3 3 3 2 2 2 1 1 1 4
21 21 29 29 29 28 28 28 20 20 20 5 5 5 3 3 3 2 2 2 3 3 3 1 1 1 3 3 3 -3
20 20 22 22 22 15 15 15 9 9 9 3 3 3 2 2 2 4 4 4 5 5 5 1 1 1 1 1 1 1
22 22 29 29 29 27 27 27 22 22 22 11 11 11 14 14 14 8 8 8 3 3 3 2 2 2 4 4 4 2
19 19 27 29 29 35 36 36 37 37 37 28 28 28 22 22 22 12 12 12 7 7 7 0 0 0 2 2 2 1
19 19 17 17 17 19 19 19 25 25 25 17 17 17 14 14 14 9 9 9 3 3 3 2 2 2 4 4 4 5
26 28 37 41 41 38 38 38 30 30 30 24 24 24 15 15 15 10 10 10 9 9 9 2 2 2 6 6 6 4
23 23 30 30 30 23 23 23 12 12 12 5 5 4 -1 -1 -1 1 1 1 0 0 0 0 0 0 -1 -1 -1 -2
24 24 34 34 34 26 26 26 17 17 17 4 4 4 2 2 2 1 1 1 0 0 0 0 0 0 0 0 0 1
17 17 26 27 27 28 28 28 23 23 23 12 12 12 4 4 4 2 2 2 0 0 0 1 1 1 0 0 0 -1
19 19 24 24 24 28 24 24 11 11 11 5 5 5 -4 -4 -4 3 3 3 -3 -3 -3 0 0 0 -1 -1 -1 -1
19 19 23 23 23 19 19 19 10 8 8 4 4 4 3 3 3 3 3 3 0 0 0 0 0 0 0 0 0 -1
14 14 24 32 32 30 30 30 26 26 26 15 15 15 3 3 3 -1 -1 -1 1 1 1 -1 -1 -1 3 3 3 0
16 26 30 30 24 24 24 19 19 19 11 11 11 5 5 5 1 1 1 4 4 4 1 1 1 3 3 3 2 2
21 21 24 25 25 17 17 17 12 12 12 6 6 6 5 5 5 1 1 1 2 1 1 2 2 2 3 3 3 -1
22 22 22 22 22 17 17 17 13 13 13 4 4 4 5 5 5 1 1 1 3 3 3 1 1 1 -1 -1 -1 2
27 27 30 27 27 20 20 20 14 14 14 6 6 6 2 2 2 -2 -2 -2 2 2 2 0 0 0 2 2 2 0
15 26 26 26 28 28 28 24 24 24 19 19 19 10 10 10 5 5 5 5 5 5 4 4 4 4 4 4 3 3
19 19 28 29 29 30 30 30 30 29 29 17 17 17 9 9 9 7 7 7 5 5 5 6 6 6 1 1 1 4
22 22 21 21 21 15 15 15 11 11 11 10 10 10 3 3 3 1 1 1 6 7 7 6 6 6 5 4 4 0
18 18 19 19 19 19 19 19 20 15 15 5 5 5 10 10 10 8 8 8 4 4 4 8 7 7 0 0 0 2
17 17 24 29 29 31 31 31 29 29 29 17 17 17 6 6 6 7 7 7 0 0 0 1 1 1 0 0 0 4
15 15 19 19 19 24 24 24 16 15 15 9 9 9 1 1 1 4 4 4 0 0 0 1 1 1 4 4 4 3
21 21 25 25 25 26 26 26 24 24 24 15 15 15 8 8 8 6 6 6 2 2 2 1 1 1 5 5 5 2
22 22 25 25 25 15 15 15 6 6 6 8 8 8 6 6 6 4 4 3 4 4 4 3 3 3 4 4 4 3
16 16 21 21 21 17 17 17 16 16 16 13 9 9 3 3 3 1 1 1 1 1 1 1 1 1 4 4 4 -1
19 19 15 15 15 14 14 14 7 7 7 2 2 2 1 1 1 -1 -1 -1 1 1 1 0 0 0 1 1 1 0
15 15 19 19 19 17 17 17 5 5 5 7 6 6 1 1 1 -2 -2 -2 1 1 1 -1 -1 -1 0 0 0 -1
25 25 27 27 27 19 19 19 16 16 16 5 5 5 3 3 3 -3 -3 -3 1 1 1 0 0 0 -2 -2 -2 -2
17 17 22 22 22 21 21 21 10 10 10 12 12 12 5 5 5 2 2 2 4 4 4 1 1 1 0 0 0 2
16 16 23 23 23 24 24 24 18 18 18 14 13 12 7 7 7 -1 -1 -1 1 1 1 5 5 5 0 0 0 1
14 24 26 26 19 19 19 12 12 12 8 8 8 6 6 6 -1 -1 -1 3 3 3 3 3 3 -2 -2 -2 2 2
27 27 34 34 34 30 30 30 16 16 16 6 6 6 3 3 3 1 1 1 1 1 1 0 0 0 3 3 3 2
15 15 15 15 15 15 15 15 13 13 13 10 10 10 6 5 5 -2 -2 -2 3 3 3 2 2 2 0 0 0 -1
16 16 20 20 20 14 14 14 9 9 9 3 3 3 1 1 1 2 2 2 2 2 2 4 4 4 -2 -2 -2 0
30 36 39 45 45 51 51 51 31 29 29 9 9 9 6 6 6 3 3 3 2 2 -2 3 3 3 8 8 8 6
18 30 31 37 44 47 47 47 33 31 21 11 11 11 7 6 6 5 5 5 1 1 1 1 1 1 4 4 4 -1
23 24 26 26 33 33 33 26 26 26 20 19 16 6 6 6 7 7 7 3 3 3 3 7 7 2 2 2 4 4
21 31 35 42 49 49 50 53 54 54 49 48 27 26 22 10 10 10 7 7 7 -1 -1 1 1 1 -1 5 5 5
23 28 33 37 45 48 51 59 59 61 61 49 40 35 19 15 15 -2 -2 -2 2 2 2 0 0 0 1 1 1 0
16 21 21 28 34 40 44 45 51 55 56 56 56 44 39 38 29 21 18 7 7 3 3 3 2 1 1 0 -4 -4
25 30 52 57 63 76 87 88 112 117 134 134 103 78 67 43 29 26 16 16 12 8 8 10 10 8 2 2 2 4
21 24 24 24 25 25 25 22 15 15 18 18 17 10 6 6 4 4 4 -1 -1 -1 -4 -4 -4 -4 -3 -3 -3 0
22 22 20 24 24 24 27 27 27 29 29 29 24 24 24 16 16 15 8 8 10 10 10 2 2 2 1 -3 -3 -1
24 24 35 36 39 45 48 51 56 58 59 64 69 70 70 58 58 55 55 49 48 29 26 25 16 16 10 10 7 7
23 30 38 39 41 54 55 65 79 79 80 87 89 112 150 162 162 129 80 60 51 22 21 14 9 9 9 1 1 1
23 27 31 40 50 51 56 61 68 68 53 50 49 34 34 34 8 8 6 -6 -6 -6 -2 -2 -2 -4 -4 -4 -5 -5
18 23 26 26 32 41 44 44 37 37 37 18 18 18 1 1 1 0 0 0 -6 -6 -6 -6 -6 -6 -8 -8 -8 -2
15 16 20 20 27 31 31 41 41 41 38 23 23 21 3 3 -2 -1 -1 -1 -8 -8 -8 -5 -5 -5 -6 -6 -6 -4
32 32 38 38 43 51 51 55 58 58 58 32 32 30 6 6 3 -5 -5 -5 -9 -9 -9 -6 -6 -6 -9 -9 -9 -2
19 19 23 23 23 28 28 28 23 23 23 13 13 13 -4 -4 -4 -7 -7 -7 -4 -4 -4 -7 -7 -7 -5 -5 -5 0
33 33 40 40 40 53 53 53 42 41 41 15 15 15 1 1 1 -1 -1 -1 -4 -4 -4 0 0 0 -1 -1 -1 2
22 22 25 25 25 37 37 37 31 31 31 9 9 9 5 5 5 1 1 1 -5 -5 -5 -4 -4 -3 1 1 1 -5
31 31 44 45 45 55 55 55 59 56 56 30 30 30 3 3 3 -8 -8 -8 -3 -3 -3 -8 -8 -8 -11 -11 -11 -9
34 34 33 33 39 40 40 40 33 33 33 8 8 7 0 0 0 -2 -2 -2 -9 -9 -9 -6 -6 -6 0 0 0 -6
24 24 46 46 46 62 62 62 55 55 55 34 34 34 3 3 3 -9 -9 -9 -9 -9 -9 0 0 0 -4 -4 -3 -8
24 24 36 36 36 46 46 48 63 63 63 46 46 46 11 11 8 -8 -8 -8 -8 -8 -8 -3 -3 -3 -5 -5 -5 -8
27 26 36 36 37 57 57 59 70 70 70 57 57 57 28 28 28 11 11 11 -2 -2 -2 -10 -10 -10 -10 -10 -10 -8
33 33 45 45 45 66 67 76 91 95 97 114 103 103 51 50 41 9 9 9 -7 -7 -7 -12 -12 -12 -16 -16 -16 -15
36 36 43 54 54 58 65 65 65 53 53 38 5 5 5 -11 -11 -11 -15 -15 -15 -18 -18 -18 -13 -13 -13 -12 -12 -12
18 20 38 38 38 47 47 55 55 55 55 28 28 22 -3 -3 -3 -13 -13 -13 -15 -15 -15 -15 -15 -15 -11 -11 -11 -17
19 19 23 23 23 20 20 20 11 11 11 -1 -1 -1 -10 -10 -10 -6 -6 -6 -15 -15 -15 -11 -11 -11 -13 -13 -13 -11
25 25 32 32 32 38 38 38 45 45 45 47 47 47 49 49 49 41 41 40 20 20 17 2 2 2 0 0 0 -5
31 31 31 37 37 37 37 37 37 43 43 43 40 40 40 28 28 28 16 16 16 -1 -1 -1 -5 -5 -5 -6 -6 -6
29 31 33 33 34 37 37 37 43 43 43 41 41 41 19 19 19 0 0 0 -7 -7 -7 -3 -3 -3 -3 -3 -3 -2
14 18 20 22 22 30 30 30 27 20 20 12 18 7 4 0 0 0 2 2 2 1 1 1 1 3 -2 -2 -2 -2
19 28 30 32 38 47 47 47 54 54 40 38 22 14 10 6 2 1 1 1 0 0 0 -2 -2 -2 3 3 3 1
14 16 23 27 29 43 46 48 48 42 29 26 9 9 0 -3 -3 3 3 3 3 3 3 0 0 0 2 2 2 1
16 29 31 40 46 49 59 71 75 76 78 78 78 75 73 66 63 53 35 35 27 23 18 18 8 6 6 6 3 3
11 14 18 18 18 19 22 22 24 24 24 21 21 21 18 18 18 9 9 6 6 6 3 3 3 4 0 -1 -1 2
10 11 15 18 18 24 24 26 26 26 25 22 22 22 18 18 18 16 16 9 8 4 4 1 1 1 -1 -1 -1 4
22 22 30 34 34 40 41 43 45 45 45 42 37 26 25 19 11 7 5 3 3 3 4 2 2 2 2 1 1 2
21 21 30 30 30 26 26 26 27 27 27 19 19 16 16 16 11 6 6 6 6 6 6 2 2 2 0 0 0 0
14 14 21 21 21 29 29 29 30 30 25 24 21 17 16 14 11 7 7 7 5 5 5 4 4 4 1 1 1 1
22 24 26 26 26 25 25 24 15 15 15 7 7 4 3 3 3 8 8 7 0 0 0 -1 1 1 3 3 2 2
17 16 25 25 24 19 19 19 22 22 18 16 8 8 4 3 3 4 4 4 1 1 1 2 2 2 2 2 2 4
22 25 26 27 27 35 35 30 27 23 12 11 6 6 2 4 4 4 2 2 5 5 5 0 -4 -4 3 3 2 2
18 18 23 23 23 26 26 26 23 23 17 10 7 7 3 1 1 -1 -2 -2 4 4 4 4 4 3 2 2 2 1
21 22 26 26 29 33 33 33 26 26 24 21 17 9 4 4 4 3 3 3 0 0 0 4 4 7 3 3 0 -1
27 27 33 35 36 40 40 34 28 21 12 6 6 6 4 4 4 -2 0 0 2 2 2 5 5 5 5 5 5 5
23 24 32 32 32 40 40 41 34 28 22 17 9 8 6 6 3 0 0 0 2 2 2 1 1 1 4 4 4 4
17 17 20 24 24 31 31 31 31 29 29 22 12 12 6 6 6 5 5 5 1 2 2 6 6 6 2 2 2 2
22 25 36 36 37 39 39 41 37 34 19 18 3 3 1 1 1 1 1 1 2 2 2 1 1 1 1 1 1 2
20 22 26 26 26 37 37 38 47 47 40 37 32 18 16 7 5 1 1 1 6 6 3 3 3 2 1 1 1 0
20 20 31 32 32 45 45 39 34 26 18 15 3 3 2 2 2 2 2 2 2 2 2 3 3 3 0 0 0 1
15 15 26 26 26 34 36 36 36 30 20 16 6 6 -1 -1 -1 2 2 2 0 0 0 1 1 1 -2 -2 -2 2
20 20 20 23 26 26 34 35 35 35 23 15 14 11 7 3 3 3 -2 -2 -2 -3 -3 -3 0 0 0 3 3 -1
23 23 31 32 33 49 49 49 56 56 56 53 42 31 31 18 8 4 0 0 1 1 1 0 0 0 5 5 5 -3
24 24 34 35 36 51 51 54 59 59 60 56 56 56 52 52 52 46 46 37 32 30 25 17 17 12 7 7 6 1
21 23 33 33 33 35 35 35 39 39 39 38 38 38 30 30 24 18 17 16 10 7 7 4 4 4 6 6 4 4
20 20 29 29 32 41 41 39 38 38 31 26 24 14 14 6 6 2 2 2 3 3 1 -2 -2 -2 1 1 1 1
28 29 27 27 26 25 18 12 9 8 5 5 5 6 3 3 3 0 0 0 4 4 4 0 0 0 0 0 0 4
16 16 20 20 20 21 21 20 7 6 6 3 2 2 2 2 2 5 5 6 2 2 2 0 0 0 -1 -1 -1 5
24 24 33 33 33 35 35 35 32 32 18 16 16 12 3 3 3 3 3 3 5 5 5 6 6 6 3 3 3 2
24 25 29 32 29 28 19 18 11 10 5 5 1 1 1 3 3 3 2 2 2 0 0 0 1 1 3 2 2 2
19 22 27 27 27 29 29 29 26 24 14 13 10 8 3 2 2 2 2 2 -1 -1 -1 5 5 5 4 4 4 2
20 20 28 28 32 37 37 37 44 44 33 31 19 9 4 4 4 3 3 3 2 2 2 -1 -1 -1 0 0 0 2
16 16 22 22 22 18 18 14 13 13 5 5 5 6 1 1 1 4 4 4 -1 -1 -1 -1 0 0 0 0 0 4
23 23 20 20 20 18 18 18 14 14 14 6 6 4 2 2 2 5 5 5 0 0 0 6 6 6 5 5 5 2
20 20 20 24 24 24 22 22 22 12 11 11 6 6 6 4 2 2 4 4 3 1 1 1 1 1 1 -2 -2 -2
25 27 30 30 32 30 30 19 17 14 8 2 2 2 4 4 3 2 3 3 3 1 1 -1 -1 -1 2 2 2 0
16 16 16 16 18 8 8 4 3 1 1 0 0 0 2 2 2 -1 -1 -1 3 3 3 2 2 2 -2 -2 -2 -1
25 25 24 24 24 23 18 15 6 6 6 2 2 2 1 1 1 1 1 1 -1 -1 -1 1 1 1 1 1 1 2
24 24 41 45 46 63 63 50 45 26 7 3 3 3 2 2 1 1 1 1 -1 -1 -1 3 3 3 2 2 2 0
13 13 21 21 21 35 35 35 33 25 19 17 9 8 2 2 2 -2 -2 -2 -2 -2 -2 -2 -2 -2 0 0 1 0
20 23 24 24 24 27 27 16 10 8 7 3 3 3 0 -3 -3 1 1 1 3 3 3 3 3 3 -1 -1 -1 0
26 32 24 23 17 9 5 4 4 4 5 0 0 0 -2 -2 -2 -1 -1 -1 1 1 1 4 4 4 2 2 2 -6
31 32 50 50 50 57 57 44 43 26 9 9 1 1 1 -3 -3 -4 -3 -3 -1 -1 -1 -2 -2 -2 2 2 1 1
16 22 29 29 29 26 26 18 18 11 10 6 6 5 -1 -1 -1 2 2 2 2 2 2 2 2 4 6 6 6 2
15 15 20 20 20 24 24 18 8 6 6 0 0 0 2 2 2 -1 -1 -1 -1 -1 -1 0 0 0 1 1 3 2
20 20 27 27 21 20 19 12 6 4 2 1 1 1 3 3 3 -2 -2 -2 1 1 1 -1 -1 -1 -2 -2 -2 2
18 18 21 23 23 34 34 34 30 30 26 12 9 7 6 6 4 0 0 0 -1 -1 -1 3 3 4 3 3 3 0
29 31 36 51 51 51 71 71 57 56 36 20 8 8 5 0 0 0 3 3 3 0 0 0 3 3 3 3 3 7
26 26 36 36 43 51 51 35 29 27 13 9 5 5 5 5 6 5 5 5 3 3 3 4 4 4 4 4 4 6
19 19 32 32 34 43 43 46 35 35 27 16 13 5 3 3 3 3 3 3 3 3 6 6 6 6 4 4 4 0
21 21 41 41 42 51 51 51 38 38 23 19 10 10 7 7 7 4 4 4 3 3 3 4 4 4 0 0 0 0
17 21 32 32 32 47 47 47 46 37 23 21 9 9 1 1 1 2 2 1 -4 -4 -4 -1 -1 -1 2 2 3 4
19 22 26 26 26 35 35 32 23 15 13 9 3 3 0 0 0 2 2 2 -3 -3 -3 -5 -5 -5 -1 -1 -1 2
26 26 33 33 33 36 36 32 21 21 17 17 17 10 2 2 2 5 5 5 1 1 1 3 3 3 4 4 3 2
24 24 26 26 26 25 25 21 10 9 9 7 7 7 4 4 4 3 3 3 3 3 3 4 4 2 0 0 0 8
23 22 25 25 25 37 37 22 15 13 10 4 4 4 0 0 0 5 5 5 -2 -2 -2 0 0 0 2 2 2 1
16 16 29 29 29 40 40 30 26 19 8 4 4 4 -1 -1 -1 4 4 4 -4 -4 -4 -4 -4 -4 -5 -5 -5 -4
21 21 32 32 32 39 39 39 44 44 37 28 24 14 8 3 3 -1 -1 -1 -3 -3 -3 -6 -6 -6 2 2 3 -1
14 14 27 27 27 39 39 39 54 54 54 50 36 19 17 6 4 4 4 2 -3 -3 -3 3 3 3 1 1 1 -3
23 23 34 34 34 48 48 48 61 61 44 41 25 14 5 5 5 3 3 3 -3 -3 -3 -2 -2 -2 -1 -1 -1 -2
18 22 28 28 28 40 40 40 34 34 23 18 12 11 0 0 0 0 0 0 3 3 4 -1 -1 -1 1 1 1 0
16 16 25 25 30 37 37 37 48 48 48 43 43 35 23 21 14 9 9 9 0 0 0 0 0 0 -1 -1 -1 0
19 19 27 27 27 39 39 41 52 52 55 61 61 44 42 34 16 8 7 7 1 1 1 2 2 2 1 1 1 2
18 18 26 26 29 35 35 35 29 29 21 12 12 5 5 5 6 3 3 1 1 1 4 0 0 0 3 3 3 2
21 21 35 35 39 64 64 61 60 40 18 12 8 5 2 2 2 3 3 3 -2 -2 -2 3 3 3 0 0 0 2
13 15 25 25 27 26 26 26 18 17 14 9 9 5 2 2 1 0 0 0 -1 -1 -1 0 0 0 1 1 1 0
15 16 33 33 35 36 36 36 35 35 35 30 30 23 18 15 8 7 7 7 5 5 4 4 4 1 -4 -4 -4 0
32 32 48 48 41 38 38 35 31 31 26 16 16 16 9 9 4 2 2 2 1 1 1 -1 -1 -1 -1 -1 -1 2
27 28 35 35 37 40 40 40 55 55 50 40 33 19 14 9 7 7 7 4 4 4 4 6 6 8 5 5 4 3
21 27 41 41 44 51 51 51 58 61 63 68 68 68 74 74 49 40 17 9 8 8 6 4 4 4 4 4 4 3
29 29 20 20 20 8 8 8 5 5 5 0 0 0 4 4 4 2 2 2 -1 -1 -1 4 4 4 0 0 0 3
28 28 39 39 39 34 33 33 14 14 14 5 5 5 0 0 0 0 0 0 4 4 4 2 2 2 -2 -2 -2 1
22 22 22 22 22 20 20 20 8 8 8 3 3 3 5 5 5 1 1 1 0 0 0 2 2 2 -3 -3 -3 0
19 19 23 23 23 13 13 13 6 6 6 1 1 1 6 6 6 7 7 7 0 0 0 2 2 2 3 3 3 3
28 28 31 31 31 13 13 13 0 0 0 1 1 1 3 3 3 -2 -2 -2 3 3 3 -1 -1 -1 0 0 0 1
14 14 16 16 16 12 12 12 2 2 2 0 0 0 -1 -1 -1 -4 -4 -4 1 1 1 2 2 2 -1 -1 -1 3
14 21 21 21 18 18 18 9 9 9 4 4 4 2 2 2 3 3 3 2 2 2 3 3 3 3 3 3 2 2
16 16 20 20 20 10 10 10 6 6 6 2 2 2 0 0 0 5 5 5 4 4 4 6 6 6 3 3 3 3
20 20 25 25 25 17 16 16 7 7 7 4 4 4 6 6 6 6 6 6 5 5 5 3 3 3 3 3 3 5
19 19 14 14 14 10 10 10 -1 -1 -1 3 3 3 -1 -1 -1 1 1 1 2 2 2 4 4 4 1 1 1 2
21 21 19 19 19 10 10 10 3 3 3 4 4 4 5 5 5 0 0 0 -1 -1 -1 1 1 1 1 1 1 2
29 29 29 28 28 12 12 12 4 4 4 2 2 2 3 3 3 1 1 1 1 1 1 1 1 1 0 0 0 1
18 20 20 20 23 23 23 11 11 11 5 5 5 3 3 3 1 1 1 0 0 0 -1 -1 -1 5 5 5 0 0
13 13 17 17 17 10 10 10 6 6 6 1 1 1 4 4 4 1 1 1 1 1 1 4 4 4 3 3 3 -2
19 24 24 24 22 22 22 13 13 13 6 6 6 1 1 1 2 2 2 -1 -1 -1 -2 -2 -2 3 3 3 -1 -1
19 19 20 20 20 14 14 14 6 5 5 -1 -1 -1 1 1 1 0 0 0 0 0 0 1 1 1 3 3 3 3
19 23 23 23 30 26 26 16 16 16 3 3 3 7 7 7 4 4 4 -1 -1 -1 -1 -1 -1 4 4 4 -3 -3
20 20 13 13 13 13 13 13 3 3 3 0 0 0 0 0 0 -2 -2 -2 -3 -3 -3 0 0 0 -1 -1 -1 0
20 20 25 25 25 25 25 25 16 13 13 4 4 4 1 1 1 3 3 3 -2 -2 -2 1 1 1 3 4 4 3
18 18 17 17 17 13 13 13 5 5 5 2 2 1 0 0 0 1 1 1 -2 -2 -2 -1 -1 -1 1 1 1 -3
14 14 6 6 6 6 6 6 1 1 1 -1 -1 -1 -3 -3 -3 2 2 2 0 0 0 -2 -2 -2 2 2 2 2
20 20 16 16 16 11 11 11 6 6 6 1 1 1 1 1 1 1 1 1 0 0 0 2 2 2 5 5 5 4
17 17 27 28 28 26 26 26 16 16 16 6 6 6 7 7 7 0 0 0 2 2 2 -1 -1 -1 1 1 1 3
28 28 31 31 31 23 23 23 12 12 12 6 6 6 5 5 5 5 5 5 2 2 2 4 4 4 -2 -2 -2 -3
22 22 24 24 24 23 23 23 14 10 10 1 1 1 4 4 4 1 1 1 2 2 2 2 2 2 2 2 2 0
21 21 21 21 21 13 13 13 1 1 1 4 4 4 1 1 1 4 4 4 1 1 1 -1 -1 -1 3 3 3 2
18 18 15 15 15 13 10 10 1 1 1 1 1 1 2 2 2 1 1 1 0 0 0 0 0 0 3 3 3 6
21 21 26 26 26 15 15 15 7 7 7 4 4 4 0 0 0 1 1 1 2 2 2 3 3 3 2 2 2 5
19 19 22 22 22 14 14 14 8 8 8 5 5 5 1 1 1 5 5 5 -1 -1 -1 -1 -1 -1 4 4 4 1
18 18 16 16 16 7 7 7 0 0 0 6 4 4 1 1 1 0 0 0 6 6 6 0 0 0 -2 -2 -2 2
17 22 22 22 21 21 21 11 11 11 8 8 8 1 1 1 4 4 4 3 3 3 -4 -4 -4 -3 -3 -3 3 3
23 23 22 22 22 10 10 10 -1 -1 -1 4 4 4 3 3 3 2 2 2 -3 -3 -3 3 2 2 2 4 4 -3
15 17 17 17 12 12 12 5 5 5 0 0 0 0 0 0 -3 -3 -3 2 2 2 -3 -3 -3 -3 -3 -3 -3 -3
21 21 22 22 22 16 16 16 6 6 6 0 0 0 0 0 0 2 2 2 3 3 3 0 0 0 2 2 2 2
17 23 23 23 18 18 18 9 9 9 5 5 5 2 2 2 1 1 1 -2 -2 -2 -1 -1 -1 2 2 2 -3 -3
22 22 20 20 20 15 15 15 2 2 2 6 6 6 2 2 2 1 1 1 2 2 2 -3 -3 -3 2 2 2 1
17 17 18 18 18 13 13 13 8 8 8 2 2 2 2 2 2 1 1 1 1 1 1 2 2 2 -1 -1 -1 1
15 15 14 14 14 10 8 8 0 0 0 2 2 2 -4 -4 -4 -2 -2 -2 4 4 4 3 3 3 -4 -3 -3 -1
21 21 20 20 20 17 17 17 6 6 6 6 6 6 3 3 3 -1 -1 -1 4 4 4 2 2 2 0 0 0 -2
22 22 17 17 17 13 12 12 4 4 4 1 1 1 4 4 4 2 2 2 1 1 1 2 2 2 1 0 0 2
18 18 10 10 10 12 9 9 4 4 4 1 1 1 -2 -2 -2 1 1 1 1 1 1 0 0 0 1 1 1 0
17 17 16 16 16 11 11 11 8 7 7 0 0 0 1 1 1 2 2 2 2 2 2 0 0 0 -1 0 0 2
17 17 19 17 17 -1 -1 -1 6 4 4 2 2 2 -1 -1 -1 -3 -3 -3 -1 -1 -1 1 1 1 1 1 1 3
25 25 28 28 28 15 15 15 8 8 8 2 2 2 0 0 0 0 0 0 1 1 1 4 4 4 1 1 1 2
20 20 13 13 13 6 6 6 0 0 0 -1 -1 -1 3 3 3 -1 -1 -1 -2 -2 -2 3 3 3 0 0 0 3
20 26 26 26 17 17 17 7 7 7 4 4 4 2 2 2 6 6 6 5 5 4 3 3 3 -2 -2 -2 5 4
23 23 29 29 29 21 21 21 9 9 9 8 8 8 4 4 4 1 1 1 0 0 0 3 3 3 -1 -1 -1 1
18 18 18 18 19 19 19 9 9 9 3 3 3 1 1 1 1 1 1 6 6 6 1 1 1 1 1 1 2 2
22 22 22 22 22 28 24 24 12 12 12 2 2 2 -1 -1 -1 5 5 5 1 1 1 1 1 1 0 0 0 -4
16 16 16 16 16 18 18 18 5 5 5 4 4 4 0 0 0 0 0 0 4 4 4 -2 -2 -2 1 1 1 2
