38 48 50 50 48 46 46 38 33 31 20 17 14 9 8 8 1 1 1 5 1 1 0 0 0 2 -1 -1 -1 0
32 35 53 53 51 51 51 42 42 42 29 25 23 16 10 10 7 6 6 6 6 6 1 1 1 3 3 3 3 3
40 42 53 53 56 53 53 44 40 40 40 33 33 19 15 15 12 7 7 7 6 6 1 1 1 1 0 0 0 5
30 32 43 43 43 44 44 43 38 38 27 25 25 15 11 11 9 8 8 4 4 4 6 5 5 2 2 2 3 -1
31 33 42 42 50 48 48 47 46 46 41 41 41 36 32 32 22 19 19 12 6 6 6 5 5 5 4 4 4 5
25 27 41 46 47 61 61 65 67 67 66 64 64 57 52 52 42 38 38 29 27 27 19 11 11 11 6 6 6 2
33 33 40 47 47 51 54 54 54 58 58 53 50 50 45 39 39 27 20 20 15 10 10 8 6 6 3 3 3 4
44 47 66 66 73 73 73 64 60 60 46 39 39 26 21 21 14 9 9 9 -3 -3 -3 -5 -5 -5 -6 -5 -5 -6
25 25 49 49 52 64 64 64 62 62 62 59 59 58 48 45 43 35 27 19 19 16 12 7 7 5 -3 -3 -3 -4
29 31 49 52 54 61 61 59 51 51 51 40 40 40 31 31 28 18 18 18 6 6 6 5 5 3 -2 -2 -2 -3
45 46 46 69 69 76 66 62 60 51 51 50 42 40 36 26 25 20 16 16 12 4 4 4 4 4 3 3 3 4
32 32 47 50 51 64 65 65 76 76 76 71 71 71 66 66 54 51 37 31 23 18 17 12 12 8 3 3 3 -1
28 28 37 37 37 43 43 43 43 43 43 36 36 36 31 31 27 22 22 20 12 12 12 6 -1 -1 5 5 5 -6
27 47 47 48 48 48 48 52 52 52 51 51 51 43 43 35 28 19 16 11 11 9 4 4 4 0 0 0 1 1
31 32 49 49 49 52 52 52 51 51 51 47 47 47 39 39 38 32 28 22 17 17 13 12 12 8 1 1 1 1
23 43 48 52 67 67 69 71 71 71 72 72 72 61 61 53 47 43 37 31 31 23 16 16 14 7 7 7 -1 -1
29 29 44 44 49 53 53 53 43 43 43 34 34 34 31 29 27 20 20 20 13 13 10 7 7 7 1 1 1 5
50 52 58 63 63 63 68 68 68 58 58 44 40 33 24 19 19 12 7 7 7 6 6 6 3 3 3 3 3 3
34 34 45 44 44 52 52 52 52 52 52 51 51 50 40 35 30 27 26 24 11 11 11 7 7 7 -1 -1 -1 2
32 34 57 61 63 76 76 79 86 86 86 82 82 68 59 52 41 33 29 23 20 14 14 7 7 7 2 2 2 2
32 34 54 54 57 69 70 72 83 83 83 72 72 65 56 54 42 34 33 25 16 16 11 11 11 7 3 3 3 2
27 27 42 42 42 53 53 53 67 67 68 80 80 80 93 93 93 94 94 94 86 86 75 73 64 48 44 35 22 18
39 39 40 47 47 51 55 55 56 64 64 62 58 58 51 41 41 34 23 23 20 12 12 8 7 7 7 7 7 7
42 42 54 54 56 49 49 48 42 42 40 39 39 29 23 23 20 11 11 11 5 5 5 3 3 3 2 2 2 0
31 31 46 46 47 61 61 66 75 75 75 65 65 55 52 52 39 26 26 20 11 11 11 3 3 3 5 5 3 3
39 47 68 68 72 85 85 85 91 91 83 69 69 52 41 35 26 16 16 10 9 9 9 0 0 0 5 5 5 5
35 38 63 63 66 84 84 84 83 83 75 64 64 47 35 34 20 16 16 11 5 5 5 3 3 3 3 3 3 0
29 31 42 42 42 57 57 57 68 68 68 72 72 72 71 71 68 57 57 44 37 36 27 18 18 15 5 5 5 5
26 28 33 33 33 39 39 39 48 48 48 51 51 51 51 51 51 48 48 45 34 34 33 23 23 23 9 9 9 4
33 35 48 48 48 59 59 63 64 64 64 69 69 68 57 57 57 48 48 40 38 38 31 19 19 19 11 11 11 9
28 28 42 42 49 67 67 67 79 79 79 78 78 74 65 65 54 43 43 33 27 27 21 10 10 10 3 3 3 -1
26 26 33 33 33 42 42 42 52 52 52 58 58 58 63 63 63 65 65 64 52 52 46 36 36 30 21 21 17 14
26 26 36 36 36 57 57 57 72 72 76 82 82 80 69 69 65 51 51 48 32 32 32 22 22 22 19 19 18 12
40 40 50 50 50 54 54 54 63 63 63 68 68 68 65 65 65 49 49 49 42 41 38 32 32 31 20 20 20 14
44 44 61 61 61 73 73 73 74 74 65 54 54 48 37 37 30 18 18 18 3 3 3 8 8 8 -5 -5 -5 -3
26 27 45 45 45 66 66 66 82 82 82 86 86 86 69 69 66 43 43 36 20 20 20 3 3 3 1 1 1 -6
23 23 41 41 41 64 64 64 82 82 82 91 91 91 83 83 83 60 59 56 43 43 42 18 18 18 6 6 6 2
34 34 43 43 43 48 48 48 46 46 46 34 34 34 23 23 23 6 6 6 1 1 1 -4 -4 -4 -8 -8 -8 -3
38 38 57 57 57 67 67 67 67 67 67 57 57 53 33 33 33 10 10 10 1 1 1 0 0 0 3 3 3 -1
33 33 36 36 36 36 36 36 40 40 40 35 35 35 25 25 25 14 14 14 8 8 8 0 0 0 5 5 5 -2
31 31 39 39 39 47 47 47 44 44 44 35 35 35 23 23 23 15 15 15 3 3 3 -7 -7 -7 -3 -3 -3 -4
34 34 50 50 50 61 61 61 64 64 64 60 60 60 46 46 46 29 27 27 14 14 14 0 0 0 -2 -2 -2 -2
37 37 50 50 50 50 50 50 49 49 49 41 41 41 28 28 28 18 18 18 9 9 9 3 3 3 -4 -4 -4 1
34 34 37 37 37 35 35 35 30 30 30 18 18 18 18 18 18 12 12 12 1 1 1 5 5 5 0 0 0 1
33 33 42 42 42 39 39 39 47 47 47 38 38 38 31 31 31 18 18 18 11 11 11 8 8 8 -2 -2 -2 1
28 28 40 40 40 39 39 39 34 34 34 37 37 37 27 27 27 18 18 18 13 13 13 6 6 6 4 4 4 6
31 31 33 33 33 38 38 38 39 39 39 36 36 36 23 23 23 16 16 16 9 9 9 2 2 2 0 0 0 -2
29 29 41 41 41 43 43 43 39 39 39 31 31 31 21 21 21 9 9 9 12 12 12 0 0 0 0 0 0 1
28 28 39 39 39 44 44 44 43 43 43 36 36 36 32 32 32 15 15 15 9 9 9 5 5 5 4 4 4 1
28 28 36 36 36 44 44 44 45 45 45 35 35 35 25 25 25 19 19 19 7 7 7 2 2 2 1 1 1 3
28 28 36 36 36 41 41 41 37 37 37 40 40 40 34 34 34 22 22 22 15 15 15 5 5 5 3 3 3 6
40 40 49 49 49 58 58 58 64 64 64 66 66 66 52 52 52 36 36 36 25 25 25 11 11 11 7 7 7 4
37 37 45 45 45 61 61 61 59 59 59 58 58 58 47 47 47 35 35 35 21 21 21 12 12 12 9 9 9 -2
27 27 42 42 42 58 58 58 67 67 67 77 77 77 59 58 58 46 46 45 25 25 25 12 12 12 8 8 8 3
45 45 67 67 67 80 80 80 88 88 88 96 96 96 75 71 68 49 49 48 27 27 27 3 3 3 10 10 10 4
33 33 39 39 39 51 51 51 56 56 56 51 51 48 32 32 32 19 19 19 10 10 10 4 4 4 2 2 2 3
30 30 30 30 30 35 35 35 36 36 36 32 32 32 22 22 22 11 11 11 7 7 7 3 3 3 1 1 1 1
36 36 29 29 29 33 33 33 22 22 22 24 24 24 13 13 13 11 11 10 4 4 4 -1 -1 -1 -2 -2 -2 1
26 26 26 26 26 31 31 31 19 19 19 13 13 13 11 11 11 7 7 7 2 2 2 -1 -1 -1 3 3 3 5
30 30 39 39 39 35 35 35 37 37 37 27 27 27 19 18 18 8 8 8 3 3 3 0 0 0 7 7 7 -4
26 26 23 23 23 22 22 22 21 21 21 20 20 20 9 9 9 4 4 4 4 4 4 6 6 6 0 0 0 6
31 31 38 38 38 52 52 52 49 49 49 51 51 51 53 53 53 42 42 42 28 28 28 19 19 19 12 12 12 8
31 31 30 30 30 23 23 23 27 27 27 15 15 15 8 8 8 8 8 8 1 1 1 1 1 1 4 4 4 12
29 29 36 36 36 40 40 40 38 38 38 28 28 28 25 25 25 15 15 15 6 6 6 1 1 1 7 7 7 4
30 30 24 24 24 19 19 19 20 20 20 19 19 19 12 12 12 8 8 8 5 5 5 1 1 1 2 2 2 -1
37 37 33 33 33 29 29 29 18 18 18 11 11 11 5 5 5 7 7 7 0 0 0 1 1 1 6 6 6 4
30 30 44 44 44 47 47 47 39 39 39 31 31 31 25 25 25 17 17 17 15 15 15 7 7 7 7 7 7 0
29 29 33 33 33 37 37 37 30 30 30 25 25 25 14 14 14 13 13 13 7 7 7 2 2 2 2 2 2 4
31 31 24 24 24 22 22 22 10 10 10 7 7 7 -2 -2 -2 2 2 2 7 7 7 3 3 3 0 0 0 -4
28 28 50 50 50 55 55 55 46 46 46 40 40 40 28 28 28 12 12 12 3 3 3 8 8 8 2 2 2 4
33 33 44 44 44 43 43 43 40 40 40 30 30 30 27 27 27 22 22 22 10 10 10 10 10 10 5 5 5 0
33 33 29 29 29 31 31 31 29 29 29 26 26 26 15 15 15 9 9 9 7 7 7 2 2 2 1 1 1 3
30 30 36 36 36 34 34 34 30 30 30 33 33 33 24 24 24 15 15 15 8 8 8 3 3 3 0 0 0 5
28 28 44 44 44 49 49 49 46 46 46 40 40 40 26 26 26 7 7 7 7 7 7 1 1 1 -1 -1 -1 0
31 31 43 43 43 52 52 52 47 47 47 40 40 40 35 35 35 22 22 22 18 18 18 13 13 13 5 5 5 6
27 27 37 37 37 45 45 45 49 49 49 39 39 39 35 35 35 28 28 28 21 21 21 16 16 16 9 9 9 1
28 28 33 33 33 36 36 36 29 29 29 20 20 20 20 20 20 7 7 7 9 9 9 8 8 8 5 5 5 2
33 33 45 45 45 48 48 48 40 40 40 31 31 31 21 21 21 12 12 12 7 7 7 0 0 0 7 7 7 2
27 27 37 37 37 41 41 41 39 39 39 37 37 37 33 33 33 18 18 18 14 14 14 10 10 10 2 2 2 6
27 27 39 39 39 39 39 39 41 41 41 37 37 37 31 31 31 22 22 22 9 9 9 8 8 8 3 3 3 1
26 26 33 33 33 28 28 28 27 27 27 23 23 23 17 17 17 13 13 13 12 12 12 10 10 10 1 1 1 7
32 32 38 38 38 40 40 40 35 35 35 30 30 30 24 24 24 18 18 18 16 16 16 6 6 6 5 5 5 1
29 29 37 37 37 35 35 35 35 35 35 30 30 30 20 20 20 10 10 10 4 4 4 -1 -1 -1 6 6 6 3
26 26 28 28 28 28 28 28 24 24 24 21 21 21 10 10 10 6 6 6 3 3 3 3 3 3 0 0 0 -2
31 31 39 39 39 35 35 35 35 35 35 24 24 24 18 18 18 15 15 15 5 5 5 8 8 8 -4 -4 -3 1
29 29 26 26 26 27 27 27 22 22 22 18 18 18 11 11 11 8 8 8 7 7 7 8 8 8 1 1 1 9
27 27 24 24 24 23 23 23 9 9 9 6 6 6 10 10 10 5 5 5 5 5 5 6 6 6 2 2 2 2
27 27 29 29 29 29 29 29 30 30 30 24 24 24 18 18 18 9 9 9 4 4 4 4 4 4 1 1 1 6
36 36 41 41 41 34 34 34 26 26 26 10 10 10 5 5 5 10 10 10 9 9 9 1 1 1 7 7 7 1
26 26 21 21 21 14 14 14 13 13 13 10 10 10 8 8 8 5 5 5 4 4 4 2 2 2 2 2 2 3
26 26 29 29 29 29 29 29 28 28 28 19 19 19 14 14 14 5 5 5 3 3 3 6 6 6 0 0 0 -1
29 29 32 32 32 29 29 29 23 23 23 16 16 16 6 6 6 5 5 5 2 2 2 7 7 7 0 0 0 8
30 30 36 36 36 34 34 34 17 17 17 28 28 28 29 29 29 17 17 17 9 9 9 10 10 10 2 2 2 2
27 27 34 34 34 37 37 37 31 31 31 35 35 35 22 22 22 15 15 15 11 11 11 4 4 4 4 4 4 1
29 29 32 32 32 36 36 36 31 31 31 28 28 28 23 23 23 11 11 11 7 7 7 4 4 4 9 9 9 6
30 30 39 39 39 35 35 35 32 32 32 28 28 28 15 15 15 10 10 10 4 4 4 8 8 8 9 9 9 3
30 30 33 33 33 28 28 28 26 26 26 22 22 22 13 13 13 16 16 16 5 5 5 5 5 5 2 2 2 -1
32 32 34 34 34 34 34 34 34 34 34 33 33 33 28 28 28 25 25 25 15 15 15 7 7 7 0 0 0 3
32 32 39 39 39 37 37 37 39 39 39 34 34 34 32 32 32 22 22 22 19 19 19 16 16 16 7 7 7 2
34 34 39 39 39 34 34 34 32 32 32 34 34 34 31 31 31 26 26 26 18 18 18 12 12 12 6 6 6 1
28 55 69 73 80 80 51 45 37 11 11 11 5 5 5 -1 -1 -1 2 2 2 2 2 2 1 1 1 -2 -2 -2
27 39 46 46 49 49 49 26 24 24 9 9 9 5 5 5 4 4 4 -2 -2 -2 6 4 4 4 4 3 1 1
31 34 43 52 52 66 63 63 47 45 45 17 17 17 8 8 8 5 5 5 2 2 2 8 8 8 -2 -2 -2 5
30 30 40 43 43 52 52 52 41 37 37 22 19 19 9 9 9 6 6 6 4 4 4 3 3 3 6 6 6 2
30 30 38 47 47 51 51 51 42 38 38 22 22 22 9 9 9 6 6 6 5 5 5 7 7 7 3 3 3 -1
27 27 41 41 41 48 48 48 42 41 41 29 29 29 11 11 11 6 6 6 6 6 6 6 5 5 1 1 1 -2
40 40 54 61 61 69 69 69 55 55 55 39 31 31 17 17 17 7 7 7 5 5 5 3 3 3 5 3 2 2
37 37 42 50 50 51 51 51 46 46 46 28 28 28 14 14 14 10 10 10 3 3 3 2 2 2 0 0 0 7
30 41 54 55 68 77 77 79 77 77 45 43 43 18 18 18 10 10 10 6 6 6 5 5 5 3 3 3 5 5
31 31 43 55 55 50 50 50 39 34 34 20 20 20 9 9 9 9 9 9 6 6 6 6 6 6 1 1 1 2
35 35 46 46 46 47 47 47 32 32 32 17 17 17 8 8 8 3 3 3 6 6 6 10 10 10 3 3 3 5
34 34 46 46 46 42 41 41 22 22 22 12 12 11 5 5 5 6 6 6 6 6 6 2 2 2 4 4 4 0
35 35 46 46 46 37 37 37 25 25 25 13 13 13 7 7 7 2 2 2 4 4 4 3 3 3 -2 -2 -2 1
30 30 36 37 37 37 38 38 24 24 24 12 12 12 13 10 10 9 8 8 1 1 1 3 3 3 4 4 4 -1
32 37 37 37 35 35 35 23 21 21 12 12 12 11 11 11 1 1 1 4 4 4 3 3 3 0 0 0 7 6
40 40 43 42 42 39 33 33 21 21 21 9 9 9 6 6 6 10 10 10 4 4 4 4 4 4 4 4 4 2
33 33 42 46 46 41 41 41 27 26 26 11 11 11 5 5 5 9 9 9 5 5 5 4 4 4 0 0 0 0
31 31 31 28 28 19 19 19 9 9 9 5 5 5 5 5 5 1 1 1 0 0 0 0 0 0 -1 -1 -1 -3
33 33 39 39 39 39 39 39 27 27 27 14 14 14 8 8 8 2 2 2 5 5 5 2 2 2 0 0 0 -1
29 29 43 46 46 53 53 53 45 45 45 38 38 38 27 27 27 19 18 18 8 8 8 3 3 3 -2 -2 -2 1
25 25 33 33 33 33 33 33 35 34 34 27 27 27 21 21 21 9 9 9 9 9 9 8 8 8 0 0 0 0
41 41 54 54 54 52 51 51 43 43 43 32 32 32 19 19 19 10 10 10 9 9 9 3 3 3 13 13 13 7
32 32 45 44 44 36 36 36 17 17 17 6 6 5 4 4 4 -5 -5 -5 2 2 2 -1 -1 -1 1 1 1 0
46 46 49 49 49 43 43 43 23 23 23 14 11 11 3 3 3 6 6 6 5 5 5 0 0 0 6 6 6 1
28 28 43 43 43 48 48 48 32 32 32 13 13 13 5 5 5 3 3 3 7 7 7 4 4 4 5 5 5 0
31 31 41 42 42 36 36 36 23 23 23 5 5 5 8 8 8 1 1 1 5 5 5 3 3 3 -2 -2 -2 2
36 36 40 38 38 27 24 24 15 15 15 7 7 7 6 6 6 2 2 2 -3 -3 -3 3 3 3 2 2 2 1
30 30 42 44 44 55 49 49 40 39 39 21 17 17 3 3 3 4 4 4 4 4 4 2 2 2 5 5 5 3
26 34 34 34 36 36 36 19 19 19 8 8 8 3 3 3 4 4 4 7 7 7 1 1 1 2 2 2 4 4
29 29 31 31 31 22 22 22 10 10 10 8 8 8 8 8 8 6 6 6 2 1 1 -3 -3 -3 0 0 0 1
33 33 38 38 38 30 30 30 12 12 12 10 10 10 3 3 3 2 2 2 3 3 3 -2 -2 -2 -3 -3 -3 -1
34 34 38 39 39 28 28 28 11 11 11 7 7 7 4 4 4 0 0 0 3 3 3 1 1 1 -3 -3 -3 3
27 35 39 39 40 40 40 33 33 33 27 23 23 14 13 13 1 1 1 -1 -1 -1 1 1 1 2 2 2 0 0
25 25 32 36 36 38 38 38 29 29 29 19 19 19 9 9 9 3 3 3 6 6 6 -1 -1 -1 4 4 4 -3
30 30 26 26 26 25 25 25 14 14 14 8 8 8 5 5 5 -1 -1 -1 0 0 0 3 3 3 2 2 2 1
27 27 32 32 32 24 23 23 16 16 16 9 9 9 5 5 5 2 2 2 8 8 8 -2 -2 -2 -1 -1 -1 0
28 28 41 47 47 46 46 46 38 38 38 25 25 25 15 14 14 6 6 6 6 6 6 4 4 4 0 0 0 2
23 23 32 35 35 28 28 28 20 20 20 8 8 8 9 9 9 7 7 7 7 6 6 5 5 5 -1 -1 -1 1
32 32 43 43 43 33 33 33 29 29 29 17 17 17 10 10 10 5 5 5 8 8 8 6 6 6 1 1 1 -3
35 35 31 29 29 21 21 21 11 11 11 4 4 4 4 4 4 6 6 5 1 1 1 -1 -1 -1 -2 -2 -2 3
25 25 32 32 32 28 28 28 20 20 20 12 12 12 9 9 9 6 6 6 6 6 6 0 0 0 1 1 1 -1
26 26 32 28 28 24 24 24 11 9 9 1 1 1 2 2 2 2 2 2 1 1 1 0 0 0 4 4 4 -2
27 27 28 28 28 18 18 18 15 11 11 4 4 4 -3 -3 -3 8 8 8 7 6 6 -1 -1 -1 2 2 2 3
31 31 38 38 38 33 32 32 17 16 16 9 9 9 7 7 7 0 0 0 -1 -1 -1 2 2 2 2 2 2 0
25 25 31 31 31 24 24 24 16 16 16 8 8 8 2 2 2 5 5 5 3 3 3 3 3 3 -1 -1 -1 1
27 27 32 32 32 33 33 33 25 25 25 13 13 12 10 10 10 2 2 2 0 0 0 -1 -1 -1 0 0 0 -1
26 30 30 30 27 27 27 18 18 18 9 9 9 3 3 3 1 1 1 2 2 2 1 1 1 4 4 4 0 0
41 41 51 51 51 46 46 46 21 21 21 15 15 15 0 0 0 6 6 6 4 4 4 5 5 5 -2 -2 -2 5
17 17 23 23 23 22 22 22 13 13 13 11 9 9 4 4 4 0 0 0 2 2 2 6 6 6 1 1 1 1
25 25 29 29 29 20 20 20 11 11 11 11 10 10 -1 -1 -1 1 1 1 1 1 1 1 1 1 6 6 6 0
39 54 54 54 63 70 71 71 55 49 44 22 15 14 4 4 4 7 7 7 5 5 5 3 3 3 -2 -2 -2 -3
40 42 50 51 62 67 75 75 68 57 48 13 13 13 5 5 5 8 8 8 2 2 3 5 5 5 2 2 2 3
27 34 34 40 47 47 47 46 46 46 29 29 24 10 10 10 6 6 6 2 2 4 7 7 7 2 2 2 4 4
33 46 53 56 63 70 70 81 81 77 77 75 61 52 41 16 16 13 5 5 5 0 0 0 6 6 6 0 0 0
35 43 44 57 65 72 80 87 89 96 96 92 75 66 38 30 25 5 5 5 2 2 2 0 0 0 -1 -1 -1 4
30 33 39 49 52 55 64 68 70 81 82 82 82 81 79 76 50 36 28 14 14 12 0 0 3 3 3 1 1 1
38 38 71 75 92 122 128 130 147 154 160 209 209 182 145 91 47 40 20 20 14 13 13 6 3 3 3 3 3 -1
29 38 38 38 32 32 32 34 34 34 23 23 23 12 8 8 7 7 7 0 0 0 4 4 4 -1 -1 -1 1 1
33 33 34 38 38 50 50 51 47 47 47 47 41 41 41 36 36 26 21 21 21 21 18 7 7 7 5 4 4 1
34 34 47 53 54 69 71 77 83 83 83 85 96 98 108 109 109 114 114 100 88 58 47 36 28 25 14 5 5 5
34 37 51 52 53 81 85 100 117 126 127 140 140 144 176 187 228 228 202 142 93 42 34 24 1 1 1 2 2 2
28 44 46 60 71 74 82 87 87 99 104 104 104 78 70 66 19 18 11 -4 -4 -4 -3 -3 -3 -7 -7 -7 -2 -2
27 33 40 40 45 61 61 61 67 67 67 51 43 40 10 10 10 2 2 2 -2 -2 -2 -5 -5 -5 -5 -5 -5 -3
27 27 38 38 43 53 53 60 69 69 69 57 51 50 12 12 10 1 1 1 0 0 0 -4 -4 -4 0 0 0 -6
49 49 60 63 67 71 71 89 96 96 96 85 65 61 15 15 14 -1 -1 -1 0 0 0 -18 -18 -18 -1 -1 -1 -1
27 27 36 36 36 43 43 43 51 51 51 25 25 25 -3 -3 -3 -4 -4 -4 -2 -2 -2 -8 -8 -8 -2 -2 -2 -4
45 45 63 63 63 75 75 75 84 78 78 40 39 35 6 6 6 2 2 2 1 1 1 0 0 0 -1 -1 -1 1
29 29 44 44 44 53 53 53 50 50 50 21 21 21 -1 -1 -1 0 0 0 0 0 0 -3 -3 -2 0 0 0 -4
38 38 59 64 64 77 77 77 90 90 90 60 58 49 9 9 9 -9 -9 -9 -4 -4 -4 -8 -8 -8 -5 -5 -5 -7
45 45 58 58 58 60 60 60 65 65 65 19 19 15 -2 -2 -2 0 0 0 -6 -6 -6 -5 -5 -5 -4 -4 -4 -2
33 39 64 64 64 79 82 82 103 103 103 78 74 73 8 8 8 -3 -3 -3 -4 -4 -4 -9 -9 -9 0 0 0 -5
31 31 50 50 50 67 67 67 90 91 91 92 90 90 21 21 18 -5 -5 -5 -6 -6 -6 -6 -6 -6 -8 -8 -8 -8
34 33 52 52 57 81 81 86 114 118 118 119 119 119 69 63 55 15 15 13 -8 -8 -8 -7 -7 -7 -9 -9 -9 -9
41 43 64 64 70 88 89 101 121 123 123 147 149 149 117 83 74 7 7 7 -8 -8 -8 -15 -15 -15 -17 -17 -17 -16
50 50 59 75 75 75 80 80 80 79 79 77 32 32 12 -7 -7 -7 -15 -15 -15 -16 -16 -16 -14 -14 -14 -12 -12 -12
28 35 47 47 52 65 65 73 79 79 79 64 54 50 3 3 3 -16 -16 -16 -11 -11 -11 -14 -14 -14 -14 -14 -14 -18
26 26 28 28 28 31 31 31 28 28 28 9 9 9 -8 -8 -8 -6 -6 -6 -14 -14 -14 -15 -15 -15 -13 -13 -13 -14
28 28 38 38 43 49 49 52 60 60 60 68 68 68 69 69 69 72 72 72 51 51 51 14 14 10 0 0 0 -9
38 38 38 47 47 47 53 53 53 55 55 55 56 56 56 49 49 49 27 27 27 -2 -2 -2 -3 -3 -3 -12 -12 -12
38 38 41 41 44 51 51 53 57 57 57 64 64 64 46 46 41 9 9 9 -4 -4 -4 -6 -6 -6 -4 -4 -4 -3
18 18 30 32 36 43 45 45 46 46 40 36 12 10 9 4 4 4 1 1 1 1 1 0 -1 -1 1 3 3 3
26 33 42 49 55 65 67 74 78 80 78 67 44 30 26 6 5 3 0 3 2 2 2 3 3 3 0 1 1 2
23 24 31 34 36 55 57 69 75 75 58 37 14 8 7 2 2 -2 -1 -1 0 0 0 -2 -2 -2 -1 -1 -1 -1
22 36 37 43 62 62 75 89 94 102 118 118 118 118 110 98 96 82 68 60 45 33 22 17 11 10 6 6 -2 -2
16 16 24 24 24 25 26 26 33 33 33 34 34 34 29 27 21 19 8 8 13 13 13 0 2 2 2 2 2 0
18 18 27 27 27 32 32 32 32 32 32 37 38 38 41 41 31 29 22 19 11 11 11 5 5 5 2 2 2 3
24 24 32 36 36 53 56 56 69 69 69 65 61 47 45 30 20 17 4 4 1 1 1 5 5 5 0 0 0 6
27 27 34 34 34 39 39 39 43 43 42 29 29 23 20 15 10 6 6 6 4 4 4 3 3 3 3 3 2 0
22 22 29 29 29 35 35 35 37 37 37 30 30 15 15 14 13 12 12 11 3 3 3 3 3 3 0 0 0 6
28 28 37 37 37 29 29 29 28 22 15 4 4 4 8 8 7 1 1 1 4 4 4 7 7 7 1 1 1 3
23 22 25 26 26 33 33 33 26 26 26 21 18 15 10 5 5 4 2 2 1 1 1 2 2 2 4 4 4 -2
26 26 38 38 38 52 52 52 43 30 19 17 8 8 4 4 4 3 3 3 7 7 5 -2 -2 -2 0 0 0 -3
27 29 31 31 31 36 37 37 37 34 23 19 13 13 3 3 3 3 3 3 0 0 0 1 1 1 5 5 5 -1
28 28 35 37 37 46 46 49 45 45 39 35 26 17 14 8 8 8 8 8 7 7 7 4 4 4 2 2 2 1
35 35 46 47 47 63 63 58 54 27 18 17 5 5 3 3 3 3 3 3 -1 2 2 2 2 2 3 3 3 2
25 25 32 34 34 52 53 59 59 53 36 29 15 10 2 2 2 -1 -1 -1 6 6 6 -2 -2 -2 -2 -3 -3 1
22 22 30 30 34 42 42 42 50 50 41 40 24 18 11 4 4 2 2 2 5 5 5 -2 -1 -1 3 3 3 7
27 27 43 43 45 56 59 59 59 59 41 40 12 11 5 2 2 2 2 2 1 -1 -1 3 3 3 1 1 1 1
28 28 37 37 37 50 53 53 67 68 69 69 65 35 30 14 10 3 3 3 0 0 0 0 1 1 1 0 0 3
27 29 38 40 48 51 60 71 71 58 27 19 8 8 2 2 2 -2 -2 -2 2 2 2 -2 -2 -1 -1 -1 -1 7
19 19 27 30 35 49 53 56 58 58 33 27 14 12 6 6 6 -1 -1 -1 2 2 2 3 3 3 3 3 3 7
25 25 25 37 37 37 48 48 48 46 38 25 24 10 10 5 5 5 0 0 0 3 3 3 -1 -2 -2 -2 1 1
31 31 44 46 53 63 66 70 74 74 74 80 80 59 54 31 17 12 11 7 6 6 4 1 1 1 1 1 1 3
24 25 39 39 39 51 54 55 81 81 83 102 102 98 88 87 79 77 62 62 51 51 42 32 26 18 12 7 7 6
24 24 37 37 37 51 51 51 58 58 57 47 47 47 43 43 39 28 27 24 16 13 12 6 6 6 1 1 1 2
21 21 34 34 37 51 51 52 50 50 48 35 31 22 20 13 13 5 2 2 -6 -6 -6 2 2 2 -3 -3 -3 -4
36 37 53 53 46 43 32 20 15 13 11 3 3 3 2 2 2 6 6 5 0 0 0 -1 -1 -1 1 1 1 3
27 27 34 34 29 25 25 23 15 15 13 7 5 5 3 3 3 -2 -2 -2 0 0 0 -3 -3 -3 4 4 4 7
33 33 41 41 41 48 48 48 44 42 31 29 15 9 5 5 5 2 2 2 -1 -1 -1 -3 -3 -3 -2 -2 -2 3
38 38 40 41 41 41 32 32 17 15 9 9 3 3 3 1 1 1 2 2 2 1 1 1 1 1 1 2 2 2
22 22 33 33 33 42 42 42 37 36 27 23 17 11 3 3 3 0 0 0 -1 -1 -1 -2 -2 -2 0 0 0 1
22 25 30 30 30 51 51 51 74 74 68 58 36 14 7 4 4 8 8 6 1 1 1 -3 -3 -3 4 4 4 -3
19 19 23 23 23 28 28 18 15 12 8 2 2 2 2 2 2 -6 -6 -5 1 1 1 3 3 3 -2 -2 -2 3
25 25 25 25 25 25 25 25 15 11 11 8 8 7 6 6 5 2 2 2 6 6 6 -4 -3 -3 2 2 2 -1
26 26 26 30 30 30 34 34 34 25 19 18 8 8 6 2 -7 -7 -2 -2 -2 3 3 3 2 2 2 0 0 0
32 32 41 43 54 53 53 37 30 22 13 7 7 7 6 6 6 6 6 6 1 1 1 1 1 1 4 4 4 1
30 30 29 29 28 22 11 9 6 6 5 3 3 3 3 3 2 2 2 2 -1 -1 -1 -3 -3 -3 3 3 3 -4
32 32 43 43 43 32 31 21 14 7 7 0 0 0 0 0 0 4 4 4 0 0 0 6 6 4 1 1 1 -2
28 33 56 66 67 93 93 93 92 40 17 13 9 5 -4 -4 -4 1 1 1 5 5 7 -2 -2 -2 -2 -2 -2 -1
17 17 32 32 36 44 49 50 54 54 39 34 16 13 7 7 7 2 2 2 -2 -2 -2 6 6 4 0 0 0 1
31 32 38 38 38 44 44 22 21 10 10 2 2 2 3 3 3 2 2 2 -2 -2 -2 -1 -1 -1 1 1 1 5
38 38 47 47 26 21 9 9 1 1 1 2 2 2 0 0 0 2 2 2 -3 -3 -3 8 8 8 2 2 2 1
44 46 70 70 70 82 82 80 79 48 24 20 9 9 5 5 5 1 1 1 2 2 2 5 5 7 2 2 2 4
26 29 40 40 40 45 45 38 33 24 19 7 7 7 1 1 1 1 1 1 2 2 2 -1 -1 -1 4 4 4 2
27 27 32 32 32 39 39 24 21 14 14 5 5 5 1 1 1 3 3 3 1 1 1 3 3 3 2 2 2 3
29 29 39 39 39 36 36 23 13 10 8 4 4 4 2 2 2 4 4 4 2 2 2 0 1 1 8 8 8 3
30 33 37 37 37 53 53 53 63 63 40 37 22 12 6 5 5 4 4 4 1 4 4 4 3 3 2 2 2 6
39 39 42 72 73 73 94 94 96 91 76 37 30 13 12 6 6 6 1 1 1 3 3 3 4 4 4 1 1 1
35 35 48 48 53 76 76 78 70 49 23 20 11 11 2 2 2 2 2 2 -1 -1 -1 6 6 6 2 2 2 1
25 26 41 41 49 60 60 64 77 77 45 41 23 10 6 6 6 3 3 3 0 0 0 3 3 3 2 2 2 0
27 30 46 46 52 75 75 75 66 66 42 38 24 18 6 6 6 4 4 4 5 5 5 0 0 0 2 2 2 0
27 29 46 46 46 69 69 69 78 78 48 39 19 14 3 3 3 3 3 3 -8 -8 -8 11 11 6 2 2 2 11
25 27 43 43 43 55 55 55 49 40 21 17 17 13 7 7 7 3 3 3 1 1 1 -1 -1 -1 7 7 6 1
38 38 47 47 47 54 54 52 43 43 25 20 16 12 7 7 7 2 2 2 0 0 0 0 0 0 -2 -2 -2 -3
31 31 35 35 35 41 41 35 20 20 11 5 5 5 0 0 0 1 1 1 2 2 2 0 0 0 1 1 1 1
25 24 40 40 40 55 55 39 33 24 11 2 2 2 0 0 0 1 1 1 -3 -3 -3 5 5 5 -2 -2 -2 -1
25 29 42 42 46 59 59 58 49 39 15 8 8 8 3 3 3 -2 -2 -2 0 0 0 0 0 0 2 2 2 -5
28 28 43 43 43 65 65 65 68 68 68 59 52 26 23 10 10 7 7 4 4 4 4 1 1 1 -5 -5 -5 0
24 25 34 34 34 58 58 60 79 79 81 72 72 39 33 11 11 4 4 4 5 5 5 2 2 2 4 4 4 -1
33 33 47 47 52 68 68 72 87 87 86 77 57 27 21 13 13 1 1 1 4 4 4 2 2 2 1 1 1 1
26 26 41 41 41 56 56 57 75 75 48 45 23 15 6 6 6 1 1 1 3 3 3 4 4 4 2 2 2 4
25 27 34 34 34 53 53 54 64 64 71 80 80 62 55 42 25 13 8 8 6 6 6 6 6 6 -1 -1 -1 3
25 25 36 36 36 52 52 52 75 75 76 93 93 93 80 66 27 23 11 11 2 2 2 2 2 1 1 1 -1 -1
22 26 36 36 40 45 45 49 57 57 33 32 16 7 4 4 3 3 3 5 4 4 4 5 5 5 -2 -2 -2 2
23 23 42 47 53 78 88 89 89 89 39 24 15 9 6 6 1 1 1 3 4 4 4 2 2 2 2 2 2 1
21 26 32 32 37 41 41 41 31 31 17 10 10 10 5 5 5 5 5 5 2 2 2 2 2 2 5 5 2 2
22 25 38 38 50 58 58 58 58 58 55 54 54 44 31 30 12 3 3 3 5 5 5 -1 -1 -1 5 5 6 1
32 34 55 55 59 64 64 51 42 42 32 29 29 24 14 14 11 6 6 6 2 2 2 2 2 4 0 0 0 -1
33 35 45 45 46 53 53 60 73 73 79 65 64 37 32 20 7 4 4 4 2 2 2 1 1 -5 -5 -5 1 -1
23 23 45 45 50 75 75 75 75 76 78 123 130 139 139 139 75 45 28 9 6 6 6 -1 -1 -1 3 3 3 -1
40 40 32 32 32 13 13 13 6 6 6 5 5 5 4 4 4 2 2 2 -1 -1 -1 1 1 1 3 3 3 0
36 41 57 65 65 48 45 45 25 25 25 9 9 9 5 5 5 8 8 8 0 0 0 3 3 3 6 6 6 -1
30 30 36 36 36 38 38 38 25 23 23 8 8 8 4 4 4 7 7 7 4 4 4 2 2 2 0 0 0 3
26 26 38 41 41 30 30 30 13 13 13 5 5 5 5 5 5 6 6 6 8 8 8 3 3 3 7 8 8 4
42 42 54 51 51 27 22 22 11 11 11 8 8 8 3 3 3 7 7 7 6 6 6 8 8 8 6 6 6 4
24 24 26 26 26 18 18 18 10 10 10 6 6 6 2 2 2 0 0 0 4 4 4 4 4 4 4 4 4 1
27 34 36 36 29 29 29 12 12 12 4 4 4 3 3 3 2 2 2 8 8 8 2 2 2 8 8 8 4 4
27 27 33 33 33 17 17 17 7 7 7 3 3 3 7 7 7 2 2 2 3 3 3 1 1 1 7 7 7 3
25 25 33 33 33 28 28 28 11 11 11 6 6 6 3 3 3 3 3 3 5 5 5 5 5 5 7 7 7 3
26 26 20 20 20 13 12 12 3 3 3 1 1 1 0 0 0 1 1 1 0 0 0 2 2 2 7 7 7 5
33 33 30 30 30 12 12 12 11 8 8 6 6 6 3 3 3 4 4 4 2 2 2 4 4 4 6 6 6 2
45 45 43 38 38 25 23 23 13 13 13 2 2 2 8 8 8 5 5 5 5 5 5 5 5 5 7 7 7 4
27 34 34 34 33 31 31 20 20 20 9 7 7 0 0 0 2 2 2 4 4 4 0 0 0 1 1 1 3 3
28 28 23 23 23 24 24 24 9 9 9 9 9 9 2 2 2 3 3 3 0 0 0 6 6 6 3 3 3 6
28 36 36 36 44 43 43 28 27 27 9 9 9 6 6 6 -1 -1 -1 0 0 0 2 2 2 5 5 5 3 3
32 32 35 39 39 23 23 23 16 14 14 3 3 3 -2 -2 -2 0 0 0 -1 -1 -1 1 1 1 4 4 4 2
31 42 43 43 39 39 39 20 20 20 9 9 9 2 2 2 3 3 3 3 3 3 1 1 1 -3 -3 -3 4 4
26 26 27 27 27 12 12 12 2 2 2 3 3 3 -3 -3 -3 -1 -1 -1 3 3 3 0 0 0 0 0 0 -1
22 22 35 35 35 39 39 39 29 23 23 11 11 11 7 7 7 -1 -1 -1 3 3 3 5 5 5 2 2 2 0
31 31 21 21 21 13 13 13 12 12 12 5 5 4 4 4 4 -4 -4 -4 -1 -3 -3 -3 -2 -2 -3 -3 -3 -2
24 24 14 14 14 6 6 6 7 7 7 3 3 3 2 2 2 -1 -1 -1 0 0 0 4 4 4 0 0 0 -2
25 25 27 27 27 14 14 14 14 10 10 5 5 5 7 7 7 -2 -2 -2 -1 -1 -1 2 2 2 3 3 3 -2
32 32 38 38 38 36 36 36 27 21 21 9 9 9 2 2 2 1 1 1 -2 -2 -2 2 2 2 -1 -1 -1 -2
34 34 41 41 41 34 34 34 33 25 25 13 13 13 5 5 5 4 4 4 0 0 0 1 1 1 5 7 7 0
34 34 43 44 44 35 34 34 17 17 17 6 6 6 5 5 5 3 3 3 0 0 0 -4 -4 -4 1 1 1 2
36 36 35 35 35 16 16 16 9 9 9 2 2 2 3 3 3 -1 -1 -1 -1 -1 -1 -1 -1 -1 3 4 4 -1
27 27 28 28 28 13 13 13 5 5 5 2 2 2 1 1 1 5 5 5 0 0 0 -2 -2 -2 2 2 2 -1
31 31 38 38 38 29 27 27 10 10 10 1 1 1 -1 0 0 0 0 0 8 8 8 3 3 3 3 3 3 1
30 30 36 36 36 28 28 28 15 15 15 4 4 4 7 7 7 1 1 1 2 2 2 -3 -3 -3 5 5 5 7
22 22 28 28 28 16 16 16 7 7 7 4 4 4 1 1 1 0 0 0 2 2 2 -1 -1 -1 0 0 0 4
28 36 37 37 31 31 31 16 16 16 7 7 7 0 0 0 4 4 4 3 3 3 2 2 2 4 4 4 -1 -1
31 31 38 35 35 21 20 20 7 7 7 1 1 1 0 0 0 2 2 2 -1 -1 -1 1 1 1 2 2 2 2
26 25 25 25 26 22 22 14 14 14 6 6 6 1 1 1 6 6 6 1 1 1 0 0 0 -1 -1 -1 0 0
26 26 39 39 39 30 27 27 11 11 11 5 5 5 2 2 2 1 1 1 4 4 4 0 0 0 2 2 2 -1
29 29 31 31 25 25 25 17 17 17 11 11 11 8 8 8 3 3 3 1 1 1 3 3 3 3 3 3 0 0
41 41 42 42 42 14 14 14 6 6 6 2 2 2 2 2 2 3 3 3 2 2 2 6 5 5 0 0 0 0
28 28 33 33 33 21 21 21 12 12 12 6 6 6 3 3 3 3 3 3 7 7 7 0 0 0 3 3 3 0
29 29 25 25 25 14 14 14 1 1 1 0 0 0 1 1 1 -4 -4 -4 0 0 0 3 3 3 1 1 1 2
26 26 27 32 32 24 24 24 8 8 8 3 3 3 0 0 0 -2 -2 -2 -3 -3 -3 4 4 4 3 3 3 -2
25 25 27 26 26 15 15 15 6 6 6 0 0 0 0 0 0 -1 -1 -1 1 1 1 4 4 4 3 2 2 2
28 28 24 24 24 8 8 8 6 6 6 6 6 6 -3 -3 -3 2 2 2 -1 -1 -1 0 0 0 1 1 1 2
26 26 31 30 30 18 16 16 9 9 9 8 8 8 3 3 3 -3 -3 -3 6 6 6 -1 -1 -1 3 3 3 1
27 27 22 22 22 9 9 9 0 0 0 -2 -2 -2 0 0 0 0 0 0 -7 -7 -7 0 0 0 3 1 1 -1
31 31 44 44 44 25 25 25 9 9 9 -1 -1 -1 0 0 0 0 0 0 -1 -1 -1 -2 -2 -2 3 3 3 1
27 27 24 23 23 10 10 10 7 7 7 5 5 5 -3 -3 -3 -3 -3 -3 -6 -6 -6 -2 -2 -2 -1 -1 -1 -2
26 33 33 33 23 23 23 11 11 11 3 3 3 3 3 3 2 2 2 1 1 0 4 4 4 2 2 2 -2 -2
32 32 44 44 44 33 33 33 14 14 14 5 5 5 1 1 1 -1 -1 -1 4 4 4 3 3 3 0 0 0 3
26 28 28 28 31 31 31 22 22 22 6 6 6 4 4 4 2 2 2 -4 -4 -4 -2 -2 -2 0 0 0 1 1
25 25 35 39 39 38 36 36 22 20 20 2 2 2 8 8 8 0 0 0 -2 -2 -2 3 3 3 3 3 3 0
19 19 26 26 26 25 24 24 14 14 14 1 1 1 1 1 1 2 2 2 -1 -1 -1 5 5 5 1 1 1 2
