1 1 1 1 1 1 0 0 0 0 0 1 1 0 0 1 1 1 1 1 1 1 1 0 1 1 1 1 0 0 0 0 0 0 1 0 0 0 0 0 0 0 0 0 0 0 0 0 0 0 0 1 1 1 1 
0 0 0 0 0 0 0 0 0 0 1 1 1 1 1 1 1 1 2 2 2 2 2 2 2 2 2 2 1 0 0 0 0 0 0 0 0 0 0 0 0 0 0 0 1 0 1 0 0 0 1 1 0 0 0 
0 0 0 0 0 0 0 0 0 0 0 0 1 1 1 1 0 1 1 1 2 2 2 2 2 2 3 3 1 1 1 1 1 1 1 1 0 0 0 0 0 0 0 0 0 1 1 1 0 0 0 0 0 0 0 
-1 -1 -1 -1 -1 -1 0 -1 -1 -1 -1 -1 0 1 1 1 0 0 0 0 0 0 1 1 1 1 1 1 1 1 1 9 9 9 9 9 0 0 0 -1 -1 -1 -1 -1 -1 -1 0 0 0 -1 -1 -1 -1 -1 -1 
-1 -1 0 0 0 0 0 0 -1 -1 -1 0 0 0 0 0 0 0 0 0 0 0 -1 -1 0 0 -1 -1 -1 -1 -1 -1 -1 0 0 -1 -1 -1 0 -1 -1 -1 -1 -1 -1 -1 -1 -1 -1 -1 0 0 0 -1 -1 
-1 -1 -1 -1 0 0 0 0 0 0 -1 -1 -1 0 0 1 0 1 1 1 1 1 1 1 1 1 1 1 1 1 1 0 0 0 0 0 0 0 0 0 -1 -1 -1 -1 -1 -1 -1 0 0 -1 -1 -1 -1 -1 -1 
-1 -1 0 0 0 -1 -1 -1 -1 -1 -1 0 0 0 0 0 0 1 1 1 1 2 2 2 2 2 2 1 1 1 1 1 1 1 1 0 -1 -1 -1 -1 -1 -1 -1 -1 -1 -1 -1 -2 -1 -1 0 0 0 -1 -1 
-1 0 0 0 -1 0 0 0 0 0 0 0 0 0 0 0 0 0 0 0 1 1 1 1 1 1 1 2 2 2 2 2 2 2 3 3 3 1 1 0 0 0 0 0 0 0 0 0 -1 0 -1 -1 -1 -1 -1 
-1 0 0 -1 -1 0 0 0 -1 0 0 1 1 1 0 0 1 1 1 1 2 2 0 0 0 0 0 0 0 0 0 0 0 -1 -1 -1 0 0 -1 -1 -1 -1 -1 -1 0 -1 -1 -1 -1 -1 -1 -1 0 0 0 
-1 -1 -1 0 0 0 0 0 -1 -1 0 0 0 0 0 0 0 0 1 1 1 1 1 1 1 1 1 0 0 0 0 -1 0 -1 0 0 0 -1 -1 -1 -1 -1 -1 -1 -1 -1 0 0 0 -1 -1 -1 -1 -1 -1 
-1 -1 -1 -1 0 -1 0 -1 0 0 1 1 0 0 0 0 0 1 1 1 1 1 1 1 1 1 1 1 0 0 0 -1 -1 -1 0 0 0 -1 0 -1 -1 -1 -1 -1 -1 0 0 0 0 0 -1 -1 -1 -2 -2 
0 0 0 0 0 0 0 1 1 1 0 0 1 1 1 1 0 1 0 1 1 1 1 2 2 2 2 2 2 1 1 0 0 0 0 0 0 0 0 -1 -1 -1 -1 -1 -1 -1 -1 -1 0 -1 -1 -1 0 0 -1 
0 0 0 0 -1 -1 -1 0 0 0 0 0 0 0 1 0 0 0 0 0 0 0 0 0 1 1 1 1 1 1 1 0 -1 -1 -1 -1 -1 -1 -1 -1 -1 -1 -1 -1 -1 0 0 -1 -1 -1 0 -1 -1 -1 -1 
0 -1 -1 -1 -1 -1 -1 -1 0 0 0 0 0 0 0 0 0 0 1 1 1 1 1 1 1 1 1 1 0 0 0 0 0 0 1 1 1 0 -1 -1 -1 -1 -1 -1 0 0 0 -1 0 0 0 -1 -1 -1 -1 
-1 -1 -1 0 1 0 1 1 1 1 1 1 1 1 1 1 1 1 1 1 1 1 2 1 2 2 2 2 1 2 1 2 1 1 1 1 1 1 1 0 0 0 1 1 0 0 0 0 0 0 0 -1 0 0 0 
0 0 0 0 0 1 1 1 1 0 0 0 1 1 1 1 1 1 1 1 2 2 2 2 1 1 1 1 1 1 1 2 2 2 2 2 1 1 2 2 2 2 2 2 1 1 0 0 0 1 1 0 0 0 0 
0 0 0 0 0 0 0 0 0 0 1 1 1 1 1 1 1 1 1 1 1 1 2 2 2 2 2 2 2 2 2 1 1 1 1 1 1 1 1 0 0 0 0 0 1 1 1 0 0 0 0 0 0 0 0 
0 0 0 0 1 1 1 1 1 1 1 1 0 1 1 1 1 1 2 2 2 2 1 2 1 2 2 2 1 1 0 0 0 0 0 0 0 -1 -1 -1 0 0 0 0 0 -1 -1 -1 -1 -1 -1 -1 -1 0 -1 
1 1 1 1 1 1 0 0 0 0 0 0 1 1 1 2 2 1 1 1 1 1 1 1 2 2 2 2 2 2 3 3 2 2 2 1 1 1 1 1 1 1 1 0 0 0 0 1 1 0 0 0 0 0 0 
0 0 1 1 1 1 0 0 0 1 2 2 1 1 1 2 2 2 1 1 1 0 0 0 1 1 1 1 0 0 1 1 0 0 0 0 1 1 0 0 0 0 0 0 0 0 0 0 0 0 0 0 0 0 0 
1 1 1 0 0 0 0 0 0 0 1 1 1 1 1 1 1 1 2 2 2 2 1 1 1 1 1 1 2 2 1 1 2 2 0 0 0 0 0 0 0 1 1 1 1 1 0 0 0 0 0 1 0 0 0 
0 0 0 1 1 1 1 1 1 1 1 1 2 2 2 1 1 1 2 2 2 2 2 2 2 2 2 2 3 3 3 3 3 3 2 2 3 3 2 1 0 0 0 0 0 0 0 0 0 0 0 0 0 0 0 
0 0 0 0 1 1 1 1 1 1 1 1 1 1 1 1 2 2 2 2 2 2 2 2 2 2 2 2 1 0 0 0 0 0 1 1 1 1 1 0 0 0 0 0 0 0 0 0 1 0 0 0 0 0 0 
0 0 0 0 0 0 0 0 1 1 1 1 1 1 1 1 1 1 1 1 1 1 2 2 2 2 2 2 2 2 2 2 1 1 1 1 1 1 1 1 1 1 1 1 1 1 1 1 1 1 0 1 1 1 0 
0 1 1 1 1 1 0 1 0 1 0 0 0 1 1 1 1 1 1 2 2 2 2 2 2 2 2 2 2 2 2 2 2 2 2 2 2 2 1 1 2 2 2 2 2 2 2 2 1 1 1 1 1 1 0 
1 1 1 0 1 1 1 1 1 1 1 1 1 1 1 1 1 2 2 2 2 1 1 1 1 1 1 0 1 1 1 1 0 0 0 1 0 0 0 0 0 1 1 0 0 0 0 0 0 0 0 0 1 0 0 
0 0 0 0 1 1 1 1 1 1 1 1 1 1 1 2 2 1 1 2 2 2 2 2 2 2 2 1 1 1 1 1 1 2 2 1 1 2 2 2 2 2 2 2 1 1 1 2 2 0 0 0 0 0 0 
0 1 1 1 1 1 1 1 1 1 1 1 2 2 2 2 2 1 1 3 3 3 3 3 3 3 2 2 2 2 2 2 2 3 3 2 2 1 1 1 1 1 1 1 1 1 0 0 0 0 1 0 1 1 1 
0 1 1 1 1 1 1 1 1 1 1 2 2 2 2 2 2 2 2 2 2 2 2 2 1 2 1 1 1 1 0 0 0 0 0 0 0 0 0 0 0 0 0 0 0 0 0 1 0 1 0 1 0 0 0 
0 0 0 1 1 1 1 1 1 1 1 0 0 1 1 1 2 2 2 2 2 2 2 2 2 2 2 2 3 3 3 3 3 3 3 2 3 1 2 1 1 0 0 0 0 0 0 0 1 0 1 0 1 0 0 
0 0 0 1 1 0 0 1 1 1 0 1 1 1 1 1 1 2 1 1 1 1 1 1 1 2 3 3 3 3 3 3 2 2 3 3 3 3 2 2 1 1 2 2 2 2 2 2 2 1 0 0 0 0 1 
0 0 1 1 1 1 1 1 1 1 2 1 2 1 1 1 1 2 1 2 1 1 1 1 1 1 2 2 2 1 1 0 0 0 1 1 0 0 0 0 0 0 1 1 1 1 0 0 0 0 -1 1 0 0 0 
1 1 1 0 0 0 0 1 1 1 1 2 2 2 1 1 1 1 1 1 1 1 1 1 1 1 1 1 2 2 2 2 2 2 2 2 2 2 1 1 2 2 2 2 2 2 2 2 2 2 2 2 2 1 0 
0 0 1 1 0 0 -1 0 0 0 0 0 0 0 0 1 1 1 1 1 1 1 1 1 1 1 1 1 1 1 0 0 0 0 -1 -1 -1 -1 -1 -1 -1 0 -1 -1 -1 -1 -1 -1 -1 -1 -1 0 0 0 -1 
-1 -1 0 0 0 0 0 0 0 0 0 0 0 1 1 1 1 0 0 1 1 2 2 1 1 1 0 0 -1 -1 -1 -1 -1 -1 -1 0 0 0 0 0 0 -1 -1 -1 0 0 -1 -1 -1 0 0 0 -1 -1 -1 
-1 0 -1 -1 -1 0 0 0 0 0 0 0 0 0 0 0 0 1 1 1 1 1 1 1 1 1 1 1 1 1 1 1 0 0 0 0 0 0 0 0 0 0 -1 -1 -1 -1 -1 -1 0 0 0 -1 -1 -1 -1 
-1 0 0 -1 -1 -1 -1 -1 0 0 0 0 0 0 -1 -1 0 0 1 1 1 1 1 1 1 1 1 2 2 2 2 2 2 1 1 1 1 1 0 0 0 0 0 0 0 1 1 0 -1 -1 -1 -1 0 -1 -1 
0 0 -1 -1 -1 -1 -1 -1 -1 0 0 0 0 0 0 0 0 0 0 1 1 1 1 1 1 1 0 0 0 0 0 -1 -1 -1 0 0 0 -1 0 0 0 0 -1 -1 -1 -1 -1 -1 -1 -1 0 0 -1 -1 -1 
-1 -1 0 0 -1 -1 -1 0 0 0 0 0 0 0 0 0 0 0 1 1 1 1 1 1 1 1 1 2 2 1 1 1 1 1 1 1 0 0 0 0 0 0 0 0 0 0 -1 -1 -1 -1 -1 0 0 0 0 
0 0 0 0 0 0 0 0 0 0 -1 0 0 0 0 0 0 0 0 1 1 1 1 1 1 1 1 2 2 2 2 2 2 2 1 1 1 1 1 1 1 1 1 1 1 1 0 0 0 0 -1 -1 -1 -1 0 
-1 -1 -1 0 0 0 0 0 0 0 0 0 1 1 1 1 1 1 1 2 1 1 1 1 1 0 0 0 0 0 0 0 -1 -1 -1 0 -1 -1 -1 -1 -1 -1 -1 -1 -1 -1 0 0 0 -1 -1 -1 0 0 0 
0 0 0 -1 -1 -1 -1 0 0 0 0 0 0 0 0 0 0 0 0 0 0 0 0 0 0 0 0 1 1 1 1 1 1 1 1 1 0 0 0 1 1 1 1 1 1 0 0 0 0 0 -1 -1 0 0 -1 
0 0 -1 -1 -1 0 0 0 -1 -1 -1 0 0 0 0 0 1 1 1 1 1 1 1 1 1 1 1 1 1 1 1 1 1 1 1 1 0 0 0 0 0 0 0 0 0 0 -1 -1 0 0 0 -1 -1 -1 -1 
0 -1 -1 -1 -1 0 -1 0 -1 0 0 0 0 1 1 1 1 1 2 2 2 2 2 2 1 1 1 0 0 0 0 0 0 0 -1 -1 -1 -1 -1 -1 0 0 0 0 0 0 -1 -1 -1 -1 -1 -1 -1 -1 -1 
-1 0 0 0 0 0 -1 0 0 0 0 -1 0 0 0 1 1 1 0 0 0 0 0 0 0 0 0 1 1 1 1 1 1 1 1 1 1 1 0 0 0 0 0 0 -1 -1 -1 -1 -1 -1 -1 0 0 0 0 
0 -1 -1 -1 -1 0 0 0 0 0 0 0 0 0 0 0 1 0 1 2 2 2 2 2 2 2 2 1 1 1 1 1 0 0 0 0 0 0 0 -1 -1 -1 0 -1 0 -1 -1 -1 -1 -1 -1 -1 -1 0 0 
-1 -1 -1 -1 0 0 0 0 0 0 0 0 0 0 1 1 1 2 2 2 2 2 2 2 2 2 1 1 0 0 0 0 0 0 0 0 0 0 0 0 0 0 0 -1 0 -1 -1 -1 -1 -1 -1 -1 -1 -1 -1 
-1 -1 -1 -1 0 0 0 0 0 0 0 0 0 0 1 1 1 0 0 0 0 0 0 0 0 1 1 1 1 0 0 0 0 0 0 0 0 0 0 -1 -1 -1 -1 0 0 -1 -1 -1 -1 -1 -1 -1 -1 -1 -1 
0 0 0 0 0 1 1 1 1 0 1 1 1 1 1 1 1 2 2 2 2 2 2 2 2 2 2 2 2 2 2 2 2 2 2 2 2 2 1 1 1 1 1 1 1 1 1 1 1 1 1 1 1 1 1 
0 0 0 1 0 1 0 1 0 1 1 1 1 1 1 1 2 2 2 2 2 2 2 2 2 2 2 2 2 2 1 1 1 1 1 1 1 1 1 1 0 0 0 0 1 1 0 0 0 0 1 1 0 0 0 
0 0 0 0 0 0 0 0 0 0 1 1 1 1 1 1 2 2 2 3 3 3 3 3 3 3 3 3 3 3 3 3 3 3 2 2 2 2 2 2 2 2 2 2 2 1 1 1 1 0 0 0 0 0 0 
0 0 0 0 0 1 1 1 1 1 1 1 1 1 1 1 1 1 1 1 1 1 1 1 2 2 2 2 2 2 2 2 2 2 2 2 1 1 1 1 1 1 1 1 1 0 0 0 1 1 1 1 1 1 1 
1 1 1 1 1 1 1 0 0 0 1 1 1 1 1 1 1 1 1 1 1 2 2 2 1 1 1 1 1 1 1 1 0 0 0 1 1 1 0 0 0 0 0 0 0 0 0 0 0 0 0 0 0 0 0 
0 0 0 0 0 0 0 0 0 1 1 2 2 1 1 1 1 1 1 1 2 2 2 2 2 2 2 2 2 2 2 2 2 2 2 3 3 2 2 1 1 0 0 0 0 0 0 0 0 0 1 1 1 1 1 
1 1 0 0 0 0 0 0 0 1 1 1 1 0 0 1 2 1 1 1 2 2 1 1 2 2 2 2 2 2 1 1 1 0 0 0 0 0 0 0 1 1 0 0 0 0 0 0 -1 -1 0 0 -1 -1 0 
0 1 1 1 0 0 0 1 1 1 0 0 0 1 1 1 0 0 0 1 1 1 1 1 2 2 1 1 1 1 1 1 1 1 1 0 0 0 1 1 0 0 0 0 0 0 0 0 0 1 0 0 0 0 0 
-1 -1 -1 -1 0 0 0 -1 0 0 0 0 0 0 0 0 0 0 1 1 1 1 0 0 0 0 0 0 0 0 1 2 3 35 35 19 9 9 9 3 1 1 0 0 0 0 0 0 0 0 0 0 0 0 0 
0 0 0 0 -1 -1 0 0 0 0 0 0 0 0 0 0 0 1 0 0 0 1 1 1 1 1 1 1 1 1 1 1 1 0 0 0 0 0 0 0 0 0 -1 -1 -1 -1 -1 0 0 0 -1 0 0 0 0 
-1 -1 -1 0 0 0 0 -1 -1 0 0 0 0 0 0 0 1 1 1 0 0 0 0 0 0 0 1 1 0 0 0 0 0 0 0 0 0 0 0 0 -1 -1 -2 -2 -1 -1 -1 -1 -1 -1 0 0 0 -1 0 
0 0 0 0 -1 -1 -1 0 0 0 0 0 0 0 0 0 0 0 1 2 2 2 2 2 2 2 2 2 1 1 0 0 0 0 1 1 1 1 1 1 0 0 0 -1 -1 -1 0 -1 0 -1 -1 -1 -1 -1 0 
0 0 0 0 0 0 0 0 0 0 0 0 1 1 1 0 0 0 0 1 1 1 1 1 1 1 1 1 1 1 1 1 1 1 1 1 -1 -1 -1 -1 1 1 0 -1 -1 -1 -1 -1 -1 0 0 0 -1 -1 -1 
0 -1 -1 -1 -1 0 0 0 0 0 0 0 0 0 1 1 1 1 0 0 1 1 0 0 0 1 1 0 0 0 0 0 0 1 1 1 0 -1 0 -1 -1 -1 0 0 0 0 0 -1 -1 -1 -1 -1 0 0 0 
-1 -1 0 0 0 0 0 0 0 -1 -1 -1 0 0 0 0 0 0 2 2 2 2 2 2 2 2 2 2 2 2 2 2 2 2 1 1 1 0 0 0 0 0 0 0 0 0 0 -1 -1 -1 0 0 0 0 0 
0 -1 -1 -1 -1 -1 -1 0 0 0 -1 0 0 0 0 0 0 1 1 1 1 1 1 1 1 1 1 1 1 3 3 2 2 1 0 0 0 0 0 0 0 0 -1 -1 -1 0 0 0 0 -1 -1 -1 -1 -1 -1 
-1 -1 -1 -1 -1 -1 0 0 0 0 0 0 0 0 0 0 0 0 1 1 1 1 0 0 1 1 1 1 1 1 1 1 1 1 1 1 1 1 1 1 0 0 -1 -1 0 0 0 0 0 0 0 0 0 0 0 
0 -1 0 0 0 0 0 0 0 0 0 0 0 0 0 0 0 0 1 1 1 1 1 1 1 1 1 1 1 1 1 1 1 1 1 1 1 1 1 -1 -1 -1 -1 -1 -1 -1 -1 -1 -1 -1 -1 0 0 0 -1 
-1 0 0 0 -1 -1 -1 -1 -1 0 0 0 0 0 0 0 0 0 0 0 1 1 1 1 1 1 1 1 1 1 0 1 0 1 0 0 0 0 0 0 0 -1 -1 -1 -1 0 0 0 -1 -1 0 0 0 -1 0 
0 0 0 0 0 0 0 -1 -1 -1 1 1 0 0 0 0 0 0 0 0 2 1 1 1 1 1 1 0 0 0 0 0 0 0 0 0 0 -1 -1 -1 0 0 0 0 -1 0 0 0 -1 -1 0 0 -1 -1 -1 
0 0 0 0 -1 0 0 0 0 0 -1 0 0 0 0 0 0 0 1 1 1 0 0 0 0 0 0 1 2 2 2 2 2 2 1 1 1 1 1 1 1 1 1 1 1 1 1 1 0 0 0 0 0 -1 -1 
0 0 0 -1 -1 -1 -1 -1 -1 -1 0 0 1 -1 0 0 0 1 1 1 0 0 0 0 0 0 1 1 1 1 1 1 1 1 1 1 1 0 0 0 0 0 0 0 0 0 0 0 0 -1 -1 0 0 0 0 
-1 0 0 0 0 -1 -1 -1 -1 -1 -1 0 0 0 0 0 0 0 0 0 1 1 1 3 3 3 3 3 3 32 37 37 24 10 10 10 2 0 0 0 0 0 0 0 0 -1 -1 -1 -1 -1 -1 -1 -1 0 0 
0 0 0 0 0 0 0 0 0 1 1 0 -1 -1 0 0 0 0 0 0 1 1 1 1 1 1 1 1 1 1 1 1 1 1 0 0 0 0 0 0 0 0 0 -1 0 -1 -1 -1 -1 -1 0 0 0 0 0 
1 1 1 1 1 1 1 1 1 1 1 1 1 1 1 1 1 1 1 1 1 2 2 2 2 2 2 2 3 1 1 1 2 2 2 1 1 1 1 1 1 1 0 1 0 1 1 1 0 0 0 0 0 0 0 
0 0 1 1 1 1 1 1 1 1 1 1 1 1 1 1 2 2 2 1 1 1 2 2 2 2 2 2 2 2 2 1 1 1 1 0 0 0 0 0 0 1 1 0 0 1 1 1 2 0 1 1 1 1 0 
0 1 1 1 1 1 1 2 1 1 1 1 1 1 1 1 1 1 2 2 2 2 2 2 2 2 2 2 2 2 2 2 4 4 5 5 5 5 5 5 2 2 1 1 1 1 1 1 1 1 0 0 0 0 0 
7 6 5 5 9 9 9 11 11 12 12 14 15 18 20 25 27 27 28 34 34 35 35 35 35 35 35 35 37 37 37 35 35 35 35 36 36 36 36 31 26 26 26 26 26 26 26 15 15 15 14 11 11 11 11 
0 0 0 0 0 0 0 0 0 0 1 1 1 1 1 1 1 1 2 2 2 2 2 2 2 2 2 2 1 0 0 0 0 0 0 0 0 0 0 0 0 0 0 0 1 0 1 0 0 0 1 1 0 0 0 
0 0 0 0 0 0 0 0 0 0 0 0 1 1 1 1 0 1 1 1 2 2 2 2 2 2 3 3 1 1 1 1 1 1 1 1 0 0 0 0 0 0 0 0 0 1 1 1 0 0 0 0 0 0 0 
-1 -1 -1 -1 -1 -1 0 -1 -1 -1 -1 -1 0 1 1 1 0 0 0 0 0 0 1 1 1 1 1 1 1 1 1 9 9 9 9 9 0 0 0 -1 -1 -1 -1 -1 -1 -1 0 0 0 -1 -1 -1 -1 -1 -1 
-1 -1 0 0 0 0 0 0 -1 -1 -1 0 0 0 0 0 0 0 0 0 0 0 -1 -1 0 0 -1 -1 -1 -1 -1 -1 -1 0 0 -1 -1 -1 0 -1 -1 -1 -1 -1 -1 -1 -1 -1 -1 -1 0 0 0 -1 -1 
-1 -1 -1 -1 0 0 0 0 0 0 -1 -1 -1 0 0 1 0 1 1 1 1 1 1 1 1 1 1 1 1 1 1 0 0 0 0 0 0 0 0 0 -1 -1 -1 -1 -1 -1 -1 0 0 -1 -1 -1 -1 -1 -1 
-1 -1 0 0 0 -1 -1 -1 -1 -1 -1 0 0 0 0 0 0 1 1 1 1 2 2 2 2 2 2 1 1 1 1 1 1 1 1 0 -1 -1 -1 -1 -1 -1 -1 -1 -1 -1 -1 -2 -1 -1 0 0 0 -1 -1 
-1 0 0 0 -1 0 0 0 0 0 0 0 0 0 0 0 0 0 0 0 1 1 1 1 1 1 1 2 2 2 2 2 2 2 3 3 3 1 1 0 0 0 0 0 0 0 0 0 -1 0 -1 -1 -1 -1 -1 
-1 0 0 -1 -1 0 0 0 -1 0 0 1 1 1 0 0 1 1 1 1 2 2 0 0 0 0 0 0 0 0 0 0 0 -1 -1 -1 0 0 -1 -1 -1 -1 -1 -1 0 -1 -1 -1 -1 -1 -1 -1 0 0 0 
-1 -1 -1 0 0 0 0 0 -1 -1 0 0 0 0 0 0 0 0 1 1 1 1 1 1 1 1 1 0 0 0 0 -1 0 -1 0 0 0 -1 -1 -1 -1 -1 -1 -1 -1 -1 0 0 0 -1 -1 -1 -1 -1 -1 
-1 -1 -1 -1 0 -1 0 -1 0 0 1 1 0 0 0 0 0 1 1 1 1 1 1 1 1 1 1 1 0 0 0 -1 -1 -1 0 0 0 -1 0 -1 -1 -1 -1 -1 -1 0 0 0 0 0 -1 -1 -1 -2 -2 
0 0 0 0 0 0 0 1 1 1 0 0 1 1 1 1 0 1 0 1 1 1 1 2 2 2 2 2 2 1 1 0 0 0 0 0 0 0 0 -1 -1 -1 -1 -1 -1 -1 -1 -1 0 -1 -1 -1 0 0 -1 
0 0 0 0 -1 -1 -1 0 0 0 0 0 0 0 1 0 0 0 0 0 0 0 0 0 1 1 1 1 1 1 1 0 -1 -1 -1 -1 -1 -1 -1 -1 -1 -1 -1 -1 -1 0 0 -1 -1 -1 0 -1 -1 -1 -1 
0 -1 -1 -1 -1 -1 -1 -1 0 0 0 0 0 0 0 0 0 0 1 1 1 1 1 1 1 1 1 1 0 0 0 0 0 0 1 1 1 0 -1 -1 -1 -1 -1 -1 0 0 0 -1 0 0 0 -1 -1 -1 -1 
-1 -1 -1 0 1 0 1 1 1 1 1 1 1 1 1 1 1 1 1 1 1 1 2 1 2 2 2 2 1 2 1 2 1 1 1 1 1 1 1 0 0 0 1 1 0 0 0 0 0 0 0 -1 0 0 0 
0 0 0 0 0 1 1 1 1 0 0 0 1 1 1 1 1 1 1 1 2 2 2 2 1 1 1 1 1 1 1 2 2 2 2 2 1 1 2 2 2 2 2 2 1 1 0 0 0 1 1 0 0 0 0 
0 0 0 0 0 0 0 0 0 0 1 1 1 1 1 1 1 1 1 1 1 1 2 2 2 2 2 2 2 2 2 1 1 1 1 1 1 1 1 0 0 0 0 0 1 1 1 0 0 0 0 0 0 0 0 
0 0 0 0 1 1 1 1 1 1 1 1 0 1 1 1 1 1 2 2 2 2 1 2 1 2 2 2 1 1 0 0 0 0 0 0 0 -1 -1 -1 0 0 0 0 0 -1 -1 -1 -1 -1 -1 -1 -1 0 -1 
1 1 1 1 1 1 0 0 0 0 0 0 1 1 1 2 2 1 1 1 1 1 1 1 2 2 2 2 2 2 3 3 2 2 2 1 1 1 1 1 1 1 1 0 0 0 0 1 1 0 0 0 0 0 0 
0 0 1 1 1 1 0 0 0 1 2 2 1 1 1 2 2 2 1 1 1 0 0 0 1 1 1 1 0 0 1 1 0 0 0 0 1 1 0 0 0 0 0 0 0 0 0 0 0 0 0 0 0 0 0 
1 1 1 0 0 0 0 0 0 0 1 1 1 1 1 1 1 1 2 2 2 2 1 1 1 1 1 1 2 2 1 1 2 2 0 0 0 0 0 0 0 1 1 1 1 1 0 0 0 0 0 1 0 0 0 
0 0 0 1 1 1 1 1 1 1 1 1 2 2 2 1 1 1 2 2 2 2 2 2 2 2 2 2 3 3 3 3 3 3 2 2 3 3 2 1 0 0 0 0 0 0 0 0 0 0 0 0 0 0 0 
0 0 0 0 1 1 1 1 1 1 1 1 1 1 1 1 2 2 2 2 2 2 2 2 2 2 2 2 1 0 0 0 0 0 1 1 1 1 1 0 0 0 0 0 0 0 0 0 1 0 0 0 0 0 0 
0 0 0 0 0 0 0 0 1 1 1 1 1 1 1 1 1 1 1 1 1 1 2 2 2 2 2 2 2 2 2 2 1 1 1 1 1 1 1 1 1 1 1 1 1 1 1 1 1 1 0 1 1 1 0 
0 1 1 1 1 1 0 1 0 1 0 0 0 1 1 1 1 1 1 2 2 2 2 2 2 2 2 2 2 2 2 2 2 2 2 2 2 2 1 1 2 2 2 2 2 2 2 2 1 1 1 1 1 1 0 
1 1 1 0 1 1 1 1 1 1 1 1 1 1 1 1 1 2 2 2 2 1 1 1 1 1 1 0 1 1 1 1 0 0 0 1 0 0 0 0 0 1 1 0 0 0 0 0 0 0 0 0 1 0 0 
0 0 0 0 1 1 1 1 1 1 1 1 1 1 1 2 2 1 1 2 2 2 2 2 2 2 2 1 1 1 1 1 1 2 2 1 1 2 2 2 2 2 2 2 1 1 1 2 2 0 0 0 0 0 0 
0 1 1 1 1 1 1 1 1 1 1 1 2 2 2 2 2 1 1 3 3 3 3 3 3 3 2 2 2 2 2 2 2 3 3 2 2 1 1 1 1 1 1 1 1 1 0 0 0 0 1 0 1 1 1 
0 1 1 1 1 1 1 1 1 1 1 2 2 2 2 2 2 2 2 2 2 2 2 2 1 2 1 1 1 1 0 0 0 0 0 0 0 0 0 0 0 0 0 0 0 0 0 1 0 1 0 1 0 0 0 
0 0 0 1 1 1 1 1 1 1 1 0 0 1 1 1 2 2 2 2 2 2 2 2 2 2 2 2 3 3 3 3 3 3 3 2 3 1 2 1 1 0 0 0 0 0 0 0 1 0 1 0 1 0 0 
0 0 0 1 1 0 0 1 1 1 0 1 1 1 1 1 1 2 1 1 1 1 1 1 1 2 3 3 3 3 3 3 2 2 3 3 3 3 2 2 1 1 2 2 2 2 2 2 2 1 0 0 0 0 1 
0 0 1 1 1 1 1 1 1 1 2 1 2 1 1 1 1 2 1 2 1 1 1 1 1 1 2 2 2 1 1 0 0 0 1 1 0 0 0 0 0 0 1 1 1 1 0 0 0 0 -1 1 0 0 0 
1 1 1 0 0 0 0 1 1 1 1 2 2 2 1 1 1 1 1 1 1 1 1 1 1 1 1 1 2 2 2 2 2 2 2 2 2 2 1 1 2 2 2 2 2 2 2 2 2 2 2 2 2 1 0 
0 0 1 1 0 0 -1 0 0 0 0 0 0 0 0 1 1 1 1 1 1 1 1 1 1 1 1 1 1 1 0 0 0 0 -1 -1 -1 -1 -1 -1 -1 0 -1 -1 -1 -1 -1 -1 -1 -1 -1 0 0 0 -1 
-1 -1 0 0 0 0 0 0 0 0 0 0 0 1 1 1 1 0 0 1 1 2 2 1 1 1 0 0 -1 -1 -1 -1 -1 -1 -1 0 0 0 0 0 0 -1 -1 -1 0 0 -1 -1 -1 0 0 0 -1 -1 -1 
-1 0 -1 -1 -1 0 0 0 0 0 0 0 0 0 0 0 0 1 1 1 1 1 1 1 1 1 1 1 1 1 1 1 0 0 0 0 0 0 0 0 0 0 -1 -1 -1 -1 -1 -1 0 0 0 -1 -1 -1 -1 
-1 0 0 -1 -1 -1 -1 -1 0 0 0 0 0 0 -1 -1 0 0 1 1 1 1 1 1 1 1 1 2 2 2 2 2 2 1 1 1 1 1 0 0 0 0 0 0 0 1 1 0 -1 -1 -1 -1 0 -1 -1 
0 0 -1 -1 -1 -1 -1 -1 -1 0 0 0 0 0 0 0 0 0 0 1 1 1 1 1 1 1 0 0 0 0 0 -1 -1 -1 0 0 0 -1 0 0 0 0 -1 -1 -1 -1 -1 -1 -1 -1 0 0 -1 -1 -1 
-1 -1 0 0 -1 -1 -1 0 0 0 0 0 0 0 0 0 0 0 1 1 1 1 1 1 1 1 1 2 2 1 1 1 1 1 1 1 0 0 0 0 0 0 0 0 0 0 -1 -1 -1 -1 -1 0 0 0 0 
0 0 0 0 0 0 0 0 0 0 -1 0 0 0 0 0 0 0 0 1 1 1 1 1 1 1 1 2 2 2 2 2 2 2 1 1 1 1 1 1 1 1 1 1 1 1 0 0 0 0 -1 -1 -1 -1 0 
-1 -1 -1 0 0 0 0 0 0 0 0 0 1 1 1 1 1 1 1 2 1 1 1 1 1 0 0 0 0 0 0 0 -1 -1 -1 0 -1 -1 -1 -1 -1 -1 -1 -1 -1 -1 0 0 0 -1 -1 -1 0 0 0 
0 0 0 -1 -1 -1 -1 0 0 0 0 0 0 0 0 0 0 0 0 0 0 0 0 0 0 0 0 1 1 1 1 1 1 1 1 1 0 0 0 1 1 1 1 1 1 0 0 0 0 0 -1 -1 0 0 -1 
0 0 -1 -1 -1 0 0 0 -1 -1 -1 0 0 0 0 0 1 1 1 1 1 1 1 1 1 1 1 1 1 1 1 1 1 1 1 1 0 0 0 0 0 0 0 0 0 0 -1 -1 0 0 0 -1 -1 -1 -1 
0 -1 -1 -1 -1 0 -1 0 -1 0 0 0 0 1 1 1 1 1 2 2 2 2 2 2 1 1 1 0 0 0 0 0 0 0 -1 -1 -1 -1 -1 -1 0 0 0 0 0 0 -1 -1 -1 -1 -1 -1 -1 -1 -1 
-1 0 0 0 0 0 -1 0 0 0 0 -1 0 0 0 1 1 1 0 0 0 0 0 0 0 0 0 1 1 1 1 1 1 1 1 1 1 1 0 0 0 0 0 0 -1 -1 -1 -1 -1 -1 -1 0 0 0 0 
0 -1 -1 -1 -1 0 0 0 0 0 0 0 0 0 0 0 1 0 1 2 2 2 2 2 2 2 2 1 1 1 1 1 0 0 0 0 0 0 0 -1 -1 -1 0 -1 0 -1 -1 -1 -1 -1 -1 -1 -1 0 0 
-1 -1 -1 -1 0 0 0 0 0 0 0 0 0 0 1 1 1 2 2 2 2 2 2 2 2 2 1 1 0 0 0 0 0 0 0 0 0 0 0 0 0 0 0 -1 0 -1 -1 -1 -1 -1 -1 -1 -1 -1 -1 
-1 -1 -1 -1 0 0 0 0 0 0 0 0 0 0 1 1 1 0 0 0 0 0 0 0 0 1 1 1 1 0 0 0 0 0 0 0 0 0 0 -1 -1 -1 -1 0 0 -1 -1 -1 -1 -1 -1 -1 -1 -1 -1 
0 0 0 0 0 1 1 1 1 0 1 1 1 1 1 1 1 2 2 2 2 2 2 2 2 2 2 2 2 2 2 2 2 2 2 2 2 2 1 1 1 1 1 1 1 1 1 1 1 1 1 1 1 1 1 
0 0 0 1 0 1 0 1 0 1 1 1 1 1 1 1 2 2 2 2 2 2 2 2 2 2 2 2 2 2 1 1 1 1 1 1 1 1 1 1 0 0 0 0 1 1 0 0 0 0 1 1 0 0 0 
0 0 0 0 0 0 0 0 0 0 1 1 1 1 1 1 2 2 2 3 3 3 3 3 3 3 3 3 3 3 3 3 3 3 2 2 2 2 2 2 2 2 2 2 2 1 1 1 1 0 0 0 0 0 0 
0 0 0 0 0 1 1 1 1 1 1 1 1 1 1 1 1 1 1 1 1 1 1 1 2 2 2 2 2 2 2 2 2 2 2 2 1 1 1 1 1 1 1 1 1 0 0 0 1 1 1 1 1 1 1 
1 1 1 1 1 1 1 0 0 0 1 1 1 1 1 1 1 1 1 1 1 2 2 2 1 1 1 1 1 1 1 1 0 0 0 1 1 1 0 0 0 0 0 0 0 0 0 0 0 0 0 0 0 0 0 
0 0 0 0 0 0 0 0 0 1 1 2 2 1 1 1 1 1 1 1 2 2 2 2 2 2 2 2 2 2 2 2 2 2 2 3 3 2 2 1 1 0 0 0 0 0 0 0 0 0 1 1 1 1 1 
1 1 0 0 0 0 0 0 0 1 1 1 1 0 0 1 2 1 1 1 2 2 1 1 2 2 2 2 2 2 1 1 1 0 0 0 0 0 0 0 1 1 0 0 0 0 0 0 -1 -1 0 0 -1 -1 0 
0 1 1 1 0 0 0 1 1 1 0 0 0 1 1 1 0 0 0 1 1 1 1 1 2 2 1 1 1 1 1 1 1 1 1 0 0 0 1 1 0 0 0 0 0 0 0 0 0 1 0 0 0 0 0 
-1 -1 -1 -1 0 0 0 -1 0 0 0 0 0 0 0 0 0 0 1 1 1 1 0 0 0 0 0 0 0 0 1 2 3 35 35 19 9 9 9 3 1 1 0 0 0 0 0 0 0 0 0 0 0 0 0 
0 0 0 0 -1 -1 0 0 0 0 0 0 0 0 0 0 0 1 0 0 0 1 1 1 1 1 1 1 1 1 1 1 1 0 0 0 0 0 0 0 0 0 -1 -1 -1 -1 -1 0 0 0 -1 0 0 0 0 
-1 -1 -1 0 0 0 0 -1 -1 0 0 0 0 0 0 0 1 1 1 0 0 0 0 0 0 0 1 1 0 0 0 0 0 0 0 0 0 0 0 0 -1 -1 -2 -2 -1 -1 -1 -1 -1 -1 0 0 0 -1 0 
0 0 0 0 -1 -1 -1 0 0 0 0 0 0 0 0 0 0 0 1 2 2 2 2 2 2 2 2 2 1 1 0 0 0 0 1 1 1 1 1 1 0 0 0 -1 -1 -1 0 -1 0 -1 -1 -1 -1 -1 0 
0 0 0 0 0 0 0 0 0 0 0 0 1 1 1 0 0 0 0 1 1 1 1 1 1 1 1 1 1 1 1 1 1 1 1 1 -1 -1 -1 -1 1 1 0 -1 -1 -1 -1 -1 -1 0 0 0 -1 -1 -1 
0 -1 -1 -1 -1 0 0 0 0 0 0 0 0 0 1 1 1 1 0 0 1 1 0 0 0 1 1 0 0 0 0 0 0 1 1 1 0 -1 0 -1 -1 -1 0 0 0 0 0 -1 -1 -1 -1 -1 0 0 0 
-1 -1 0 0 0 0 0 0 0 -1 -1 -1 0 0 0 0 0 0 2 2 2 2 2 2 2 2 2 2 2 2 2 2 2 2 1 1 1 0 0 0 0 0 0 0 0 0 0 -1 -1 -1 0 0 0 0 0 
0 -1 -1 -1 -1 -1 -1 0 0 0 -1 0 0 0 0 0 0 1 1 1 1 1 1 1 1 1 1 1 1 3 3 2 2 1 0 0 0 0 0 0 0 0 -1 -1 -1 0 0 0 0 -1 -1 -1 -1 -1 -1 
-1 -1 -1 -1 -1 -1 0 0 0 0 0 0 0 0 0 0 0 0 1 1 1 1 0 0 1 1 1 1 1 1 1 1 1 1 1 1 1 1 1 1 0 0 -1 -1 0 0 0 0 0 0 0 0 0 0 0 
0 -1 0 0 0 0 0 0 0 0 0 0 0 0 0 0 0 0 1 1 1 1 1 1 1 1 1 1 1 1 1 1 1 1 1 1 1 1 1 -1 -1 -1 -1 -1 -1 -1 -1 -1 -1 -1 -1 0 0 0 -1 
-1 0 0 0 -1 -1 -1 -1 -1 0 0 0 0 0 0 0 0 0 0 0 1 1 1 1 1 1 1 1 1 1 0 1 0 1 0 0 0 0 0 0 0 -1 -1 -1 -1 0 0 0 -1 -1 0 0 0 -1 0 
0 0 0 0 0 0 0 -1 -1 -1 1 1 0 0 0 0 0 0 0 0 2 1 1 1 1 1 1 0 0 0 0 0 0 0 0 0 0 -1 -1 -1 0 0 0 0 -1 0 0 0 -1 -1 0 0 -1 -1 -1 
0 0 0 0 -1 0 0 0 0 0 -1 0 0 0 0 0 0 0 1 1 1 0 0 0 0 0 0 1 2 2 2 2 2 2 1 1 1 1 1 1 1 1 1 1 1 1 1 1 0 0 0 0 0 -1 -1 
0 0 0 -1 -1 -1 -1 -1 -1 -1 0 0 1 -1 0 0 0 1 1 1 0 0 0 0 0 0 1 1 1 1 1 1 1 1 1 1 1 0 0 0 0 0 0 0 0 0 0 0 0 -1 -1 0 0 0 0 
-1 0 0 0 0 -1 -1 -1 -1 -1 -1 0 0 0 0 0 0 0 0 0 1 1 1 3 3 3 3 3 3 32 37 37 24 10 10 10 2 0 0 0 0 0 0 0 0 -1 -1 -1 -1 -1 -1 -1 -1 0 0 
0 0 0 0 0 0 0 0 0 1 1 0 -1 -1 0 0 0 0 0 0 1 1 1 1 1 1 1 1 1 1 1 1 1 1 0 0 0 0 0 0 0 0 0 -1 0 -1 -1 -1 -1 -1 0 0 0 0 0 
1 1 1 1 1 1 1 1 1 1 1 1 1 1 1 1 1 1 1 1 1 2 2 2 2 2 2 2 3 1 1 1 2 2 2 1 1 1 1 1 1 1 0 1 0 1 1 1 0 0 0 0 0 0 0 
0 0 1 1 1 1 1 1 1 1 1 1 1 1 1 1 2 2 2 1 1 1 2 2 2 2 2 2 2 2 2 1 1 1 1 0 0 0 0 0 0 1 1 0 0 1 1 1 2 0 1 1 1 1 0 
0 1 1 1 1 1 1 2 1 1 1 1 1 1 1 1 1 1 2 2 2 2 2 2 2 2 2 2 2 2 2 2 4 4 5 5 5 5 5 5 2 2 1 1 1 1 1 1 1 1 0 0 0 0 0 
0 0 0 1 1 1 1 1 1 1 1 1 1 1 0 1 0 1 1 1 1 0 0 0 0 0 0 1 1 1 1 1 1 1 1 1 1 1 1 1 1 1 1 1 1 1 1 1 0 0 0 1 1 1 1 
0 0 0 0 0 0 0 0 0 0 1 1 1 1 1 1 1 1 2 2 2 2 2 2 2 2 2 2 1 0 0 0 0 0 0 0 0 0 0 0 0 0 0 0 1 0 1 0 0 0 1 1 0 0 0 
0 0 0 0 0 0 0 0 0 0 0 0 1 1 1 1 0 1 1 1 2 2 2 2 2 2 3 3 1 1 1 1 1 1 1 1 0 0 0 0 0 0 0 0 0 1 1 1 0 0 0 0 0 0 0 
-1 -1 -1 -1 -1 -1 0 -1 -1 -1 -1 -1 0 1 1 1 0 0 0 0 0 0 1 1 1 1 1 1 1 1 1 9 9 9 9 9 0 0 0 -1 -1 -1 -1 -1 -1 -1 0 0 0 -1 -1 -1 -1 -1 -1 
-1 -1 0 0 0 0 0 0 -1 -1 -1 0 0 0 0 0 0 0 0 0 0 0 -1 -1 0 0 -1 -1 -1 -1 -1 -1 -1 0 0 -1 -1 -1 0 -1 -1 -1 -1 -1 -1 -1 -1 -1 -1 -1 0 0 0 -1 -1 
-1 -1 -1 -1 0 0 0 0 0 0 -1 -1 -1 0 0 1 0 1 1 1 1 1 1 1 1 1 1 1 1 1 1 0 0 0 0 0 0 0 0 0 -1 -1 -1 -1 -1 -1 -1 0 0 -1 -1 -1 -1 -1 -1 
-1 -1 0 0 0 -1 -1 -1 -1 -1 -1 0 0 0 0 0 0 1 1 1 1 2 2 2 2 2 2 1 1 1 1 1 1 1 1 0 -1 -1 -1 -1 -1 -1 -1 -1 -1 -1 -1 -2 -1 -1 0 0 0 -1 -1 
-1 0 0 0 -1 0 0 0 0 0 0 0 0 0 0 0 0 0 0 0 1 1 1 1 1 1 1 2 2 2 2 2 2 2 3 3 3 1 1 0 0 0 0 0 0 0 0 0 -1 0 -1 -1 -1 -1 -1 
-1 0 0 -1 -1 0 0 0 -1 0 0 1 1 1 0 0 1 1 1 1 2 2 0 0 0 0 0 0 0 0 0 0 0 -1 -1 -1 0 0 -1 -1 -1 -1 -1 -1 0 -1 -1 -1 -1 -1 -1 -1 0 0 0 
-1 -1 -1 0 0 0 0 0 -1 -1 0 0 0 0 0 0 0 0 1 1 1 1 1 1 1 1 1 0 0 0 0 -1 0 -1 0 0 0 -1 -1 -1 -1 -1 -1 -1 -1 -1 0 0 0 -1 -1 -1 -1 -1 -1 
-1 -1 -1 -1 0 -1 0 -1 0 0 1 1 0 0 0 0 0 1 1 1 1 1 1 1 1 1 1 1 0 0 0 -1 -1 -1 0 0 0 -1 0 -1 -1 -1 -1 -1 -1 0 0 0 0 0 -1 -1 -1 -2 -2 
0 0 0 0 0 0 0 1 1 1 0 0 1 1 1 1 0 1 0 1 1 1 1 2 2 2 2 2 2 1 1 0 0 0 0 0 0 0 0 -1 -1 -1 -1 -1 -1 -1 -1 -1 0 -1 -1 -1 0 0 -1 
0 0 0 0 -1 -1 -1 0 0 0 0 0 0 0 1 0 0 0 0 0 0 0 0 0 1 1 1 1 1 1 1 0 -1 -1 -1 -1 -1 -1 -1 -1 -1 -1 -1 -1 -1 0 0 -1 -1 -1 0 -1 -1 -1 -1 
0 -1 -1 -1 -1 -1 -1 -1 0 0 0 0 0 0 0 0 0 0 1 1 1 1 1 1 1 1 1 1 0 0 0 0 0 0 1 1 1 0 -1 -1 -1 -1 -1 -1 0 0 0 -1 0 0 0 -1 -1 -1 -1 
-1 -1 -1 0 1 0 1 1 1 1 1 1 1 1 1 1 1 1 1 1 1 1 2 1 2 2 2 2 1 2 1 2 1 1 1 1 1 1 1 0 0 0 1 1 0 0 0 0 0 0 0 -1 0 0 0 
0 0 0 0 0 1 1 1 1 0 0 0 1 1 1 1 1 1 1 1 2 2 2 2 1 1 1 1 1 1 1 2 2 2 2 2 1 1 2 2 2 2 2 2 1 1 0 0 0 1 1 0 0 0 0 
0 0 0 0 0 0 0 0 0 0 1 1 1 1 1 1 1 1 1 1 1 1 2 2 2 2 2 2 2 2 2 1 1 1 1 1 1 1 1 0 0 0 0 0 1 1 1 0 0 0 0 0 0 0 0 
0 0 0 0 1 1 1 1 1 1 1 1 0 1 1 1 1 1 2 2 2 2 1 2 1 2 2 2 1 1 0 0 0 0 0 0 0 -1 -1 -1 0 0 0 0 0 -1 -1 -1 -1 -1 -1 -1 -1 0 -1 
1 1 1 1 1 1 0 0 0 0 0 0 1 1 1 2 2 1 1 1 1 1 1 1 2 2 2 2 2 2 3 3 2 2 2 1 1 1 1 1 1 1 1 0 0 0 0 1 1 0 0 0 0 0 0 
0 0 1 1 1 1 0 0 0 1 2 2 1 1 1 2 2 2 1 1 1 0 0 0 1 1 1 1 0 0 1 1 0 0 0 0 1 1 0 0 0 0 0 0 0 0 0 0 0 0 0 0 0 0 0 
1 1 1 0 0 0 0 0 0 0 1 1 1 1 1 1 1 1 2 2 2 2 1 1 1 1 1 1 2 2 1 1 2 2 0 0 0 0 0 0 0 1 1 1 1 1 0 0 0 0 0 1 0 0 0 
0 0 0 1 1 1 1 1 1 1 1 1 2 2 2 1 1 1 2 2 2 2 2 2 2 2 2 2 3 3 3 3 3 3 2 2 3 3 2 1 0 0 0 0 0 0 0 0 0 0 0 0 0 0 0 
0 0 0 0 1 1 1 1 1 1 1 1 1 1 1 1 2 2 2 2 2 2 2 2 2 2 2 2 1 0 0 0 0 0 1 1 1 1 1 0 0 0 0 0 0 0 0 0 1 0 0 0 0 0 0 
0 0 0 0 0 0 0 0 1 1 1 1 1 1 1 1 1 1 1 1 1 1 2 2 2 2 2 2 2 2 2 2 1 1 1 1 1 1 1 1 1 1 1 1 1 1 1 1 1 1 0 1 1 1 0 
0 1 1 1 1 1 0 1 0 1 0 0 0 1 1 1 1 1 1 2 2 2 2 2 2 2 2 2 2 2 2 2 2 2 2 2 2 2 1 1 2 2 2 2 2 2 2 2 1 1 1 1 1 1 0 
1 1 1 0 1 1 1 1 1 1 1 1 1 1 1 1 1 2 2 2 2 1 1 1 1 1 1 0 1 1 1 1 0 0 0 1 0 0 0 0 0 1 1 0 0 0 0 0 0 0 0 0 1 0 0 
0 0 0 0 1 1 1 1 1 1 1 1 1 1 1 2 2 1 1 2 2 2 2 2 2 2 2 1 1 1 1 1 1 2 2 1 1 2 2 2 2 2 2 2 1 1 1 2 2 0 0 0 0 0 0 
0 1 1 1 1 1 1 1 1 1 1 1 2 2 2 2 2 1 1 3 3 3 3 3 3 3 2 2 2 2 2 2 2 3 3 2 2 1 1 1 1 1 1 1 1 1 0 0 0 0 1 0 1 1 1 
0 1 1 1 1 1 1 1 1 1 1 2 2 2 2 2 2 2 2 2 2 2 2 2 1 2 1 1 1 1 0 0 0 0 0 0 0 0 0 0 0 0 0 0 0 0 0 1 0 1 0 1 0 0 0 
0 0 0 1 1 1 1 1 1 1 1 0 0 1 1 1 2 2 2 2 2 2 2 2 2 2 2 2 3 3 3 3 3 3 3 2 3 1 2 1 1 0 0 0 0 0 0 0 1 0 1 0 1 0 0 
0 0 0 1 1 0 0 1 1 1 0 1 1 1 1 1 1 2 1 1 1 1 1 1 1 2 3 3 3 3 3 3 2 2 3 3 3 3 2 2 1 1 2 2 2 2 2 2 2 1 0 0 0 0 1 
0 0 1 1 1 1 1 1 1 1 2 1 2 1 1 1 1 2 1 2 1 1 1 1 1 1 2 2 2 1 1 0 0 0 1 1 0 0 0 0 0 0 1 1 1 1 0 0 0 0 -1 1 0 0 0 
1 1 1 0 0 0 0 1 1 1 1 2 2 2 1 1 1 1 1 1 1 1 1 1 1 1 1 1 2 2 2 2 2 2 2 2 2 2 1 1 2 2 2 2 2 2 2 2 2 2 2 2 2 1 0 
0 0 1 1 0 0 -1 0 0 0 0 0 0 0 0 1 1 1 1 1 1 1 1 1 1 1 1 1 1 1 0 0 0 0 -1 -1 -1 -1 -1 -1 -1 0 -1 -1 -1 -1 -1 -1 -1 -1 -1 0 0 0 -1 
-1 -1 0 0 0 0 0 0 0 0 0 0 0 1 1 1 1 0 0 1 1 2 2 1 1 1 0 0 -1 -1 -1 -1 -1 -1 -1 0 0 0 0 0 0 -1 -1 -1 0 0 -1 -1 -1 0 0 0 -1 -1 -1 
-1 0 -1 -1 -1 0 0 0 0 0 0 0 0 0 0 0 0 1 1 1 1 1 1 1 1 1 1 1 1 1 1 1 0 0 0 0 0 0 0 0 0 0 -1 -1 -1 -1 -1 -1 0 0 0 -1 -1 -1 -1 
-1 0 0 -1 -1 -1 -1 -1 0 0 0 0 0 0 -1 -1 0 0 1 1 1 1 1 1 1 1 1 2 2 2 2 2 2 1 1 1 1 1 0 0 0 0 0 0 0 1 1 0 -1 -1 -1 -1 0 -1 -1 
0 0 -1 -1 -1 -1 -1 -1 -1 0 0 0 0 0 0 0 0 0 0 1 1 1 1 1 1 1 0 0 0 0 0 -1 -1 -1 0 0 0 -1 0 0 0 0 -1 -1 -1 -1 -1 -1 -1 -1 0 0 -1 -1 -1 
-1 -1 0 0 -1 -1 -1 0 0 0 0 0 0 0 0 0 0 0 1 1 1 1 1 1 1 1 1 2 2 1 1 1 1 1 1 1 0 0 0 0 0 0 0 0 0 0 -1 -1 -1 -1 -1 0 0 0 0 
0 0 0 0 0 0 0 0 0 0 -1 0 0 0 0 0 0 0 0 1 1 1 1 1 1 1 1 2 2 2 2 2 2 2 1 1 1 1 1 1 1 1 1 1 1 1 0 0 0 0 -1 -1 -1 -1 0 
-1 -1 -1 0 0 0 0 0 0 0 0 0 1 1 1 1 1 1 1 2 1 1 1 1 1 0 0 0 0 0 0 0 -1 -1 -1 0 -1 -1 -1 -1 -1 -1 -1 -1 -1 -1 0 0 0 -1 -1 -1 0 0 0 
0 0 0 -1 -1 -1 -1 0 0 0 0 0 0 0 0 0 0 0 0 0 0 0 0 0 0 0 0 1 1 1 1 1 1 1 1 1 0 0 0 1 1 1 1 1 1 0 0 0 0 0 -1 -1 0 0 -1 
0 0 -1 -1 -1 0 0 0 -1 -1 -1 0 0 0 0 0 1 1 1 1 1 1 1 1 1 1 1 1 1 1 1 1 1 1 1 1 0 0 0 0 0 0 0 0 0 0 -1 -1 0 0 0 -1 -1 -1 -1 
0 -1 -1 -1 -1 0 -1 0 -1 0 0 0 0 1 1 1 1 1 2 2 2 2 2 2 1 1 1 0 0 0 0 0 0 0 -1 -1 -1 -1 -1 -1 0 0 0 0 0 0 -1 -1 -1 -1 -1 -1 -1 -1 -1 
-1 0 0 0 0 0 -1 0 0 0 0 -1 0 0 0 1 1 1 0 0 0 0 0 0 0 0 0 1 1 1 1 1 1 1 1 1 1 1 0 0 0 0 0 0 -1 -1 -1 -1 -1 -1 -1 0 0 0 0 
0 -1 -1 -1 -1 0 0 0 0 0 0 0 0 0 0 0 1 0 1 2 2 2 2 2 2 2 2 1 1 1 1 1 0 0 0 0 0 0 0 -1 -1 -1 0 -1 0 -1 -1 -1 -1 -1 -1 -1 -1 0 0 
-1 -1 -1 -1 0 0 0 0 0 0 0 0 0 0 1 1 1 2 2 2 2 2 2 2 2 2 1 1 0 0 0 0 0 0 0 0 0 0 0 0 0 0 0 -1 0 -1 -1 -1 -1 -1 -1 -1 -1 -1 -1 
-1 -1 -1 -1 0 0 0 0 0 0 0 0 0 0 1 1 1 0 0 0 0 0 0 0 0 1 1 1 1 0 0 0 0 0 0 0 0 0 0 -1 -1 -1 -1 0 0 -1 -1 -1 -1 -1 -1 -1 -1 -1 -1 
0 0 0 0 0 1 1 1 1 0 1 1 1 1 1 1 1 2 2 2 2 2 2 2 2 2 2 2 2 2 2 2 2 2 2 2 2 2 1 1 1 1 1 1 1 1 1 1 1 1 1 1 1 1 1 
0 0 0 1 0 1 0 1 0 1 1 1 1 1 1 1 2 2 2 2 2 2 2 2 2 2 2 2 2 2 1 1 1 1 1 1 1 1 1 1 0 0 0 0 1 1 0 0 0 0 1 1 0 0 0 
0 0 0 0 0 0 0 0 0 0 1 1 1 1 1 1 2 2 2 3 3 3 3 3 3 3 3 3 3 3 3 3 3 3 2 2 2 2 2 2 2 2 2 2 2 1 1 1 1 0 0 0 0 0 0 
0 0 0 0 0 1 1 1 1 1 1 1 1 1 1 1 1 1 1 1 1 1 1 1 2 2 2 2 2 2 2 2 2 2 2 2 1 1 1 1 1 1 1 1 1 0 0 0 1 1 1 1 1 1 1 
1 1 1 1 1 1 1 0 0 0 1 1 1 1 1 1 1 1 1 1 1 2 2 2 1 1 1 1 1 1 1 1 0 0 0 1 1 1 0 0 0 0 0 0 0 0 0 0 0 0 0 0 0 0 0 
0 0 0 0 0 0 0 0 0 1 1 2 2 1 1 1 1 1 1 1 2 2 2 2 2 2 2 2 2 2 2 2 2 2 2 3 3 2 2 1 1 0 0 0 0 0 0 0 0 0 1 1 1 1 1 
1 1 0 0 0 0 0 0 0 1 1 1 1 0 0 1 2 1 1 1 2 2 1 1 2 2 2 2 2 2 1 1 1 0 0 0 0 0 0 0 1 1 0 0 0 0 0 0 -1 -1 0 0 -1 -1 0 
0 1 1 1 0 0 0 1 1 1 0 0 0 1 1 1 0 0 0 1 1 1 1 1 2 2 1 1 1 1 1 1 1 1 1 0 0 0 1 1 0 0 0 0 0 0 0 0 0 1 0 0 0 0 0 
-1 -1 -1 -1 0 0 0 -1 0 0 0 0 0 0 0 0 0 0 1 1 1 1 0 0 0 0 0 0 0 0 1 2 3 35 35 19 9 9 9 3 1 1 0 0 0 0 0 0 0 0 0 0 0 0 0 
0 0 0 0 -1 -1 0 0 0 0 0 0 0 0 0 0 0 1 0 0 0 1 1 1 1 1 1 1 1 1 1 1 1 0 0 0 0 0 0 0 0 0 -1 -1 -1 -1 -1 0 0 0 -1 0 0 0 0 
-1 -1 -1 0 0 0 0 -1 -1 0 0 0 0 0 0 0 1 1 1 0 0 0 0 0 0 0 1 1 0 0 0 0 0 0 0 0 0 0 0 0 -1 -1 -2 -2 -1 -1 -1 -1 -1 -1 0 0 0 -1 0 
0 0 0 0 -1 -1 -1 0 0 0 0 0 0 0 0 0 0 0 1 2 2 2 2 2 2 2 2 2 1 1 0 0 0 0 1 1 1 1 1 1 0 0 0 -1 -1 -1 0 -1 0 -1 -1 -1 -1 -1 0 
0 0 0 0 0 0 0 0 0 0 0 0 1 1 1 0 0 0 0 1 1 1 1 1 1 1 1 1 1 1 1 1 1 1 1 1 -1 -1 -1 -1 1 1 0 -1 -1 -1 -1 -1 -1 0 0 0 -1 -1 -1 
0 -1 -1 -1 -1 0 0 0 0 0 0 0 0 0 1 1 1 1 0 0 1 1 0 0 0 1 1 0 0 0 0 0 0 1 1 1 0 -1 0 -1 -1 -1 0 0 0 0 0 -1 -1 -1 -1 -1 0 0 0 
-1 -1 0 0 0 0 0 0 0 -1 -1 -1 0 0 0 0 0 0 2 2 2 2 2 2 2 2 2 2 2 2 2 2 2 2 1 1 1 0 0 0 0 0 0 0 0 0 0 -1 -1 -1 0 0 0 0 0 
0 -1 -1 -1 -1 -1 -1 0 0 0 -1 0 0 0 0 0 0 1 1 1 1 1 1 1 1 1 1 1 1 3 3 2 2 1 0 0 0 0 0 0 0 0 -1 -1 -1 0 0 0 0 -1 -1 -1 -1 -1 -1 
-1 -1 -1 -1 -1 -1 0 0 0 0 0 0 0 0 0 0 0 0 1 1 1 1 0 0 1 1 1 1 1 1 1 1 1 1 1 1 1 1 1 1 0 0 -1 -1 0 0 0 0 0 0 0 0 0 0 0 
0 -1 0 0 0 0 0 0 0 0 0 0 0 0 0 0 0 0 1 1 1 1 1 1 1 1 1 1 1 1 1 1 1 1 1 1 1 1 1 -1 -1 -1 -1 -1 -1 -1 -1 -1 -1 -1 -1 0 0 0 -1 
-1 0 0 0 -1 -1 -1 -1 -1 0 0 0 0 0 0 0 0 0 0 0 1 1 1 1 1 1 1 1 1 1 0 1 0 1 0 0 0 0 0 0 0 -1 -1 -1 -1 0 0 0 -1 -1 0 0 0 -1 0 
0 0 0 0 0 0 0 -1 -1 -1 1 1 0 0 0 0 0 0 0 0 2 1 1 1 1 1 1 0 0 0 0 0 0 0 0 0 0 -1 -1 -1 0 0 0 0 -1 0 0 0 -1 -1 0 0 -1 -1 -1 
0 0 0 0 -1 0 0 0 0 0 -1 0 0 0 0 0 0 0 1 1 1 0 0 0 0 0 0 1 2 2 2 2 2 2 1 1 1 1 1 1 1 1 1 1 1 1 1 1 0 0 0 0 0 -1 -1 
0 0 0 -1 -1 -1 -1 -1 -1 -1 0 0 1 -1 0 0 0 1 1 1 0 0 0 0 0 0 1 1 1 1 1 1 1 1 1 1 1 0 0 0 0 0 0 0 0 0 0 0 0 -1 -1 0 0 0 0 
-1 0 0 0 0 -1 -1 -1 -1 -1 -1 0 0 0 0 0 0 0 0 0 1 1 1 3 3 3 3 3 3 32 37 37 24 10 10 10 2 0 0 0 0 0 0 0 0 -1 -1 -1 -1 -1 -1 -1 -1 0 0 
0 0 0 0 0 0 0 0 0 1 1 0 -1 -1 0 0 0 0 0 0 1 1 1 1 1 1 1 1 1 1 1 1 1 1 0 0 0 0 0 0 0 0 0 -1 0 -1 -1 -1 -1 -1 0 0 0 0 0 
1 1 1 1 1 1 1 1 1 1 1 1 1 1 1 1 1 1 1 1 1 2 2 2 2 2 2 2 3 1 1 1 2 2 2 1 1 1 1 1 1 1 0 1 0 1 1 1 0 0 0 0 0 0 0 
0 0 1 1 1 1 1 1 1 1 1 1 1 1 1 1 2 2 2 1 1 1 2 2 2 2 2 2 2 2 2 1 1 1 1 0 0 0 0 0 0 1 1 0 0 1 1 1 2 0 1 1 1 1 0 
0 1 1 1 1 1 1 2 1 1 1 1 1 1 1 1 1 1 2 2 2 2 2 2 2 2 2 2 2 2 2 2 4 4 5 5 5 5 5 5 2 2 1 1 1 1 1 1 1 1 0 0 0 0 0 
8 8 6 9 9 9 10 10 13 13 13 15 15 15 18 23 23 23 23 23 23 23 23 23 24 25 27 27 26 22 17 12 12 12 12 12 12 12 11 11 11 2 2 2 2 3 3 4 5 5 5 5 5 3 0 
0 0 0 0 0 0 0 0 0 0 1 1 1 1 1 1 1 1 2 2 2 2 2 2 2 2 2 2 1 0 0 0 0 0 0 0 0 0 0 0 0 0 0 0 1 0 1 0 0 0 1 1 0 0 0 
0 0 0 0 0 0 0 0 0 0 0 0 1 1 1 1 0 1 1 1 2 2 2 2 2 2 3 3 1 1 1 1 1 1 1 1 0 0 0 0 0 0 0 0 0 1 1 1 0 0 0 0 0 0 0 
-1 -1 -1 -1 -1 -1 0 -1 -1 -1 -1 -1 0 1 1 1 0 0 0 0 0 0 1 1 1 1 1 1 1 1 1 9 9 9 9 9 0 0 0 -1 -1 -1 -1 -1 -1 -1 0 0 0 -1 -1 -1 -1 -1 -1 
-1 -1 0 0 0 0 0 0 -1 -1 -1 0 0 0 0 0 0 0 0 0 0 0 -1 -1 0 0 -1 -1 -1 -1 -1 -1 -1 0 0 -1 -1 -1 0 -1 -1 -1 -1 -1 -1 -1 -1 -1 -1 -1 0 0 0 -1 -1 
-1 -1 -1 -1 0 0 0 0 0 0 -1 -1 -1 0 0 1 0 1 1 1 1 1 1 1 1 1 1 1 1 1 1 0 0 0 0 0 0 0 0 0 -1 -1 -1 -1 -1 -1 -1 0 0 -1 -1 -1 -1 -1 -1 
-1 -1 0 0 0 -1 -1 -1 -1 -1 -1 0 0 0 0 0 0 1 1 1 1 2 2 2 2 2 2 1 1 1 1 1 1 1 1 0 -1 -1 -1 -1 -1 -1 -1 -1 -1 -1 -1 -2 -1 -1 0 0 0 -1 -1 
-1 0 0 0 -1 0 0 0 0 0 0 0 0 0 0 0 0 0 0 0 1 1 1 1 1 1 1 2 2 2 2 2 2 2 3 3 3 1 1 0 0 0 0 0 0 0 0 0 -1 0 -1 -1 -1 -1 -1 
-1 0 0 -1 -1 0 0 0 -1 0 0 1 1 1 0 0 1 1 1 1 2 2 0 0 0 0 0 0 0 0 0 0 0 -1 -1 -1 0 0 -1 -1 -1 -1 -1 -1 0 -1 -1 -1 -1 -1 -1 -1 0 0 0 
-1 -1 -1 0 0 0 0 0 -1 -1 0 0 0 0 0 0 0 0 1 1 1 1 1 1 1 1 1 0 0 0 0 -1 0 -1 0 0 0 -1 -1 -1 -1 -1 -1 -1 -1 -1 0 0 0 -1 -1 -1 -1 -1 -1 
-1 -1 -1 -1 0 -1 0 -1 0 0 1 1 0 0 0 0 0 1 1 1 1 1 1 1 1 1 1 1 0 0 0 -1 -1 -1 0 0 0 -1 0 -1 -1 -1 -1 -1 -1 0 0 0 0 0 -1 -1 -1 -2 -2 
0 0 0 0 0 0 0 1 1 1 0 0 1 1 1 1 0 1 0 1 1 1 1 2 2 2 2 2 2 1 1 0 0 0 0 0 0 0 0 -1 -1 -1 -1 -1 -1 -1 -1 -1 0 -1 -1 -1 0 0 -1 
0 0 0 0 -1 -1 -1 0 0 0 0 0 0 0 1 0 0 0 0 0 0 0 0 0 1 1 1 1 1 1 1 0 -1 -1 -1 -1 -1 -1 -1 -1 -1 -1 -1 -1 -1 0 0 -1 -1 -1 0 -1 -1 -1 -1 
0 -1 -1 -1 -1 -1 -1 -1 0 0 0 0 0 0 0 0 0 0 1 1 1 1 1 1 1 1 1 1 0 0 0 0 0 0 1 1 1 0 -1 -1 -1 -1 -1 -1 0 0 0 -1 0 0 0 -1 -1 -1 -1 
-1 -1 -1 0 1 0 1 1 1 1 1 1 1 1 1 1 1 1 1 1 1 1 2 1 2 2 2 2 1 2 1 2 1 1 1 1 1 1 1 0 0 0 1 1 0 0 0 0 0 0 0 -1 0 0 0 
0 0 0 0 0 1 1 1 1 0 0 0 1 1 1 1 1 1 1 1 2 2 2 2 1 1 1 1 1 1 1 2 2 2 2 2 1 1 2 2 2 2 2 2 1 1 0 0 0 1 1 0 0 0 0 
0 0 0 0 0 0 0 0 0 0 1 1 1 1 1 1 1 1 1 1 1 1 2 2 2 2 2 2 2 2 2 1 1 1 1 1 1 1 1 0 0 0 0 0 1 1 1 0 0 0 0 0 0 0 0 
0 0 0 0 1 1 1 1 1 1 1 1 0 1 1 1 1 1 2 2 2 2 1 2 1 2 2 2 1 1 0 0 0 0 0 0 0 -1 -1 -1 0 0 0 0 0 -1 -1 -1 -1 -1 -1 -1 -1 0 -1 
1 1 1 1 1 1 0 0 0 0 0 0 1 1 1 2 2 1 1 1 1 1 1 1 2 2 2 2 2 2 3 3 2 2 2 1 1 1 1 1 1 1 1 0 0 0 0 1 1 0 0 0 0 0 0 
0 0 1 1 1 1 0 0 0 1 2 2 1 1 1 2 2 2 1 1 1 0 0 0 1 1 1 1 0 0 1 1 0 0 0 0 1 1 0 0 0 0 0 0 0 0 0 0 0 0 0 0 0 0 0 
1 1 1 0 0 0 0 0 0 0 1 1 1 1 1 1 1 1 2 2 2 2 1 1 1 1 1 1 2 2 1 1 2 2 0 0 0 0 0 0 0 1 1 1 1 1 0 0 0 0 0 1 0 0 0 
0 0 0 1 1 1 1 1 1 1 1 1 2 2 2 1 1 1 2 2 2 2 2 2 2 2 2 2 3 3 3 3 3 3 2 2 3 3 2 1 0 0 0 0 0 0 0 0 0 0 0 0 0 0 0 
0 0 0 0 1 1 1 1 1 1 1 1 1 1 1 1 2 2 2 2 2 2 2 2 2 2 2 2 1 0 0 0 0 0 1 1 1 1 1 0 0 0 0 0 0 0 0 0 1 0 0 0 0 0 0 
0 0 0 0 0 0 0 0 1 1 1 1 1 1 1 1 1 1 1 1 1 1 2 2 2 2 2 2 2 2 2 2 1 1 1 1 1 1 1 1 1 1 1 1 1 1 1 1 1 1 0 1 1 1 0 
0 1 1 1 1 1 0 1 0 1 0 0 0 1 1 1 1 1 1 2 2 2 2 2 2 2 2 2 2 2 2 2 2 2 2 2 2 2 1 1 2 2 2 2 2 2 2 2 1 1 1 1 1 1 0 
1 1 1 0 1 1 1 1 1 1 1 1 1 1 1 1 1 2 2 2 2 1 1 1 1 1 1 0 1 1 1 1 0 0 0 1 0 0 0 0 0 1 1 0 0 0 0 0 0 0 0 0 1 0 0 
0 0 0 0 1 1 1 1 1 1 1 1 1 1 1 2 2 1 1 2 2 2 2 2 2 2 2 1 1 1 1 1 1 2 2 1 1 2 2 2 2 2 2 2 1 1 1 2 2 0 0 0 0 0 0 
0 1 1 1 1 1 1 1 1 1 1 1 2 2 2 2 2 1 1 3 3 3 3 3 3 3 2 2 2 2 2 2 2 3 3 2 2 1 1 1 1 1 1 1 1 1 0 0 0 0 1 0 1 1 1 
0 1 1 1 1 1 1 1 1 1 1 2 2 2 2 2 2 2 2 2 2 2 2 2 1 2 1 1 1 1 0 0 0 0 0 0 0 0 0 0 0 0 0 0 0 0 0 1 0 1 0 1 0 0 0 
0 0 0 1 1 1 1 1 1 1 1 0 0 1 1 1 2 2 2 2 2 2 2 2 2 2 2 2 3 3 3 3 3 3 3 2 3 1 2 1 1 0 0 0 0 0 0 0 1 0 1 0 1 0 0 
0 0 0 1 1 0 0 1 1 1 0 1 1 1 1 1 1 2 1 1 1 1 1 1 1 2 3 3 3 3 3 3 2 2 3 3 3 3 2 2 1 1 2 2 2 2 2 2 2 1 0 0 0 0 1 
0 0 1 1 1 1 1 1 1 1 2 1 2 1 1 1 1 2 1 2 1 1 1 1 1 1 2 2 2 1 1 0 0 0 1 1 0 0 0 0 0 0 1 1 1 1 0 0 0 0 -1 1 0 0 0 
1 1 1 0 0 0 0 1 1 1 1 2 2 2 1 1 1 1 1 1 1 1 1 1 1 1 1 1 2 2 2 2 2 2 2 2 2 2 1 1 2 2 2 2 2 2 2 2 2 2 2 2 2 1 0 
0 0 1 1 0 0 -1 0 0 0 0 0 0 0 0 1 1 1 1 1 1 1 1 1 1 1 1 1 1 1 0 0 0 0 -1 -1 -1 -1 -1 -1 -1 0 -1 -1 -1 -1 -1 -1 -1 -1 -1 0 0 0 -1 
-1 -1 0 0 0 0 0 0 0 0 0 0 0 1 1 1 1 0 0 1 1 2 2 1 1 1 0 0 -1 -1 -1 -1 -1 -1 -1 0 0 0 0 0 0 -1 -1 -1 0 0 -1 -1 -1 0 0 0 -1 -1 -1 
-1 0 -1 -1 -1 0 0 0 0 0 0 0 0 0 0 0 0 1 1 1 1 1 1 1 1 1 1 1 1 1 1 1 0 0 0 0 0 0 0 0 0 0 -1 -1 -1 -1 -1 -1 0 0 0 -1 -1 -1 -1 
-1 0 0 -1 -1 -1 -1 -1 0 0 0 0 0 0 -1 -1 0 0 1 1 1 1 1 1 1 1 1 2 2 2 2 2 2 1 1 1 1 1 0 0 0 0 0 0 0 1 1 0 -1 -1 -1 -1 0 -1 -1 
0 0 -1 -1 -1 -1 -1 -1 -1 0 0 0 0 0 0 0 0 0 0 1 1 1 1 1 1 1 0 0 0 0 0 -1 -1 -1 0 0 0 -1 0 0 0 0 -1 -1 -1 -1 -1 -1 -1 -1 0 0 -1 -1 -1 
-1 -1 0 0 -1 -1 -1 0 0 0 0 0 0 0 0 0 0 0 1 1 1 1 1 1 1 1 1 2 2 1 1 1 1 1 1 1 0 0 0 0 0 0 0 0 0 0 -1 -1 -1 -1 -1 0 0 0 0 
0 0 0 0 0 0 0 0 0 0 -1 0 0 0 0 0 0 0 0 1 1 1 1 1 1 1 1 2 2 2 2 2 2 2 1 1 1 1 1 1 1 1 1 1 1 1 0 0 0 0 -1 -1 -1 -1 0 
-1 -1 -1 0 0 0 0 0 0 0 0 0 1 1 1 1 1 1 1 2 1 1 1 1 1 0 0 0 0 0 0 0 -1 -1 -1 0 -1 -1 -1 -1 -1 -1 -1 -1 -1 -1 0 0 0 -1 -1 -1 0 0 0 
0 0 0 -1 -1 -1 -1 0 0 0 0 0 0 0 0 0 0 0 0 0 0 0 0 0 0 0 0 1 1 1 1 1 1 1 1 1 0 0 0 1 1 1 1 1 1 0 0 0 0 0 -1 -1 0 0 -1 
0 0 -1 -1 -1 0 0 0 -1 -1 -1 0 0 0 0 0 1 1 1 1 1 1 1 1 1 1 1 1 1 1 1 1 1 1 1 1 0 0 0 0 0 0 0 0 0 0 -1 -1 0 0 0 -1 -1 -1 -1 
0 -1 -1 -1 -1 0 -1 0 -1 0 0 0 0 1 1 1 1 1 2 2 2 2 2 2 1 1 1 0 0 0 0 0 0 0 -1 -1 -1 -1 -1 -1 0 0 0 0 0 0 -1 -1 -1 -1 -1 -1 -1 -1 -1 
-1 0 0 0 0 0 -1 0 0 0 0 -1 0 0 0 1 1 1 0 0 0 0 0 0 0 0 0 1 1 1 1 1 1 1 1 1 1 1 0 0 0 0 0 0 -1 -1 -1 -1 -1 -1 -1 0 0 0 0 
0 -1 -1 -1 -1 0 0 0 0 0 0 0 0 0 0 0 1 0 1 2 2 2 2 2 2 2 2 1 1 1 1 1 0 0 0 0 0 0 0 -1 -1 -1 0 -1 0 -1 -1 -1 -1 -1 -1 -1 -1 0 0 
-1 -1 -1 -1 0 0 0 0 0 0 0 0 0 0 1 1 1 2 2 2 2 2 2 2 2 2 1 1 0 0 0 0 0 0 0 0 0 0 0 0 0 0 0 -1 0 -1 -1 -1 -1 -1 -1 -1 -1 -1 -1 
-1 -1 -1 -1 0 0 0 0 0 0 0 0 0 0 1 1 1 0 0 0 0 0 0 0 0 1 1 1 1 0 0 0 0 0 0 0 0 0 0 -1 -1 -1 -1 0 0 -1 -1 -1 -1 -1 -1 -1 -1 -1 -1 
0 0 0 0 0 1 1 1 1 0 1 1 1 1 1 1 1 2 2 2 2 2 2 2 2 2 2 2 2 2 2 2 2 2 2 2 2 2 1 1 1 1 1 1 1 1 1 1 1 1 1 1 1 1 1 
0 0 0 1 0 1 0 1 0 1 1 1 1 1 1 1 2 2 2 2 2 2 2 2 2 2 2 2 2 2 1 1 1 1 1 1 1 1 1 1 0 0 0 0 1 1 0 0 0 0 1 1 0 0 0 
0 0 0 0 0 0 0 0 0 0 1 1 1 1 1 1 2 2 2 3 3 3 3 3 3 3 3 3 3 3 3 3 3 3 2 2 2 2 2 2 2 2 2 2 2 1 1 1 1 0 0 0 0 0 0 
0 0 0 0 0 1 1 1 1 1 1 1 1 1 1 1 1 1 1 1 1 1 1 1 2 2 2 2 2 2 2 2 2 2 2 2 1 1 1 1 1 1 1 1 1 0 0 0 1 1 1 1 1 1 1 
1 1 1 1 1 1 1 0 0 0 1 1 1 1 1 1 1 1 1 1 1 2 2 2 1 1 1 1 1 1 1 1 0 0 0 1 1 1 0 0 0 0 0 0 0 0 0 0 0 0 0 0 0 0 0 
0 0 0 0 0 0 0 0 0 1 1 2 2 1 1 1 1 1 1 1 2 2 2 2 2 2 2 2 2 2 2 2 2 2 2 3 3 2 2 1 1 0 0 0 0 0 0 0 0 0 1 1 1 1 1 
1 1 0 0 0 0 0 0 0 1 1 1 1 0 0 1 2 1 1 1 2 2 1 1 2 2 2 2 2 2 1 1 1 0 0 0 0 0 0 0 1 1 0 0 0 0 0 0 -1 -1 0 0 -1 -1 0 
0 1 1 1 0 0 0 1 1 1 0 0 0 1 1 1 0 0 0 1 1 1 1 1 2 2 1 1 1 1 1 1 1 1 1 0 0 0 1 1 0 0 0 0 0 0 0 0 0 1 0 0 0 0 0 
-1 -1 -1 -1 0 0 0 -1 0 0 0 0 0 0 0 0 0 0 1 1 1 1 0 0 0 0 0 0 0 0 1 2 3 35 35 19 9 9 9 3 1 1 0 0 0 0 0 0 0 0 0 0 0 0 0 
0 0 0 0 -1 -1 0 0 0 0 0 0 0 0 0 0 0 1 0 0 0 1 1 1 1 1 1 1 1 1 1 1 1 0 0 0 0 0 0 0 0 0 -1 -1 -1 -1 -1 0 0 0 -1 0 0 0 0 
-1 -1 -1 0 0 0 0 -1 -1 0 0 0 0 0 0 0 1 1 1 0 0 0 0 0 0 0 1 1 0 0 0 0 0 0 0 0 0 0 0 0 -1 -1 -2 -2 -1 -1 -1 -1 -1 -1 0 0 0 -1 0 
0 0 0 0 -1 -1 -1 0 0 0 0 0 0 0 0 0 0 0 1 2 2 2 2 2 2 2 2 2 1 1 0 0 0 0 1 1 1 1 1 1 0 0 0 -1 -1 -1 0 -1 0 -1 -1 -1 -1 -1 0 
0 0 0 0 0 0 0 0 0 0 0 0 1 1 1 0 0 0 0 1 1 1 1 1 1 1 1 1 1 1 1 1 1 1 1 1 -1 -1 -1 -1 1 1 0 -1 -1 -1 -1 -1 -1 0 0 0 -1 -1 -1 
0 -1 -1 -1 -1 0 0 0 0 0 0 0 0 0 1 1 1 1 0 0 1 1 0 0 0 1 1 0 0 0 0 0 0 1 1 1 0 -1 0 -1 -1 -1 0 0 0 0 0 -1 -1 -1 -1 -1 0 0 0 
-1 -1 0 0 0 0 0 0 0 -1 -1 -1 0 0 0 0 0 0 2 2 2 2 2 2 2 2 2 2 2 2 2 2 2 2 1 1 1 0 0 0 0 0 0 0 0 0 0 -1 -1 -1 0 0 0 0 0 
0 -1 -1 -1 -1 -1 -1 0 0 0 -1 0 0 0 0 0 0 1 1 1 1 1 1 1 1 1 1 1 1 3 3 2 2 1 0 0 0 0 0 0 0 0 -1 -1 -1 0 0 0 0 -1 -1 -1 -1 -1 -1 
-1 -1 -1 -1 -1 -1 0 0 0 0 0 0 0 0 0 0 0 0 1 1 1 1 0 0 1 1 1 1 1 1 1 1 1 1 1 1 1 1 1 1 0 0 -1 -1 0 0 0 0 0 0 0 0 0 0 0 
0 -1 0 0 0 0 0 0 0 0 0 0 0 0 0 0 0 0 1 1 1 1 1 1 1 1 1 1 1 1 1 1 1 1 1 1 1 1 1 -1 -1 -1 -1 -1 -1 -1 -1 -1 -1 -1 -1 0 0 0 -1 
-1 0 0 0 -1 -1 -1 -1 -1 0 0 0 0 0 0 0 0 0 0 0 1 1 1 1 1 1 1 1 1 1 0 1 0 1 0 0 0 0 0 0 0 -1 -1 -1 -1 0 0 0 -1 -1 0 0 0 -1 0 
0 0 0 0 0 0 0 -1 -1 -1 1 1 0 0 0 0 0 0 0 0 2 1 1 1 1 1 1 0 0 0 0 0 0 0 0 0 0 -1 -1 -1 0 0 0 0 -1 0 0 0 -1 -1 0 0 -1 -1 -1 
0 0 0 0 -1 0 0 0 0 0 -1 0 0 0 0 0 0 0 1 1 1 0 0 0 0 0 0 1 2 2 2 2 2 2 1 1 1 1 1 1 1 1 1 1 1 1 1 1 0 0 0 0 0 -1 -1 
0 0 0 -1 -1 -1 -1 -1 -1 -1 0 0 1 -1 0 0 0 1 1 1 0 0 0 0 0 0 1 1 1 1 1 1 1 1 1 1 1 0 0 0 0 0 0 0 0 0 0 0 0 -1 -1 0 0 0 0 
-1 0 0 0 0 -1 -1 -1 -1 -1 -1 0 0 0 0 0 0 0 0 0 1 1 1 3 3 3 3 3 3 32 37 37 24 10 10 10 2 0 0 0 0 0 0 0 0 -1 -1 -1 -1 -1 -1 -1 -1 0 0 
0 0 0 0 0 0 0 0 0 1 1 0 -1 -1 0 0 0 0 0 0 1 1 1 1 1 1 1 1 1 1 1 1 1 1 0 0 0 0 0 0 0 0 0 -1 0 -1 -1 -1 -1 -1 0 0 0 0 0 
1 1 1 1 1 1 1 1 1 1 1 1 1 1 1 1 1 1 1 1 1 2 2 2 2 2 2 2 3 1 1 1 2 2 2 1 1 1 1 1 1 1 0 1 0 1 1 1 0 0 0 0 0 0 0 
0 0 1 1 1 1 1 1 1 1 1 1 1 1 1 1 2 2 2 1 1 1 2 2 2 2 2 2 2 2 2 1 1 1 1 0 0 0 0 0 0 1 1 0 0 1 1 1 2 0 1 1 1 1 0 
0 1 1 1 1 1 1 2 1 1 1 1 1 1 1 1 1 1 2 2 2 2 2 2 2 2 2 2 2 2 2 2 4 4 5 5 5 5 5 5 2 2 1 1 1 1 1 1 1 1 0 0 0 0 0 
4 4 5 5 5 6 6 6 5 7 7 9 9 9 7 7 6 6 6 6 6 6 12 12 10 10 10 10 9 8 8 8 8 8 8 8 6 6 3 5 5 5 4 4 4 2 2 2 2 2 3 3 4 2 2 
0 0 0 0 0 0 0 0 0 0 1 1 1 1 1 1 1 1 2 2 2 2 2 2 2 2 2 2 1 0 0 0 0 0 0 0 0 0 0 0 0 0 0 0 1 0 1 0 0 0 1 1 0 0 0 
0 0 0 0 0 0 0 0 0 0 0 0 1 1 1 1 0 1 1 1 2 2 2 2 2 2 3 3 1 1 1 1 1 1 1 1 0 0 0 0 0 0 0 0 0 1 1 1 0 0 0 0 0 0 0 
-1 -1 -1 -1 -1 -1 0 -1 -1 -1 -1 -1 0 1 1 1 0 0 0 0 0 0 1 1 1 1 1 1 1 1 1 9 9 9 9 9 0 0 0 -1 -1 -1 -1 -1 -1 -1 0 0 0 -1 -1 -1 -1 -1 -1 
-1 -1 0 0 0 0 0 0 -1 -1 -1 0 0 0 0 0 0 0 0 0 0 0 -1 -1 0 0 -1 -1 -1 -1 -1 -1 -1 0 0 -1 -1 -1 0 -1 -1 -1 -1 -1 -1 -1 -1 -1 -1 -1 0 0 0 -1 -1 
-1 -1 -1 -1 0 0 0 0 0 0 -1 -1 -1 0 0 1 0 1 1 1 1 1 1 1 1 1 1 1 1 1 1 0 0 0 0 0 0 0 0 0 -1 -1 -1 -1 -1 -1 -1 0 0 -1 -1 -1 -1 -1 -1 
-1 -1 0 0 0 -1 -1 -1 -1 -1 -1 0 0 0 0 0 0 1 1 1 1 2 2 2 2 2 2 1 1 1 1 1 1 1 1 0 -1 -1 -1 -1 -1 -1 -1 -1 -1 -1 -1 -2 -1 -1 0 0 0 -1 -1 
-1 0 0 0 -1 0 0 0 0 0 0 0 0 0 0 0 0 0 0 0 1 1 1 1 1 1 1 2 2 2 2 2 2 2 3 3 3 1 1 0 0 0 0 0 0 0 0 0 -1 0 -1 -1 -1 -1 -1 
-1 0 0 -1 -1 0 0 0 -1 0 0 1 1 1 0 0 1 1 1 1 2 2 0 0 0 0 0 0 0 0 0 0 0 -1 -1 -1 0 0 -1 -1 -1 -1 -1 -1 0 -1 -1 -1 -1 -1 -1 -1 0 0 0 
-1 -1 -1 0 0 0 0 0 -1 -1 0 0 0 0 0 0 0 0 1 1 1 1 1 1 1 1 1 0 0 0 0 -1 0 -1 0 0 0 -1 -1 -1 -1 -1 -1 -1 -1 -1 0 0 0 -1 -1 -1 -1 -1 -1 
-1 -1 -1 -1 0 -1 0 -1 0 0 1 1 0 0 0 0 0 1 1 1 1 1 1 1 1 1 1 1 0 0 0 -1 -1 -1 0 0 0 -1 0 -1 -1 -1 -1 -1 -1 0 0 0 0 0 -1 -1 -1 -2 -2 
0 0 0 0 0 0 0 1 1 1 0 0 1 1 1 1 0 1 0 1 1 1 1 2 2 2 2 2 2 1 1 0 0 0 0 0 0 0 0 -1 -1 -1 -1 -1 -1 -1 -1 -1 0 -1 -1 -1 0 0 -1 
0 0 0 0 -1 -1 -1 0 0 0 0 0 0 0 1 0 0 0 0 0 0 0 0 0 1 1 1 1 1 1 1 0 -1 -1 -1 -1 -1 -1 -1 -1 -1 -1 -1 -1 -1 0 0 -1 -1 -1 0 -1 -1 -1 -1 
0 -1 -1 -1 -1 -1 -1 -1 0 0 0 0 0 0 0 0 0 0 1 1 1 1 1 1 1 1 1 1 0 0 0 0 0 0 1 1 1 0 -1 -1 -1 -1 -1 -1 0 0 0 -1 0 0 0 -1 -1 -1 -1 
-1 -1 -1 0 1 0 1 1 1 1 1 1 1 1 1 1 1 1 1 1 1 1 2 1 2 2 2 2 1 2 1 2 1 1 1 1 1 1 1 0 0 0 1 1 0 0 0 0 0 0 0 -1 0 0 0 
0 0 0 0 0 1 1 1 1 0 0 0 1 1 1 1 1 1 1 1 2 2 2 2 1 1 1 1 1 1 1 2 2 2 2 2 1 1 2 2 2 2 2 2 1 1 0 0 0 1 1 0 0 0 0 
0 0 0 0 0 0 0 0 0 0 1 1 1 1 1 1 1 1 1 1 1 1 2 2 2 2 2 2 2 2 2 1 1 1 1 1 1 1 1 0 0 0 0 0 1 1 1 0 0 0 0 0 0 0 0 
0 0 0 0 1 1 1 1 1 1 1 1 0 1 1 1 1 1 2 2 2 2 1 2 1 2 2 2 1 1 0 0 0 0 0 0 0 -1 -1 -1 0 0 0 0 0 -1 -1 -1 -1 -1 -1 -1 -1 0 -1 
1 1 1 1 1 1 0 0 0 0 0 0 1 1 1 2 2 1 1 1 1 1 1 1 2 2 2 2 2 2 3 3 2 2 2 1 1 1 1 1 1 1 1 0 0 0 0 1 1 0 0 0 0 0 0 
0 0 1 1 1 1 0 0 0 1 2 2 1 1 1 2 2 2 1 1 1 0 0 0 1 1 1 1 0 0 1 1 0 0 0 0 1 1 0 0 0 0 0 0 0 0 0 0 0 0 0 0 0 0 0 
1 1 1 0 0 0 0 0 0 0 1 1 1 1 1 1 1 1 2 2 2 2 1 1 1 1 1 1 2 2 1 1 2 2 0 0 0 0 0 0 0 1 1 1 1 1 0 0 0 0 0 1 0 0 0 
0 0 0 1 1 1 1 1 1 1 1 1 2 2 2 1 1 1 2 2 2 2 2 2 2 2 2 2 3 3 3 3 3 3 2 2 3 3 2 1 0 0 0 0 0 0 0 0 0 0 0 0 0 0 0 
0 0 0 0 1 1 1 1 1 1 1 1 1 1 1 1 2 2 2 2 2 2 2 2 2 2 2 2 1 0 0 0 0 0 1 1 1 1 1 0 0 0 0 0 0 0 0 0 1 0 0 0 0 0 0 
0 0 0 0 0 0 0 0 1 1 1 1 1 1 1 1 1 1 1 1 1 1 2 2 2 2 2 2 2 2 2 2 1 1 1 1 1 1 1 1 1 1 1 1 1 1 1 1 1 1 0 1 1 1 0 
0 1 1 1 1 1 0 1 0 1 0 0 0 1 1 1 1 1 1 2 2 2 2 2 2 2 2 2 2 2 2 2 2 2 2 2 2 2 1 1 2 2 2 2 2 2 2 2 1 1 1 1 1 1 0 
1 1 1 0 1 1 1 1 1 1 1 1 1 1 1 1 1 2 2 2 2 1 1 1 1 1 1 0 1 1 1 1 0 0 0 1 0 0 0 0 0 1 1 0 0 0 0 0 0 0 0 0 1 0 0 
0 0 0 0 1 1 1 1 1 1 1 1 1 1 1 2 2 1 1 2 2 2 2 2 2 2 2 1 1 1 1 1 1 2 2 1 1 2 2 2 2 2 2 2 1 1 1 2 2 0 0 0 0 0 0 
0 1 1 1 1 1 1 1 1 1 1 1 2 2 2 2 2 1 1 3 3 3 3 3 3 3 2 2 2 2 2 2 2 3 3 2 2 1 1 1 1 1 1 1 1 1 0 0 0 0 1 0 1 1 1 
0 1 1 1 1 1 1 1 1 1 1 2 2 2 2 2 2 2 2 2 2 2 2 2 1 2 1 1 1 1 0 0 0 0 0 0 0 0 0 0 0 0 0 0 0 0 0 1 0 1 0 1 0 0 0 
0 0 0 1 1 1 1 1 1 1 1 0 0 1 1 1 2 2 2 2 2 2 2 2 2 2 2 2 3 3 3 3 3 3 3 2 3 1 2 1 1 0 0 0 0 0 0 0 1 0 1 0 1 0 0 
0 0 0 1 1 0 0 1 1 1 0 1 1 1 1 1 1 2 1 1 1 1 1 1 1 2 3 3 3 3 3 3 2 2 3 3 3 3 2 2 1 1 2 2 2 2 2 2 2 1 0 0 0 0 1 
0 0 1 1 1 1 1 1 1 1 2 1 2 1 1 1 1 2 1 2 1 1 1 1 1 1 2 2 2 1 1 0 0 0 1 1 0 0 0 0 0 0 1 1 1 1 0 0 0 0 -1 1 0 0 0 
1 1 1 0 0 0 0 1 1 1 1 2 2 2 1 1 1 1 1 1 1 1 1 1 1 1 1 1 2 2 2 2 2 2 2 2 2 2 1 1 2 2 2 2 2 2 2 2 2 2 2 2 2 1 0 
0 0 1 1 0 0 -1 0 0 0 0 0 0 0 0 1 1 1 1 1 1 1 1 1 1 1 1 1 1 1 0 0 0 0 -1 -1 -1 -1 -1 -1 -1 0 -1 -1 -1 -1 -1 -1 -1 -1 -1 0 0 0 -1 
-1 -1 0 0 0 0 0 0 0 0 0 0 0 1 1 1 1 0 0 1 1 2 2 1 1 1 0 0 -1 -1 -1 -1 -1 -1 -1 0 0 0 0 0 0 -1 -1 -1 0 0 -1 -1 -1 0 0 0 -1 -1 -1 
-1 0 -1 -1 -1 0 0 0 0 0 0 0 0 0 0 0 0 1 1 1 1 1 1 1 1 1 1 1 1 1 1 1 0 0 0 0 0 0 0 0 0 0 -1 -1 -1 -1 -1 -1 0 0 0 -1 -1 -1 -1 
-1 0 0 -1 -1 -1 -1 -1 0 0 0 0 0 0 -1 -1 0 0 1 1 1 1 1 1 1 1 1 2 2 2 2 2 2 1 1 1 1 1 0 0 0 0 0 0 0 1 1 0 -1 -1 -1 -1 0 -1 -1 
0 0 -1 -1 -1 -1 -1 -1 -1 0 0 0 0 0 0 0 0 0 0 1 1 1 1 1 1 1 0 0 0 0 0 -1 -1 -1 0 0 0 -1 0 0 0 0 -1 -1 -1 -1 -1 -1 -1 -1 0 0 -1 -1 -1 
-1 -1 0 0 -1 -1 -1 0 0 0 0 0 0 0 0 0 0 0 1 1 1 1 1 1 1 1 1 2 2 1 1 1 1 1 1 1 0 0 0 0 0 0 0 0 0 0 -1 -1 -1 -1 -1 0 0 0 0 
0 0 0 0 0 0 0 0 0 0 -1 0 0 0 0 0 0 0 0 1 1 1 1 1 1 1 1 2 2 2 2 2 2 2 1 1 1 1 1 1 1 1 1 1 1 1 0 0 0 0 -1 -1 -1 -1 0 
-1 -1 -1 0 0 0 0 0 0 0 0 0 1 1 1 1 1 1 1 2 1 1 1 1 1 0 0 0 0 0 0 0 -1 -1 -1 0 -1 -1 -1 -1 -1 -1 -1 -1 -1 -1 0 0 0 -1 -1 -1 0 0 0 
0 0 0 -1 -1 -1 -1 0 0 0 0 0 0 0 0 0 0 0 0 0 0 0 0 0 0 0 0 1 1 1 1 1 1 1 1 1 0 0 0 1 1 1 1 1 1 0 0 0 0 0 -1 -1 0 0 -1 
0 0 -1 -1 -1 0 0 0 -1 -1 -1 0 0 0 0 0 1 1 1 1 1 1 1 1 1 1 1 1 1 1 1 1 1 1 1 1 0 0 0 0 0 0 0 0 0 0 -1 -1 0 0 0 -1 -1 -1 -1 
0 -1 -1 -1 -1 0 -1 0 -1 0 0 0 0 1 1 1 1 1 2 2 2 2 2 2 1 1 1 0 0 0 0 0 0 0 -1 -1 -1 -1 -1 -1 0 0 0 0 0 0 -1 -1 -1 -1 -1 -1 -1 -1 -1 
-1 0 0 0 0 0 -1 0 0 0 0 -1 0 0 0 1 1 1 0 0 0 0 0 0 0 0 0 1 1 1 1 1 1 1 1 1 1 1 0 0 0 0 0 0 -1 -1 -1 -1 -1 -1 -1 0 0 0 0 
0 -1 -1 -1 -1 0 0 0 0 0 0 0 0 0 0 0 1 0 1 2 2 2 2 2 2 2 2 1 1 1 1 1 0 0 0 0 0 0 0 -1 -1 -1 0 -1 0 -1 -1 -1 -1 -1 -1 -1 -1 0 0 
-1 -1 -1 -1 0 0 0 0 0 0 0 0 0 0 1 1 1 2 2 2 2 2 2 2 2 2 1 1 0 0 0 0 0 0 0 0 0 0 0 0 0 0 0 -1 0 -1 -1 -1 -1 -1 -1 -1 -1 -1 -1 
-1 -1 -1 -1 0 0 0 0 0 0 0 0 0 0 1 1 1 0 0 0 0 0 0 0 0 1 1 1 1 0 0 0 0 0 0 0 0 0 0 -1 -1 -1 -1 0 0 -1 -1 -1 -1 -1 -1 -1 -1 -1 -1 
0 0 0 0 0 1 1 1 1 0 1 1 1 1 1 1 1 2 2 2 2 2 2 2 2 2 2 2 2 2 2 2 2 2 2 2 2 2 1 1 1 1 1 1 1 1 1 1 1 1 1 1 1 1 1 
0 0 0 1 0 1 0 1 0 1 1 1 1 1 1 1 2 2 2 2 2 2 2 2 2 2 2 2 2 2 1 1 1 1 1 1 1 1 1 1 0 0 0 0 1 1 0 0 0 0 1 1 0 0 0 
0 0 0 0 0 0 0 0 0 0 1 1 1 1 1 1 2 2 2 3 3 3 3 3 3 3 3 3 3 3 3 3 3 3 2 2 2 2 2 2 2 2 2 2 2 1 1 1 1 0 0 0 0 0 0 
0 0 0 0 0 1 1 1 1 1 1 1 1 1 1 1 1 1 1 1 1 1 1 1 2 2 2 2 2 2 2 2 2 2 2 2 1 1 1 1 1 1 1 1 1 0 0 0 1 1 1 1 1 1 1 
1 1 1 1 1 1 1 0 0 0 1 1 1 1 1 1 1 1 1 1 1 2 2 2 1 1 1 1 1 1 1 1 0 0 0 1 1 1 0 0 0 0 0 0 0 0 0 0 0 0 0 0 0 0 0 
0 0 0 0 0 0 0 0 0 1 1 2 2 1 1 1 1 1 1 1 2 2 2 2 2 2 2 2 2 2 2 2 2 2 2 3 3 2 2 1 1 0 0 0 0 0 0 0 0 0 1 1 1 1 1 
1 1 0 0 0 0 0 0 0 1 1 1 1 0 0 1 2 1 1 1 2 2 1 1 2 2 2 2 2 2 1 1 1 0 0 0 0 0 0 0 1 1 0 0 0 0 0 0 -1 -1 0 0 -1 -1 0 
0 1 1 1 0 0 0 1 1 1 0 0 0 1 1 1 0 0 0 1 1 1 1 1 2 2 1 1 1 1 1 1 1 1 1 0 0 0 1 1 0 0 0 0 0 0 0 0 0 1 0 0 0 0 0 
-1 -1 -1 -1 0 0 0 -1 0 0 0 0 0 0 0 0 0 0 1 1 1 1 0 0 0 0 0 0 0 0 1 2 3 35 35 19 9 9 9 3 1 1 0 0 0 0 0 0 0 0 0 0 0 0 0 
0 0 0 0 -1 -1 0 0 0 0 0 0 0 0 0 0 0 1 0 0 0 1 1 1 1 1 1 1 1 1 1 1 1 0 0 0 0 0 0 0 0 0 -1 -1 -1 -1 -1 0 0 0 -1 0 0 0 0 
-1 -1 -1 0 0 0 0 -1 -1 0 0 0 0 0 0 0 1 1 1 0 0 0 0 0 0 0 1 1 0 0 0 0 0 0 0 0 0 0 0 0 -1 -1 -2 -2 -1 -1 -1 -1 -1 -1 0 0 0 -1 0 
0 0 0 0 -1 -1 -1 0 0 0 0 0 0 0 0 0 0 0 1 2 2 2 2 2 2 2 2 2 1 1 0 0 0 0 1 1 1 1 1 1 0 0 0 -1 -1 -1 0 -1 0 -1 -1 -1 -1 -1 0 
0 0 0 0 0 0 0 0 0 0 0 0 1 1 1 0 0 0 0 1 1 1 1 1 1 1 1 1 1 1 1 1 1 1 1 1 -1 -1 -1 -1 1 1 0 -1 -1 -1 -1 -1 -1 0 0 0 -1 -1 -1 
0 -1 -1 -1 -1 0 0 0 0 0 0 0 0 0 1 1 1 1 0 0 1 1 0 0 0 1 1 0 0 0 0 0 0 1 1 1 0 -1 0 -1 -1 -1 0 0 0 0 0 -1 -1 -1 -1 -1 0 0 0 
-1 -1 0 0 0 0 0 0 0 -1 -1 -1 0 0 0 0 0 0 2 2 2 2 2 2 2 2 2 2 2 2 2 2 2 2 1 1 1 0 0 0 0 0 0 0 0 0 0 -1 -1 -1 0 0 0 0 0 
0 -1 -1 -1 -1 -1 -1 0 0 0 -1 0 0 0 0 0 0 1 1 1 1 1 1 1 1 1 1 1 1 3 3 2 2 1 0 0 0 0 0 0 0 0 -1 -1 -1 0 0 0 0 -1 -1 -1 -1 -1 -1 
-1 -1 -1 -1 -1 -1 0 0 0 0 0 0 0 0 0 0 0 0 1 1 1 1 0 0 1 1 1 1 1 1 1 1 1 1 1 1 1 1 1 1 0 0 -1 -1 0 0 0 0 0 0 0 0 0 0 0 
0 -1 0 0 0 0 0 0 0 0 0 0 0 0 0 0 0 0 1 1 1 1 1 1 1 1 1 1 1 1 1 1 1 1 1 1 1 1 1 -1 -1 -1 -1 -1 -1 -1 -1 -1 -1 -1 -1 0 0 0 -1 
-1 0 0 0 -1 -1 -1 -1 -1 0 0 0 0 0 0 0 0 0 0 0 1 1 1 1 1 1 1 1 1 1 0 1 0 1 0 0 0 0 0 0 0 -1 -1 -1 -1 0 0 0 -1 -1 0 0 0 -1 0 
0 0 0 0 0 0 0 -1 -1 -1 1 1 0 0 0 0 0 0 0 0 2 1 1 1 1 1 1 0 0 0 0 0 0 0 0 0 0 -1 -1 -1 0 0 0 0 -1 0 0 0 -1 -1 0 0 -1 -1 -1 
0 0 0 0 -1 0 0 0 0 0 -1 0 0 0 0 0 0 0 1 1 1 0 0 0 0 0 0 1 2 2 2 2 2 2 1 1 1 1 1 1 1 1 1 1 1 1 1 1 0 0 0 0 0 -1 -1 
0 0 0 -1 -1 -1 -1 -1 -1 -1 0 0 1 -1 0 0 0 1 1 1 0 0 0 0 0 0 1 1 1 1 1 1 1 1 1 1 1 0 0 0 0 0 0 0 0 0 0 0 0 -1 -1 0 0 0 0 
-1 0 0 0 0 -1 -1 -1 -1 -1 -1 0 0 0 0 0 0 0 0 0 1 1 1 3 3 3 3 3 3 32 37 37 24 10 10 10 2 0 0 0 0 0 0 0 0 -1 -1 -1 -1 -1 -1 -1 -1 0 0 
0 0 0 0 0 0 0 0 0 1 1 0 -1 -1 0 0 0 0 0 0 1 1 1 1 1 1 1 1 1 1 1 1 1 1 0 0 0 0 0 0 0 0 0 -1 0 -1 -1 -1 -1 -1 0 0 0 0 0 
1 1 1 1 1 1 1 1 1 1 1 1 1 1 1 1 1 1 1 1 1 2 2 2 2 2 2 2 3 1 1 1 2 2 2 1 1 1 1 1 1 1 0 1 0 1 1 1 0 0 0 0 0 0 0 
0 0 1 1 1 1 1 1 1 1 1 1 1 1 1 1 2 2 2 1 1 1 2 2 2 2 2 2 2 2 2 1 1 1 1 0 0 0 0 0 0 1 1 0 0 1 1 1 2 0 1 1 1 1 0 
0 1 1 1 1 1 1 2 1 1 1 1 1 1 1 1 1 1 2 2 2 2 2 2 2 2 2 2 2 2 2 2 4 4 5 5 5 5 5 5 2 2 1 1 1 1 1 1 1 1 0 0 0 0 0 
4 1 1 1 2 4 4 5 7 7 7 10 10 10 14 14 8 8 8 8 8 8 9 15 15 13 10 10 6 6 6 6 6 6 6 5 5 1 1 1 1 1 1 3 3 3 1 1 1 0 0 0 1 3 3 
0 0 0 0 0 0 0 0 0 0 1 1 1 1 1 1 1 1 2 2 2 2 2 2 2 2 2 2 1 0 0 0 0 0 0 0 0 0 0 0 0 0 0 0 1 0 1 0 0 0 1 1 0 0 0 
0 0 0 0 0 0 0 0 0 0 0 0 1 1 1 1 0 1 1 1 2 2 2 2 2 2 3 3 1 1 1 1 1 1 1 1 0 0 0 0 0 0 0 0 0 1 1 1 0 0 0 0 0 0 0 
-1 -1 -1 -1 -1 -1 0 -1 -1 -1 -1 -1 0 1 1 1 0 0 0 0 0 0 1 1 1 1 1 1 1 1 1 9 9 9 9 9 0 0 0 -1 -1 -1 -1 -1 -1 -1 0 0 0 -1 -1 -1 -1 -1 -1 
-1 -1 0 0 0 0 0 0 -1 -1 -1 0 0 0 0 0 0 0 0 0 0 0 -1 -1 0 0 -1 -1 -1 -1 -1 -1 -1 0 0 -1 -1 -1 0 -1 -1 -1 -1 -1 -1 -1 -1 -1 -1 -1 0 0 0 -1 -1 
-1 -1 -1 -1 0 0 0 0 0 0 -1 -1 -1 0 0 1 0 1 1 1 1 1 1 1 1 1 1 1 1 1 1 0 0 0 0 0 0 0 0 0 -1 -1 -1 -1 -1 -1 -1 0 0 -1 -1 -1 -1 -1 -1 
-1 -1 0 0 0 -1 -1 -1 -1 -1 -1 0 0 0 0 0 0 1 1 1 1 2 2 2 2 2 2 1 1 1 1 1 1 1 1 0 -1 -1 -1 -1 -1 -1 -1 -1 -1 -1 -1 -2 -1 -1 0 0 0 -1 -1 
-1 0 0 0 -1 0 0 0 0 0 0 0 0 0 0 0 0 0 0 0 1 1 1 1 1 1 1 2 2 2 2 2 2 2 3 3 3 1 1 0 0 0 0 0 0 0 0 0 -1 0 -1 -1 -1 -1 -1 
-1 0 0 -1 -1 0 0 0 -1 0 0 1 1 1 0 0 1 1 1 1 2 2 0 0 0 0 0 0 0 0 0 0 0 -1 -1 -1 0 0 -1 -1 -1 -1 -1 -1 0 -1 -1 -1 -1 -1 -1 -1 0 0 0 
-1 -1 -1 0 0 0 0 0 -1 -1 0 0 0 0 0 0 0 0 1 1 1 1 1 1 1 1 1 0 0 0 0 -1 0 -1 0 0 0 -1 -1 -1 -1 -1 -1 -1 -1 -1 0 0 0 -1 -1 -1 -1 -1 -1 
-1 -1 -1 -1 0 -1 0 -1 0 0 1 1 0 0 0 0 0 1 1 1 1 1 1 1 1 1 1 1 0 0 0 -1 -1 -1 0 0 0 -1 0 -1 -1 -1 -1 -1 -1 0 0 0 0 0 -1 -1 -1 -2 -2 
0 0 0 0 0 0 0 1 1 1 0 0 1 1 1 1 0 1 0 1 1 1 1 2 2 2 2 2 2 1 1 0 0 0 0 0 0 0 0 -1 -1 -1 -1 -1 -1 -1 -1 -1 0 -1 -1 -1 0 0 -1 
0 0 0 0 -1 -1 -1 0 0 0 0 0 0 0 1 0 0 0 0 0 0 0 0 0 1 1 1 1 1 1 1 0 -1 -1 -1 -1 -1 -1 -1 -1 -1 -1 -1 -1 -1 0 0 -1 -1 -1 0 -1 -1 -1 -1 
0 -1 -1 -1 -1 -1 -1 -1 0 0 0 0 0 0 0 0 0 0 1 1 1 1 1 1 1 1 1 1 0 0 0 0 0 0 1 1 1 0 -1 -1 -1 -1 -1 -1 0 0 0 -1 0 0 0 -1 -1 -1 -1 
-1 -1 -1 0 1 0 1 1 1 1 1 1 1 1 1 1 1 1 1 1 1 1 2 1 2 2 2 2 1 2 1 2 1 1 1 1 1 1 1 0 0 0 1 1 0 0 0 0 0 0 0 -1 0 0 0 
0 0 0 0 0 1 1 1 1 0 0 0 1 1 1 1 1 1 1 1 2 2 2 2 1 1 1 1 1 1 1 2 2 2 2 2 1 1 2 2 2 2 2 2 1 1 0 0 0 1 1 0 0 0 0 
0 0 0 0 0 0 0 0 0 0 1 1 1 1 1 1 1 1 1 1 1 1 2 2 2 2 2 2 2 2 2 1 1 1 1 1 1 1 1 0 0 0 0 0 1 1 1 0 0 0 0 0 0 0 0 
0 0 0 0 1 1 1 1 1 1 1 1 0 1 1 1 1 1 2 2 2 2 1 2 1 2 2 2 1 1 0 0 0 0 0 0 0 -1 -1 -1 0 0 0 0 0 -1 -1 -1 -1 -1 -1 -1 -1 0 -1 
1 1 1 1 1 1 0 0 0 0 0 0 1 1 1 2 2 1 1 1 1 1 1 1 2 2 2 2 2 2 3 3 2 2 2 1 1 1 1 1 1 1 1 0 0 0 0 1 1 0 0 0 0 0 0 
0 0 1 1 1 1 0 0 0 1 2 2 1 1 1 2 2 2 1 1 1 0 0 0 1 1 1 1 0 0 1 1 0 0 0 0 1 1 0 0 0 0 0 0 0 0 0 0 0 0 0 0 0 0 0 
1 1 1 0 0 0 0 0 0 0 1 1 1 1 1 1 1 1 2 2 2 2 1 1 1 1 1 1 2 2 1 1 2 2 0 0 0 0 0 0 0 1 1 1 1 1 0 0 0 0 0 1 0 0 0 
0 0 0 1 1 1 1 1 1 1 1 1 2 2 2 1 1 1 2 2 2 2 2 2 2 2 2 2 3 3 3 3 3 3 2 2 3 3 2 1 0 0 0 0 0 0 0 0 0 0 0 0 0 0 0 
0 0 0 0 1 1 1 1 1 1 1 1 1 1 1 1 2 2 2 2 2 2 2 2 2 2 2 2 1 0 0 0 0 0 1 1 1 1 1 0 0 0 0 0 0 0 0 0 1 0 0 0 0 0 0 
0 0 0 0 0 0 0 0 1 1 1 1 1 1 1 1 1 1 1 1 1 1 2 2 2 2 2 2 2 2 2 2 1 1 1 1 1 1 1 1 1 1 1 1 1 1 1 1 1 1 0 1 1 1 0 
0 1 1 1 1 1 0 1 0 1 0 0 0 1 1 1 1 1 1 2 2 2 2 2 2 2 2 2 2 2 2 2 2 2 2 2 2 2 1 1 2 2 2 2 2 2 2 2 1 1 1 1 1 1 0 
1 1 1 0 1 1 1 1 1 1 1 1 1 1 1 1 1 2 2 2 2 1 1 1 1 1 1 0 1 1 1 1 0 0 0 1 0 0 0 0 0 1 1 0 0 0 0 0 0 0 0 0 1 0 0 
0 0 0 0 1 1 1 1 1 1 1 1 1 1 1 2 2 1 1 2 2 2 2 2 2 2 2 1 1 1 1 1 1 2 2 1 1 2 2 2 2 2 2 2 1 1 1 2 2 0 0 0 0 0 0 
0 1 1 1 1 1 1 1 1 1 1 1 2 2 2 2 2 1 1 3 3 3 3 3 3 3 2 2 2 2 2 2 2 3 3 2 2 1 1 1 1 1 1 1 1 1 0 0 0 0 1 0 1 1 1 
0 1 1 1 1 1 1 1 1 1 1 2 2 2 2 2 2 2 2 2 2 2 2 2 1 2 1 1 1 1 0 0 0 0 0 0 0 0 0 0 0 0 0 0 0 0 0 1 0 1 0 1 0 0 0 
0 0 0 1 1 1 1 1 1 1 1 0 0 1 1 1 2 2 2 2 2 2 2 2 2 2 2 2 3 3 3 3 3 3 3 2 3 1 2 1 1 0 0 0 0 0 0 0 1 0 1 0 1 0 0 
0 0 0 1 1 0 0 1 1 1 0 1 1 1 1 1 1 2 1 1 1 1 1 1 1 2 3 3 3 3 3 3 2 2 3 3 3 3 2 2 1 1 2 2 2 2 2 2 2 1 0 0 0 0 1 
0 0 1 1 1 1 1 1 1 1 2 1 2 1 1 1 1 2 1 2 1 1 1 1 1 1 2 2 2 1 1 0 0 0 1 1 0 0 0 0 0 0 1 1 1 1 0 0 0 0 -1 1 0 0 0 
1 1 1 0 0 0 0 1 1 1 1 2 2 2 1 1 1 1 1 1 1 1 1 1 1 1 1 1 2 2 2 2 2 2 2 2 2 2 1 1 2 2 2 2 2 2 2 2 2 2 2 2 2 1 0 
0 0 1 1 0 0 -1 0 0 0 0 0 0 0 0 1 1 1 1 1 1 1 1 1 1 1 1 1 1 1 0 0 0 0 -1 -1 -1 -1 -1 -1 -1 0 -1 -1 -1 -1 -1 -1 -1 -1 -1 0 0 0 -1 
-1 -1 0 0 0 0 0 0 0 0 0 0 0 1 1 1 1 0 0 1 1 2 2 1 1 1 0 0 -1 -1 -1 -1 -1 -1 -1 0 0 0 0 0 0 -1 -1 -1 0 0 -1 -1 -1 0 0 0 -1 -1 -1 
-1 0 -1 -1 -1 0 0 0 0 0 0 0 0 0 0 0 0 1 1 1 1 1 1 1 1 1 1 1 1 1 1 1 0 0 0 0 0 0 0 0 0 0 -1 -1 -1 -1 -1 -1 0 0 0 -1 -1 -1 -1 
-1 0 0 -1 -1 -1 -1 -1 0 0 0 0 0 0 -1 -1 0 0 1 1 1 1 1 1 1 1 1 2 2 2 2 2 2 1 1 1 1 1 0 0 0 0 0 0 0 1 1 0 -1 -1 -1 -1 0 -1 -1 
0 0 -1 -1 -1 -1 -1 -1 -1 0 0 0 0 0 0 0 0 0 0 1 1 1 1 1 1 1 0 0 0 0 0 -1 -1 -1 0 0 0 -1 0 0 0 0 -1 -1 -1 -1 -1 -1 -1 -1 0 0 -1 -1 -1 
-1 -1 0 0 -1 -1 -1 0 0 0 0 0 0 0 0 0 0 0 1 1 1 1 1 1 1 1 1 2 2 1 1 1 1 1 1 1 0 0 0 0 0 0 0 0 0 0 -1 -1 -1 -1 -1 0 0 0 0 
0 0 0 0 0 0 0 0 0 0 -1 0 0 0 0 0 0 0 0 1 1 1 1 1 1 1 1 2 2 2 2 2 2 2 1 1 1 1 1 1 1 1 1 1 1 1 0 0 0 0 -1 -1 -1 -1 0 
-1 -1 -1 0 0 0 0 0 0 0 0 0 1 1 1 1 1 1 1 2 1 1 1 1 1 0 0 0 0 0 0 0 -1 -1 -1 0 -1 -1 -1 -1 -1 -1 -1 -1 -1 -1 0 0 0 -1 -1 -1 0 0 0 
0 0 0 -1 -1 -1 -1 0 0 0 0 0 0 0 0 0 0 0 0 0 0 0 0 0 0 0 0 1 1 1 1 1 1 1 1 1 0 0 0 1 1 1 1 1 1 0 0 0 0 0 -1 -1 0 0 -1 
0 0 -1 -1 -1 0 0 0 -1 -1 -1 0 0 0 0 0 1 1 1 1 1 1 1 1 1 1 1 1 1 1 1 1 1 1 1 1 0 0 0 0 0 0 0 0 0 0 -1 -1 0 0 0 -1 -1 -1 -1 
0 -1 -1 -1 -1 0 -1 0 -1 0 0 0 0 1 1 1 1 1 2 2 2 2 2 2 1 1 1 0 0 0 0 0 0 0 -1 -1 -1 -1 -1 -1 0 0 0 0 0 0 -1 -1 -1 -1 -1 -1 -1 -1 -1 
-1 0 0 0 0 0 -1 0 0 0 0 -1 0 0 0 1 1 1 0 0 0 0 0 0 0 0 0 1 1 1 1 1 1 1 1 1 1 1 0 0 0 0 0 0 -1 -1 -1 -1 -1 -1 -1 0 0 0 0 
0 -1 -1 -1 -1 0 0 0 0 0 0 0 0 0 0 0 1 0 1 2 2 2 2 2 2 2 2 1 1 1 1 1 0 0 0 0 0 0 0 -1 -1 -1 0 -1 0 -1 -1 -1 -1 -1 -1 -1 -1 0 0 
-1 -1 -1 -1 0 0 0 0 0 0 0 0 0 0 1 1 1 2 2 2 2 2 2 2 2 2 1 1 0 0 0 0 0 0 0 0 0 0 0 0 0 0 0 -1 0 -1 -1 -1 -1 -1 -1 -1 -1 -1 -1 
-1 -1 -1 -1 0 0 0 0 0 0 0 0 0 0 1 1 1 0 0 0 0 0 0 0 0 1 1 1 1 0 0 0 0 0 0 0 0 0 0 -1 -1 -1 -1 0 0 -1 -1 -1 -1 -1 -1 -1 -1 -1 -1 
0 0 0 0 0 1 1 1 1 0 1 1 1 1 1 1 1 2 2 2 2 2 2 2 2 2 2 2 2 2 2 2 2 2 2 2 2 2 1 1 1 1 1 1 1 1 1 1 1 1 1 1 1 1 1 
0 0 0 1 0 1 0 1 0 1 1 1 1 1 1 1 2 2 2 2 2 2 2 2 2 2 2 2 2 2 1 1 1 1 1 1 1 1 1 1 0 0 0 0 1 1 0 0 0 0 1 1 0 0 0 
0 0 0 0 0 0 0 0 0 0 1 1 1 1 1 1 2 2 2 3 3 3 3 3 3 3 3 3 3 3 3 3 3 3 2 2 2 2 2 2 2 2 2 2 2 1 1 1 1 0 0 0 0 0 0 
0 0 0 0 0 1 1 1 1 1 1 1 1 1 1 1 1 1 1 1 1 1 1 1 2 2 2 2 2 2 2 2 2 2 2 2 1 1 1 1 1 1 1 1 1 0 0 0 1 1 1 1 1 1 1 
1 1 1 1 1 1 1 0 0 0 1 1 1 1 1 1 1 1 1 1 1 2 2 2 1 1 1 1 1 1 1 1 0 0 0 1 1 1 0 0 0 0 0 0 0 0 0 0 0 0 0 0 0 0 0 
0 0 0 0 0 0 0 0 0 1 1 2 2 1 1 1 1 1 1 1 2 2 2 2 2 2 2 2 2 2 2 2 2 2 2 3 3 2 2 1 1 0 0 0 0 0 0 0 0 0 1 1 1 1 1 
1 1 0 0 0 0 0 0 0 1 1 1 1 0 0 1 2 1 1 1 2 2 1 1 2 2 2 2 2 2 1 1 1 0 0 0 0 0 0 0 1 1 0 0 0 0 0 0 -1 -1 0 0 -1 -1 0 
0 1 1 1 0 0 0 1 1 1 0 0 0 1 1 1 0 0 0 1 1 1 1 1 2 2 1 1 1 1 1 1 1 1 1 0 0 0 1 1 0 0 0 0 0 0 0 0 0 1 0 0 0 0 0 
-1 -1 -1 -1 0 0 0 -1 0 0 0 0 0 0 0 0 0 0 1 1 1 1 0 0 0 0 0 0 0 0 1 2 3 35 35 19 9 9 9 3 1 1 0 0 0 0 0 0 0 0 0 0 0 0 0 
0 0 0 0 -1 -1 0 0 0 0 0 0 0 0 0 0 0 1 0 0 0 1 1 1 1 1 1 1 1 1 1 1 1 0 0 0 0 0 0 0 0 0 -1 -1 -1 -1 -1 0 0 0 -1 0 0 0 0 
-1 -1 -1 0 0 0 0 -1 -1 0 0 0 0 0 0 0 1 1 1 0 0 0 0 0 0 0 1 1 0 0 0 0 0 0 0 0 0 0 0 0 -1 -1 -2 -2 -1 -1 -1 -1 -1 -1 0 0 0 -1 0 
0 0 0 0 -1 -1 -1 0 0 0 0 0 0 0 0 0 0 0 1 2 2 2 2 2 2 2 2 2 1 1 0 0 0 0 1 1 1 1 1 1 0 0 0 -1 -1 -1 0 -1 0 -1 -1 -1 -1 -1 0 
0 0 0 0 0 0 0 0 0 0 0 0 1 1 1 0 0 0 0 1 1 1 1 1 1 1 1 1 1 1 1 1 1 1 1 1 -1 -1 -1 -1 1 1 0 -1 -1 -1 -1 -1 -1 0 0 0 -1 -1 -1 
0 -1 -1 -1 -1 0 0 0 0 0 0 0 0 0 1 1 1 1 0 0 1 1 0 0 0 1 1 0 0 0 0 0 0 1 1 1 0 -1 0 -1 -1 -1 0 0 0 0 0 -1 -1 -1 -1 -1 0 0 0 
-1 -1 0 0 0 0 0 0 0 -1 -1 -1 0 0 0 0 0 0 2 2 2 2 2 2 2 2 2 2 2 2 2 2 2 2 1 1 1 0 0 0 0 0 0 0 0 0 0 -1 -1 -1 0 0 0 0 0 
0 -1 -1 -1 -1 -1 -1 0 0 0 -1 0 0 0 0 0 0 1 1 1 1 1 1 1 1 1 1 1 1 3 3 2 2 1 0 0 0 0 0 0 0 0 -1 -1 -1 0 0 0 0 -1 -1 -1 -1 -1 -1 
-1 -1 -1 -1 -1 -1 0 0 0 0 0 0 0 0 0 0 0 0 1 1 1 1 0 0 1 1 1 1 1 1 1 1 1 1 1 1 1 1 1 1 0 0 -1 -1 0 0 0 0 0 0 0 0 0 0 0 
0 -1 0 0 0 0 0 0 0 0 0 0 0 0 0 0 0 0 1 1 1 1 1 1 1 1 1 1 1 1 1 1 1 1 1 1 1 1 1 -1 -1 -1 -1 -1 -1 -1 -1 -1 -1 -1 -1 0 0 0 -1 
-1 0 0 0 -1 -1 -1 -1 -1 0 0 0 0 0 0 0 0 0 0 0 1 1 1 1 1 1 1 1 1 1 0 1 0 1 0 0 0 0 0 0 0 -1 -1 -1 -1 0 0 0 -1 -1 0 0 0 -1 0 
0 0 0 0 0 0 0 -1 -1 -1 1 1 0 0 0 0 0 0 0 0 2 1 1 1 1 1 1 0 0 0 0 0 0 0 0 0 0 -1 -1 -1 0 0 0 0 -1 0 0 0 -1 -1 0 0 -1 -1 -1 
0 0 0 0 -1 0 0 0 0 0 -1 0 0 0 0 0 0 0 1 1 1 0 0 0 0 0 0 1 2 2 2 2 2 2 1 1 1 1 1 1 1 1 1 1 1 1 1 1 0 0 0 0 0 -1 -1 
0 0 0 -1 -1 -1 -1 -1 -1 -1 0 0 1 -1 0 0 0 1 1 1 0 0 0 0 0 0 1 1 1 1 1 1 1 1 1 1 1 0 0 0 0 0 0 0 0 0 0 0 0 -1 -1 0 0 0 0 
-1 0 0 0 0 -1 -1 -1 -1 -1 -1 0 0 0 0 0 0 0 0 0 1 1 1 3 3 3 3 3 3 32 37 37 24 10 10 10 2 0 0 0 0 0 0 0 0 -1 -1 -1 -1 -1 -1 -1 -1 0 0 
0 0 0 0 0 0 0 0 0 1 1 0 -1 -1 0 0 0 0 0 0 1 1 1 1 1 1 1 1 1 1 1 1 1 1 0 0 0 0 0 0 0 0 0 -1 0 -1 -1 -1 -1 -1 0 0 0 0 0 
1 1 1 1 1 1 1 1 1 1 1 1 1 1 1 1 1 1 1 1 1 2 2 2 2 2 2 2 3 1 1 1 2 2 2 1 1 1 1 1 1 1 0 1 0 1 1 1 0 0 0 0 0 0 0 
0 0 1 1 1 1 1 1 1 1 1 1 1 1 1 1 2 2 2 1 1 1 2 2 2 2 2 2 2 2 2 1 1 1 1 0 0 0 0 0 0 1 1 0 0 1 1 1 2 0 1 1 1 1 0 
0 1 1 1 1 1 1 2 1 1 1 1 1 1 1 1 1 1 2 2 2 2 2 2 2 2 2 2 2 2 2 2 4 4 5 5 5 5 5 5 2 2 1 1 1 1 1 1 1 1 0 0 0 0 0 
0 0 0 0 0 0 1 1 1 0 0 0 1 1 1 1 1 1 1 1 1 1 1 1 1 2 2 2 0 0 0 0 0 0 0 0 0 0 0 0 0 0 0 1 1 1 0 0 0 0 0 0 0 0 0 
0 0 0 0 0 0 0 0 0 0 1 1 1 1 1 1 1 1 2 2 2 2 2 2 2 2 2 2 1 0 0 0 0 0 0 0 0 0 0 0 0 0 0 0 1 0 1 0 0 0 1 1 0 0 0 
0 0 0 0 0 0 0 0 0 0 0 0 1 1 1 1 0 1 1 1 2 2 2 2 2 2 3 3 1 1 1 1 1 1 1 1 0 0 0 0 0 0 0 0 0 1 1 1 0 0 0 0 0 0 0 
-1 -1 -1 -1 -1 -1 0 -1 -1 -1 -1 -1 0 1 1 1 0 0 0 0 0 0 1 1 1 1 1 1 1 1 1 9 9 9 9 9 0 0 0 -1 -1 -1 -1 -1 -1 -1 0 0 0 -1 -1 -1 -1 -1 -1 
-1 -1 0 0 0 0 0 0 -1 -1 -1 0 0 0 0 0 0 0 0 0 0 0 -1 -1 0 0 -1 -1 -1 -1 -1 -1 -1 0 0 -1 -1 -1 0 -1 -1 -1 -1 -1 -1 -1 -1 -1 -1 -1 0 0 0 -1 -1 
-1 -1 -1 -1 0 0 0 0 0 0 -1 -1 -1 0 0 1 0 1 1 1 1 1 1 1 1 1 1 1 1 1 1 0 0 0 0 0 0 0 0 0 -1 -1 -1 -1 -1 -1 -1 0 0 -1 -1 -1 -1 -1 -1 
-1 -1 0 0 0 -1 -1 -1 -1 -1 -1 0 0 0 0 0 0 1 1 1 1 2 2 2 2 2 2 1 1 1 1 1 1 1 1 0 -1 -1 -1 -1 -1 -1 -1 -1 -1 -1 -1 -2 -1 -1 0 0 0 -1 -1 
-1 0 0 0 -1 0 0 0 0 0 0 0 0 0 0 0 0 0 0 0 1 1 1 1 1 1 1 2 2 2 2 2 2 2 3 3 3 1 1 0 0 0 0 0 0 0 0 0 -1 0 -1 -1 -1 -1 -1 
-1 0 0 -1 -1 0 0 0 -1 0 0 1 1 1 0 0 1 1 1 1 2 2 0 0 0 0 0 0 0 0 0 0 0 -1 -1 -1 0 0 -1 -1 -1 -1 -1 -1 0 -1 -1 -1 -1 -1 -1 -1 0 0 0 
-1 -1 -1 0 0 0 0 0 -1 -1 0 0 0 0 0 0 0 0 1 1 1 1 1 1 1 1 1 0 0 0 0 -1 0 -1 0 0 0 -1 -1 -1 -1 -1 -1 -1 -1 -1 0 0 0 -1 -1 -1 -1 -1 -1 
-1 -1 -1 -1 0 -1 0 -1 0 0 1 1 0 0 0 0 0 1 1 1 1 1 1 1 1 1 1 1 0 0 0 -1 -1 -1 0 0 0 -1 0 -1 -1 -1 -1 -1 -1 0 0 0 0 0 -1 -1 -1 -2 -2 
0 0 0 0 0 0 0 1 1 1 0 0 1 1 1 1 0 1 0 1 1 1 1 2 2 2 2 2 2 1 1 0 0 0 0 0 0 0 0 -1 -1 -1 -1 -1 -1 -1 -1 -1 0 -1 -1 -1 0 0 -1 
0 0 0 0 -1 -1 -1 0 0 0 0 0 0 0 1 0 0 0 0 0 0 0 0 0 1 1 1 1 1 1 1 0 -1 -1 -1 -1 -1 -1 -1 -1 -1 -1 -1 -1 -1 0 0 -1 -1 -1 0 -1 -1 -1 -1 
0 -1 -1 -1 -1 -1 -1 -1 0 0 0 0 0 0 0 0 0 0 1 1 1 1 1 1 1 1 1 1 0 0 0 0 0 0 1 1 1 0 -1 -1 -1 -1 -1 -1 0 0 0 -1 0 0 0 -1 -1 -1 -1 
-1 -1 -1 0 1 0 1 1 1 1 1 1 1 1 1 1 1 1 1 1 1 1 2 1 2 2 2 2 1 2 1 2 1 1 1 1 1 1 1 0 0 0 1 1 0 0 0 0 0 0 0 -1 0 0 0 
0 0 0 0 0 1 1 1 1 0 0 0 1 1 1 1 1 1 1 1 2 2 2 2 1 1 1 1 1 1 1 2 2 2 2 2 1 1 2 2 2 2 2 2 1 1 0 0 0 1 1 0 0 0 0 
0 0 0 0 0 0 0 0 0 0 1 1 1 1 1 1 1 1 1 1 1 1 2 2 2 2 2 2 2 2 2 1 1 1 1 1 1 1 1 0 0 0 0 0 1 1 1 0 0 0 0 0 0 0 0 
0 0 0 0 1 1 1 1 1 1 1 1 0 1 1 1 1 1 2 2 2 2 1 2 1 2 2 2 1 1 0 0 0 0 0 0 0 -1 -1 -1 0 0 0 0 0 -1 -1 -1 -1 -1 -1 -1 -1 0 -1 
1 1 1 1 1 1 0 0 0 0 0 0 1 1 1 2 2 1 1 1 1 1 1 1 2 2 2 2 2 2 3 3 2 2 2 1 1 1 1 1 1 1 1 0 0 0 0 1 1 0 0 0 0 0 0 
0 0 1 1 1 1 0 0 0 1 2 2 1 1 1 2 2 2 1 1 1 0 0 0 1 1 1 1 0 0 1 1 0 0 0 0 1 1 0 0 0 0 0 0 0 0 0 0 0 0 0 0 0 0 0 
1 1 1 0 0 0 0 0 0 0 1 1 1 1 1 1 1 1 2 2 2 2 1 1 1 1 1 1 2 2 1 1 2 2 0 0 0 0 0 0 0 1 1 1 1 1 0 0 0 0 0 1 0 0 0 
0 0 0 1 1 1 1 1 1 1 1 1 2 2 2 1 1 1 2 2 2 2 2 2 2 2 2 2 3 3 3 3 3 3 2 2 3 3 2 1 0 0 0 0 0 0 0 0 0 0 0 0 0 0 0 
0 0 0 0 1 1 1 1 1 1 1 1 1 1 1 1 2 2 2 2 2 2 2 2 2 2 2 2 1 0 0 0 0 0 1 1 1 1 1 0 0 0 0 0 0 0 0 0 1 0 0 0 0 0 0 
0 0 0 0 0 0 0 0 1 1 1 1 1 1 1 1 1 1 1 1 1 1 2 2 2 2 2 2 2 2 2 2 1 1 1 1 1 1 1 1 1 1 1 1 1 1 1 1 1 1 0 1 1 1 0 
0 1 1 1 1 1 0 1 0 1 0 0 0 1 1 1 1 1 1 2 2 2 2 2 2 2 2 2 2 2 2 2 2 2 2 2 2 2 1 1 2 2 2 2 2 2 2 2 1 1 1 1 1 1 0 
1 1 1 0 1 1 1 1 1 1 1 1 1 1 1 1 1 2 2 2 2 1 1 1 1 1 1 0 1 1 1 1 0 0 0 1 0 0 0 0 0 1 1 0 0 0 0 0 0 0 0 0 1 0 0 
0 0 0 0 1 1 1 1 1 1 1 1 1 1 1 2 2 1 1 2 2 2 2 2 2 2 2 1 1 1 1 1 1 2 2 1 1 2 2 2 2 2 2 2 1 1 1 2 2 0 0 0 0 0 0 
0 1 1 1 1 1 1 1 1 1 1 1 2 2 2 2 2 1 1 3 3 3 3 3 3 3 2 2 2 2 2 2 2 3 3 2 2 1 1 1 1 1 1 1 1 1 0 0 0 0 1 0 1 1 1 
0 1 1 1 1 1 1 1 1 1 1 2 2 2 2 2 2 2 2 2 2 2 2 2 1 2 1 1 1 1 0 0 0 0 0 0 0 0 0 0 0 0 0 0 0 0 0 1 0 1 0 1 0 0 0 
0 0 0 1 1 1 1 1 1 1 1 0 0 1 1 1 2 2 2 2 2 2 2 2 2 2 2 2 3 3 3 3 3 3 3 2 3 1 2 1 1 0 0 0 0 0 0 0 1 0 1 0 1 0 0 
0 0 0 1 1 0 0 1 1 1 0 1 1 1 1 1 1 2 1 1 1 1 1 1 1 2 3 3 3 3 3 3 2 2 3 3 3 3 2 2 1 1 2 2 2 2 2 2 2 1 0 0 0 0 1 
0 0 1 1 1 1 1 1 1 1 2 1 2 1 1 1 1 2 1 2 1 1 1 1 1 1 2 2 2 1 1 0 0 0 1 1 0 0 0 0 0 0 1 1 1 1 0 0 0 0 -1 1 0 0 0 
1 1 1 0 0 0 0 1 1 1 1 2 2 2 1 1 1 1 1 1 1 1 1 1 1 1 1 1 2 2 2 2 2 2 2 2 2 2 1 1 2 2 2 2 2 2 2 2 2 2 2 2 2 1 0 
0 0 1 1 0 0 -1 0 0 0 0 0 0 0 0 1 1 1 1 1 1 1 1 1 1 1 1 1 1 1 0 0 0 0 -1 -1 -1 -1 -1 -1 -1 0 -1 -1 -1 -1 -1 -1 -1 -1 -1 0 0 0 -1 
-1 -1 0 0 0 0 0 0 0 0 0 0 0 1 1 1 1 0 0 1 1 2 2 1 1 1 0 0 -1 -1 -1 -1 -1 -1 -1 0 0 0 0 0 0 -1 -1 -1 0 0 -1 -1 -1 0 0 0 -1 -1 -1 
-1 0 -1 -1 -1 0 0 0 0 0 0 0 0 0 0 0 0 1 1 1 1 1 1 1 1 1 1 1 1 1 1 1 0 0 0 0 0 0 0 0 0 0 -1 -1 -1 -1 -1 -1 0 0 0 -1 -1 -1 -1 
-1 0 0 -1 -1 -1 -1 -1 0 0 0 0 0 0 -1 -1 0 0 1 1 1 1 1 1 1 1 1 2 2 2 2 2 2 1 1 1 1 1 0 0 0 0 0 0 0 1 1 0 -1 -1 -1 -1 0 -1 -1 
0 0 -1 -1 -1 -1 -1 -1 -1 0 0 0 0 0 0 0 0 0 0 1 1 1 1 1 1 1 0 0 0 0 0 -1 -1 -1 0 0 0 -1 0 0 0 0 -1 -1 -1 -1 -1 -1 -1 -1 0 0 -1 -1 -1 
-1 -1 0 0 -1 -1 -1 0 0 0 0 0 0 0 0 0 0 0 1 1 1 1 1 1 1 1 1 2 2 1 1 1 1 1 1 1 0 0 0 0 0 0 0 0 0 0 -1 -1 -1 -1 -1 0 0 0 0 
0 0 0 0 0 0 0 0 0 0 -1 0 0 0 0 0 0 0 0 1 1 1 1 1 1 1 1 2 2 2 2 2 2 2 1 1 1 1 1 1 1 1 1 1 1 1 0 0 0 0 -1 -1 -1 -1 0 
-1 -1 -1 0 0 0 0 0 0 0 0 0 1 1 1 1 1 1 1 2 1 1 1 1 1 0 0 0 0 0 0 0 -1 -1 -1 0 -1 -1 -1 -1 -1 -1 -1 -1 -1 -1 0 0 0 -1 -1 -1 0 0 0 
0 0 0 -1 -1 -1 -1 0 0 0 0 0 0 0 0 0 0 0 0 0 0 0 0 0 0 0 0 1 1 1 1 1 1 1 1 1 0 0 0 1 1 1 1 1 1 0 0 0 0 0 -1 -1 0 0 -1 
0 0 -1 -1 -1 0 0 0 -1 -1 -1 0 0 0 0 0 1 1 1 1 1 1 1 1 1 1 1 1 1 1 1 1 1 1 1 1 0 0 0 0 0 0 0 0 0 0 -1 -1 0 0 0 -1 -1 -1 -1 
0 -1 -1 -1 -1 0 -1 0 -1 0 0 0 0 1 1 1 1 1 2 2 2 2 2 2 1 1 1 0 0 0 0 0 0 0 -1 -1 -1 -1 -1 -1 0 0 0 0 0 0 -1 -1 -1 -1 -1 -1 -1 -1 -1 
-1 0 0 0 0 0 -1 0 0 0 0 -1 0 0 0 1 1 1 0 0 0 0 0 0 0 0 0 1 1 1 1 1 1 1 1 1 1 1 0 0 0 0 0 0 -1 -1 -1 -1 -1 -1 -1 0 0 0 0 
0 -1 -1 -1 -1 0 0 0 0 0 0 0 0 0 0 0 1 0 1 2 2 2 2 2 2 2 2 1 1 1 1 1 0 0 0 0 0 0 0 -1 -1 -1 0 -1 0 -1 -1 -1 -1 -1 -1 -1 -1 0 0 
-1 -1 -1 -1 0 0 0 0 0 0 0 0 0 0 1 1 1 2 2 2 2 2 2 2 2 2 1 1 0 0 0 0 0 0 0 0 0 0 0 0 0 0 0 -1 0 -1 -1 -1 -1 -1 -1 -1 -1 -1 -1 
-1 -1 -1 -1 0 0 0 0 0 0 0 0 0 0 1 1 1 0 0 0 0 0 0 0 0 1 1 1 1 0 0 0 0 0 0 0 0 0 0 -1 -1 -1 -1 0 0 -1 -1 -1 -1 -1 -1 -1 -1 -1 -1 
0 0 0 0 0 1 1 1 1 0 1 1 1 1 1 1 1 2 2 2 2 2 2 2 2 2 2 2 2 2 2 2 2 2 2 2 2 2 1 1 1 1 1 1 1 1 1 1 1 1 1 1 1 1 1 
0 0 0 1 0 1 0 1 0 1 1 1 1 1 1 1 2 2 2 2 2 2 2 2 2 2 2 2 2 2 1 1 1 1 1 1 1 1 1 1 0 0 0 0 1 1 0 0 0 0 1 1 0 0 0 
0 0 0 0 0 0 0 0 0 0 1 1 1 1 1 1 2 2 2 3 3 3 3 3 3 3 3 3 3 3 3 3 3 3 2 2 2 2 2 2 2 2 2 2 2 1 1 1 1 0 0 0 0 0 0 
0 0 0 0 0 1 1 1 1 1 1 1 1 1 1 1 1 1 1 1 1 1 1 1 2 2 2 2 2 2 2 2 2 2 2 2 1 1 1 1 1 1 1 1 1 0 0 0 1 1 1 1 1 1 1 
1 1 1 1 1 1 1 0 0 0 1 1 1 1 1 1 1 1 1 1 1 2 2 2 1 1 1 1 1 1 1 1 0 0 0 1 1 1 0 0 0 0 0 0 0 0 0 0 0 0 0 0 0 0 0 
0 0 0 0 0 0 0 0 0 1 1 2 2 1 1 1 1 1 1 1 2 2 2 2 2 2 2 2 2 2 2 2 2 2 2 3 3 2 2 1 1 0 0 0 0 0 0 0 0 0 1 1 1 1 1 
1 1 0 0 0 0 0 0 0 1 1 1 1 0 0 1 2 1 1 1 2 2 1 1 2 2 2 2 2 2 1 1 1 0 0 0 0 0 0 0 1 1 0 0 0 0 0 0 -1 -1 0 0 -1 -1 0 
0 1 1 1 0 0 0 1 1 1 0 0 0 1 1 1 0 0 0 1 1 1 1 1 2 2 1 1 1 1 1 1 1 1 1 0 0 0 1 1 0 0 0 0 0 0 0 0 0 1 0 0 0 0 0 
-1 -1 -1 -1 0 0 0 -1 0 0 0 0 0 0 0 0 0 0 1 1 1 1 0 0 0 0 0 0 0 0 1 2 3 35 35 19 9 9 9 3 1 1 0 0 0 0 0 0 0 0 0 0 0 0 0 
0 0 0 0 -1 -1 0 0 0 0 0 0 0 0 0 0 0 1 0 0 0 1 1 1 1 1 1 1 1 1 1 1 1 0 0 0 0 0 0 0 0 0 -1 -1 -1 -1 -1 0 0 0 -1 0 0 0 0 
-1 -1 -1 0 0 0 0 -1 -1 0 0 0 0 0 0 0 1 1 1 0 0 0 0 0 0 0 1 1 0 0 0 0 0 0 0 0 0 0 0 0 -1 -1 -2 -2 -1 -1 -1 -1 -1 -1 0 0 0 -1 0 
0 0 0 0 -1 -1 -1 0 0 0 0 0 0 0 0 0 0 0 1 2 2 2 2 2 2 2 2 2 1 1 0 0 0 0 1 1 1 1 1 1 0 0 0 -1 -1 -1 0 -1 0 -1 -1 -1 -1 -1 0 
0 0 0 0 0 0 0 0 0 0 0 0 1 1 1 0 0 0 0 1 1 1 1 1 1 1 1 1 1 1 1 1 1 1 1 1 -1 -1 -1 -1 1 1 0 -1 -1 -1 -1 -1 -1 0 0 0 -1 -1 -1 
0 -1 -1 -1 -1 0 0 0 0 0 0 0 0 0 1 1 1 1 0 0 1 1 0 0 0 1 1 0 0 0 0 0 0 1 1 1 0 -1 0 -1 -1 -1 0 0 0 0 0 -1 -1 -1 -1 -1 0 0 0 
-1 -1 0 0 0 0 0 0 0 -1 -1 -1 0 0 0 0 0 0 2 2 2 2 2 2 2 2 2 2 2 2 2 2 2 2 1 1 1 0 0 0 0 0 0 0 0 0 0 -1 -1 -1 0 0 0 0 0 
0 -1 -1 -1 -1 -1 -1 0 0 0 -1 0 0 0 0 0 0 1 1 1 1 1 1 1 1 1 1 1 1 3 3 2 2 1 0 0 0 0 0 0 0 0 -1 -1 -1 0 0 0 0 -1 -1 -1 -1 -1 -1 
-1 -1 -1 -1 -1 -1 0 0 0 0 0 0 0 0 0 0 0 0 1 1 1 1 0 0 1 1 1 1 1 1 1 1 1 1 1 1 1 1 1 1 0 0 -1 -1 0 0 0 0 0 0 0 0 0 0 0 
0 -1 0 0 0 0 0 0 0 0 0 0 0 0 0 0 0 0 1 1 1 1 1 1 1 1 1 1 1 1 1 1 1 1 1 1 1 1 1 -1 -1 -1 -1 -1 -1 -1 -1 -1 -1 -1 -1 0 0 0 -1 
-1 0 0 0 -1 -1 -1 -1 -1 0 0 0 0 0 0 0 0 0 0 0 1 1 1 1 1 1 1 1 1 1 0 1 0 1 0 0 0 0 0 0 0 -1 -1 -1 -1 0 0 0 -1 -1 0 0 0 -1 0 
0 0 0 0 0 0 0 -1 -1 -1 1 1 0 0 0 0 0 0 0 0 2 1 1 1 1 1 1 0 0 0 0 0 0 0 0 0 0 -1 -1 -1 0 0 0 0 -1 0 0 0 -1 -1 0 0 -1 -1 -1 
0 0 0 0 -1 0 0 0 0 0 -1 0 0 0 0 0 0 0 1 1 1 0 0 0 0 0 0 1 2 2 2 2 2 2 1 1 1 1 1 1 1 1 1 1 1 1 1 1 0 0 0 0 0 -1 -1 
0 0 0 -1 -1 -1 -1 -1 -1 -1 0 0 1 -1 0 0 0 1 1 1 0 0 0 0 0 0 1 1 1 1 1 1 1 1 1 1 1 0 0 0 0 0 0 0 0 0 0 0 0 -1 -1 0 0 0 0 
-1 0 0 0 0 -1 -1 -1 -1 -1 -1 0 0 0 0 0 0 0 0 0 1 1 1 3 3 3 3 3 3 32 37 37 24 10 10 10 2 0 0 0 0 0 0 0 0 -1 -1 -1 -1 -1 -1 -1 -1 0 0 
0 0 0 0 0 0 0 0 0 1 1 0 -1 -1 0 0 0 0 0 0 1 1 1 1 1 1 1 1 1 1 1 1 1 1 0 0 0 0 0 0 0 0 0 -1 0 -1 -1 -1 -1 -1 0 0 0 0 0 
1 1 1 1 1 1 1 1 1 1 1 1 1 1 1 1 1 1 1 1 1 2 2 2 2 2 2 2 3 1 1 1 2 2 2 1 1 1 1 1 1 1 0 1 0 1 1 1 0 0 0 0 0 0 0 
0 0 1 1 1 1 1 1 1 1 1 1 1 1 1 1 2 2 2 1 1 1 2 2 2 2 2 2 2 2 2 1 1 1 1 0 0 0 0 0 0 1 1 0 0 1 1 1 2 0 1 1 1 1 0 
0 1 1 1 1 1 1 2 1 1 1 1 1 1 1 1 1 1 2 2 2 2 2 2 2 2 2 2 2 2 2 2 4 4 5 5 5 5 5 5 2 2 1 1 1 1 1 1 1 1 0 0 0 0 0 
15 15 15 10 10 12 13 13 13 17 17 17 17 17 23 23 23 19 28 28 31 32 32 32 33 33 37 37 37 36 35 35 35 35 35 31 27 27 26 22 22 20 20 20 19 19 19 11 13 13 13 11 11 11 12 
0 0 0 0 0 0 0 0 0 0 1 1 1 1 1 1 1 1 2 2 2 2 2 2 2 2 2 2 1 0 0 0 0 0 0 0 0 0 0 0 0 0 0 0 1 0 1 0 0 0 1 1 0 0 0 
0 0 0 0 0 0 0 0 0 0 0 0 1 1 1 1 0 1 1 1 2 2 2 2 2 2 3 3 1 1 1 1 1 1 1 1 0 0 0 0 0 0 0 0 0 1 1 1 0 0 0 0 0 0 0 
-1 -1 -1 -1 -1 -1 0 -1 -1 -1 -1 -1 0 1 1 1 0 0 0 0 0 0 1 1 1 1 1 1 1 1 1 9 9 9 9 9 0 0 0 -1 -1 -1 -1 -1 -1 -1 0 0 0 -1 -1 -1 -1 -1 -1 
-1 -1 0 0 0 0 0 0 -1 -1 -1 0 0 0 0 0 0 0 0 0 0 0 -1 -1 0 0 -1 -1 -1 -1 -1 -1 -1 0 0 -1 -1 -1 0 -1 -1 -1 -1 -1 -1 -1 -1 -1 -1 -1 0 0 0 -1 -1 
-1 -1 -1 -1 0 0 0 0 0 0 -1 -1 -1 0 0 1 0 1 1 1 1 1 1 1 1 1 1 1 1 1 1 0 0 0 0 0 0 0 0 0 -1 -1 -1 -1 -1 -1 -1 0 0 -1 -1 -1 -1 -1 -1 
-1 -1 0 0 0 -1 -1 -1 -1 -1 -1 0 0 0 0 0 0 1 1 1 1 2 2 2 2 2 2 1 1 1 1 1 1 1 1 0 -1 -1 -1 -1 -1 -1 -1 -1 -1 -1 -1 -2 -1 -1 0 0 0 -1 -1 
-1 0 0 0 -1 0 0 0 0 0 0 0 0 0 0 0 0 0 0 0 1 1 1 1 1 1 1 2 2 2 2 2 2 2 3 3 3 1 1 0 0 0 0 0 0 0 0 0 -1 0 -1 -1 -1 -1 -1 
-1 0 0 -1 -1 0 0 0 -1 0 0 1 1 1 0 0 1 1 1 1 2 2 0 0 0 0 0 0 0 0 0 0 0 -1 -1 -1 0 0 -1 -1 -1 -1 -1 -1 0 -1 -1 -1 -1 -1 -1 -1 0 0 0 
-1 -1 -1 0 0 0 0 0 -1 -1 0 0 0 0 0 0 0 0 1 1 1 1 1 1 1 1 1 0 0 0 0 -1 0 -1 0 0 0 -1 -1 -1 -1 -1 -1 -1 -1 -1 0 0 0 -1 -1 -1 -1 -1 -1 
-1 -1 -1 -1 0 -1 0 -1 0 0 1 1 0 0 0 0 0 1 1 1 1 1 1 1 1 1 1 1 0 0 0 -1 -1 -1 0 0 0 -1 0 -1 -1 -1 -1 -1 -1 0 0 0 0 0 -1 -1 -1 -2 -2 
0 0 0 0 0 0 0 1 1 1 0 0 1 1 1 1 0 1 0 1 1 1 1 2 2 2 2 2 2 1 1 0 0 0 0 0 0 0 0 -1 -1 -1 -1 -1 -1 -1 -1 -1 0 -1 -1 -1 0 0 -1 
0 0 0 0 -1 -1 -1 0 0 0 0 0 0 0 1 0 0 0 0 0 0 0 0 0 1 1 1 1 1 1 1 0 -1 -1 -1 -1 -1 -1 -1 -1 -1 -1 -1 -1 -1 0 0 -1 -1 -1 0 -1 -1 -1 -1 
0 -1 -1 -1 -1 -1 -1 -1 0 0 0 0 0 0 0 0 0 0 1 1 1 1 1 1 1 1 1 1 0 0 0 0 0 0 1 1 1 0 -1 -1 -1 -1 -1 -1 0 0 0 -1 0 0 0 -1 -1 -1 -1 
-1 -1 -1 0 1 0 1 1 1 1 1 1 1 1 1 1 1 1 1 1 1 1 2 1 2 2 2 2 1 2 1 2 1 1 1 1 1 1 1 0 0 0 1 1 0 0 0 0 0 0 0 -1 0 0 0 
0 0 0 0 0 1 1 1 1 0 0 0 1 1 1 1 1 1 1 1 2 2 2 2 1 1 1 1 1 1 1 2 2 2 2 2 1 1 2 2 2 2 2 2 1 1 0 0 0 1 1 0 0 0 0 
0 0 0 0 0 0 0 0 0 0 1 1 1 1 1 1 1 1 1 1 1 1 2 2 2 2 2 2 2 2 2 1 1 1 1 1 1 1 1 0 0 0 0 0 1 1 1 0 0 0 0 0 0 0 0 
0 0 0 0 1 1 1 1 1 1 1 1 0 1 1 1 1 1 2 2 2 2 1 2 1 2 2 2 1 1 0 0 0 0 0 0 0 -1 -1 -1 0 0 0 0 0 -1 -1 -1 -1 -1 -1 -1 -1 0 -1 
1 1 1 1 1 1 0 0 0 0 0 0 1 1 1 2 2 1 1 1 1 1 1 1 2 2 2 2 2 2 3 3 2 2 2 1 1 1 1 1 1 1 1 0 0 0 0 1 1 0 0 0 0 0 0 
0 0 1 1 1 1 0 0 0 1 2 2 1 1 1 2 2 2 1 1 1 0 0 0 1 1 1 1 0 0 1 1 0 0 0 0 1 1 0 0 0 0 0 0 0 0 0 0 0 0 0 0 0 0 0 
1 1 1 0 0 0 0 0 0 0 1 1 1 1 1 1 1 1 2 2 2 2 1 1 1 1 1 1 2 2 1 1 2 2 0 0 0 0 0 0 0 1 1 1 1 1 0 0 0 0 0 1 0 0 0 
0 0 0 1 1 1 1 1 1 1 1 1 2 2 2 1 1 1 2 2 2 2 2 2 2 2 2 2 3 3 3 3 3 3 2 2 3 3 2 1 0 0 0 0 0 0 0 0 0 0 0 0 0 0 0 
0 0 0 0 1 1 1 1 1 1 1 1 1 1 1 1 2 2 2 2 2 2 2 2 2 2 2 2 1 0 0 0 0 0 1 1 1 1 1 0 0 0 0 0 0 0 0 0 1 0 0 0 0 0 0 
0 0 0 0 0 0 0 0 1 1 1 1 1 1 1 1 1 1 1 1 1 1 2 2 2 2 2 2 2 2 2 2 1 1 1 1 1 1 1 1 1 1 1 1 1 1 1 1 1 1 0 1 1 1 0 
0 1 1 1 1 1 0 1 0 1 0 0 0 1 1 1 1 1 1 2 2 2 2 2 2 2 2 2 2 2 2 2 2 2 2 2 2 2 1 1 2 2 2 2 2 2 2 2 1 1 1 1 1 1 0 
1 1 1 0 1 1 1 1 1 1 1 1 1 1 1 1 1 2 2 2 2 1 1 1 1 1 1 0 1 1 1 1 0 0 0 1 0 0 0 0 0 1 1 0 0 0 0 0 0 0 0 0 1 0 0 
0 0 0 0 1 1 1 1 1 1 1 1 1 1 1 2 2 1 1 2 2 2 2 2 2 2 2 1 1 1 1 1 1 2 2 1 1 2 2 2 2 2 2 2 1 1 1 2 2 0 0 0 0 0 0 
0 1 1 1 1 1 1 1 1 1 1 1 2 2 2 2 2 1 1 3 3 3 3 3 3 3 2 2 2 2 2 2 2 3 3 2 2 1 1 1 1 1 1 1 1 1 0 0 0 0 1 0 1 1 1 
0 1 1 1 1 1 1 1 1 1 1 2 2 2 2 2 2 2 2 2 2 2 2 2 1 2 1 1 1 1 0 0 0 0 0 0 0 0 0 0 0 0 0 0 0 0 0 1 0 1 0 1 0 0 0 
0 0 0 1 1 1 1 1 1 1 1 0 0 1 1 1 2 2 2 2 2 2 2 2 2 2 2 2 3 3 3 3 3 3 3 2 3 1 2 1 1 0 0 0 0 0 0 0 1 0 1 0 1 0 0 
0 0 0 1 1 0 0 1 1 1 0 1 1 1 1 1 1 2 1 1 1 1 1 1 1 2 3 3 3 3 3 3 2 2 3 3 3 3 2 2 1 1 2 2 2 2 2 2 2 1 0 0 0 0 1 
0 0 1 1 1 1 1 1 1 1 2 1 2 1 1 1 1 2 1 2 1 1 1 1 1 1 2 2 2 1 1 0 0 0 1 1 0 0 0 0 0 0 1 1 1 1 0 0 0 0 -1 1 0 0 0 
1 1 1 0 0 0 0 1 1 1 1 2 2 2 1 1 1 1 1 1 1 1 1 1 1 1 1 1 2 2 2 2 2 2 2 2 2 2 1 1 2 2 2 2 2 2 2 2 2 2 2 2 2 1 0 
0 0 1 1 0 0 -1 0 0 0 0 0 0 0 0 1 1 1 1 1 1 1 1 1 1 1 1 1 1 1 0 0 0 0 -1 -1 -1 -1 -1 -1 -1 0 -1 -1 -1 -1 -1 -1 -1 -1 -1 0 0 0 -1 
-1 -1 0 0 0 0 0 0 0 0 0 0 0 1 1 1 1 0 0 1 1 2 2 1 1 1 0 0 -1 -1 -1 -1 -1 -1 -1 0 0 0 0 0 0 -1 -1 -1 0 0 -1 -1 -1 0 0 0 -1 -1 -1 
-1 0 -1 -1 -1 0 0 0 0 0 0 0 0 0 0 0 0 1 1 1 1 1 1 1 1 1 1 1 1 1 1 1 0 0 0 0 0 0 0 0 0 0 -1 -1 -1 -1 -1 -1 0 0 0 -1 -1 -1 -1 
-1 0 0 -1 -1 -1 -1 -1 0 0 0 0 0 0 -1 -1 0 0 1 1 1 1 1 1 1 1 1 2 2 2 2 2 2 1 1 1 1 1 0 0 0 0 0 0 0 1 1 0 -1 -1 -1 -1 0 -1 -1 
0 0 -1 -1 -1 -1 -1 -1 -1 0 0 0 0 0 0 0 0 0 0 1 1 1 1 1 1 1 0 0 0 0 0 -1 -1 -1 0 0 0 -1 0 0 0 0 -1 -1 -1 -1 -1 -1 -1 -1 0 0 -1 -1 -1 
-1 -1 0 0 -1 -1 -1 0 0 0 0 0 0 0 0 0 0 0 1 1 1 1 1 1 1 1 1 2 2 1 1 1 1 1 1 1 0 0 0 0 0 0 0 0 0 0 -1 -1 -1 -1 -1 0 0 0 0 
0 0 0 0 0 0 0 0 0 0 -1 0 0 0 0 0 0 0 0 1 1 1 1 1 1 1 1 2 2 2 2 2 2 2 1 1 1 1 1 1 1 1 1 1 1 1 0 0 0 0 -1 -1 -1 -1 0 
-1 -1 -1 0 0 0 0 0 0 0 0 0 1 1 1 1 1 1 1 2 1 1 1 1 1 0 0 0 0 0 0 0 -1 -1 -1 0 -1 -1 -1 -1 -1 -1 -1 -1 -1 -1 0 0 0 -1 -1 -1 0 0 0 
0 0 0 -1 -1 -1 -1 0 0 0 0 0 0 0 0 0 0 0 0 0 0 0 0 0 0 0 0 1 1 1 1 1 1 1 1 1 0 0 0 1 1 1 1 1 1 0 0 0 0 0 -1 -1 0 0 -1 
0 0 -1 -1 -1 0 0 0 -1 -1 -1 0 0 0 0 0 1 1 1 1 1 1 1 1 1 1 1 1 1 1 1 1 1 1 1 1 0 0 0 0 0 0 0 0 0 0 -1 -1 0 0 0 -1 -1 -1 -1 
0 -1 -1 -1 -1 0 -1 0 -1 0 0 0 0 1 1 1 1 1 2 2 2 2 2 2 1 1 1 0 0 0 0 0 0 0 -1 -1 -1 -1 -1 -1 0 0 0 0 0 0 -1 -1 -1 -1 -1 -1 -1 -1 -1 
-1 0 0 0 0 0 -1 0 0 0 0 -1 0 0 0 1 1 1 0 0 0 0 0 0 0 0 0 1 1 1 1 1 1 1 1 1 1 1 0 0 0 0 0 0 -1 -1 -1 -1 -1 -1 -1 0 0 0 0 
0 -1 -1 -1 -1 0 0 0 0 0 0 0 0 0 0 0 1 0 1 2 2 2 2 2 2 2 2 1 1 1 1 1 0 0 0 0 0 0 0 -1 -1 -1 0 -1 0 -1 -1 -1 -1 -1 -1 -1 -1 0 0 
-1 -1 -1 -1 0 0 0 0 0 0 0 0 0 0 1 1 1 2 2 2 2 2 2 2 2 2 1 1 0 0 0 0 0 0 0 0 0 0 0 0 0 0 0 -1 0 -1 -1 -1 -1 -1 -1 -1 -1 -1 -1 
-1 -1 -1 -1 0 0 0 0 0 0 0 0 0 0 1 1 1 0 0 0 0 0 0 0 0 1 1 1 1 0 0 0 0 0 0 0 0 0 0 -1 -1 -1 -1 0 0 -1 -1 -1 -1 -1 -1 -1 -1 -1 -1 
0 0 0 0 0 1 1 1 1 0 1 1 1 1 1 1 1 2 2 2 2 2 2 2 2 2 2 2 2 2 2 2 2 2 2 2 2 2 1 1 1 1 1 1 1 1 1 1 1 1 1 1 1 1 1 
0 0 0 1 0 1 0 1 0 1 1 1 1 1 1 1 2 2 2 2 2 2 2 2 2 2 2 2 2 2 1 1 1 1 1 1 1 1 1 1 0 0 0 0 1 1 0 0 0 0 1 1 0 0 0 
0 0 0 0 0 0 0 0 0 0 1 1 1 1 1 1 2 2 2 3 3 3 3 3 3 3 3 3 3 3 3 3 3 3 2 2 2 2 2 2 2 2 2 2 2 1 1 1 1 0 0 0 0 0 0 
0 0 0 0 0 1 1 1 1 1 1 1 1 1 1 1 1 1 1 1 1 1 1 1 2 2 2 2 2 2 2 2 2 2 2 2 1 1 1 1 1 1 1 1 1 0 0 0 1 1 1 1 1 1 1 
1 1 1 1 1 1 1 0 0 0 1 1 1 1 1 1 1 1 1 1 1 2 2 2 1 1 1 1 1 1 1 1 0 0 0 1 1 1 0 0 0 0 0 0 0 0 0 0 0 0 0 0 0 0 0 
0 0 0 0 0 0 0 0 0 1 1 2 2 1 1 1 1 1 1 1 2 2 2 2 2 2 2 2 2 2 2 2 2 2 2 3 3 2 2 1 1 0 0 0 0 0 0 0 0 0 1 1 1 1 1 
1 1 0 0 0 0 0 0 0 1 1 1 1 0 0 1 2 1 1 1 2 2 1 1 2 2 2 2 2 2 1 1 1 0 0 0 0 0 0 0 1 1 0 0 0 0 0 0 -1 -1 0 0 -1 -1 0 
0 1 1 1 0 0 0 1 1 1 0 0 0 1 1 1 0 0 0 1 1 1 1 1 2 2 1 1 1 1 1 1 1 1 1 0 0 0 1 1 0 0 0 0 0 0 0 0 0 1 0 0 0 0 0 
-1 -1 -1 -1 0 0 0 -1 0 0 0 0 0 0 0 0 0 0 1 1 1 1 0 0 0 0 0 0 0 0 1 2 3 35 35 19 9 9 9 3 1 1 0 0 0 0 0 0 0 0 0 0 0 0 0 
0 0 0 0 -1 -1 0 0 0 0 0 0 0 0 0 0 0 1 0 0 0 1 1 1 1 1 1 1 1 1 1 1 1 0 0 0 0 0 0 0 0 0 -1 -1 -1 -1 -1 0 0 0 -1 0 0 0 0 
-1 -1 -1 0 0 0 0 -1 -1 0 0 0 0 0 0 0 1 1 1 0 0 0 0 0 0 0 1 1 0 0 0 0 0 0 0 0 0 0 0 0 -1 -1 -2 -2 -1 -1 -1 -1 -1 -1 0 0 0 -1 0 
0 0 0 0 -1 -1 -1 0 0 0 0 0 0 0 0 0 0 0 1 2 2 2 2 2 2 2 2 2 1 1 0 0 0 0 1 1 1 1 1 1 0 0 0 -1 -1 -1 0 -1 0 -1 -1 -1 -1 -1 0 
0 0 0 0 0 0 0 0 0 0 0 0 1 1 1 0 0 0 0 1 1 1 1 1 1 1 1 1 1 1 1 1 1 1 1 1 -1 -1 -1 -1 1 1 0 -1 -1 -1 -1 -1 -1 0 0 0 -1 -1 -1 
0 -1 -1 -1 -1 0 0 0 0 0 0 0 0 0 1 1 1 1 0 0 1 1 0 0 0 1 1 0 0 0 0 0 0 1 1 1 0 -1 0 -1 -1 -1 0 0 0 0 0 -1 -1 -1 -1 -1 0 0 0 
-1 -1 0 0 0 0 0 0 0 -1 -1 -1 0 0 0 0 0 0 2 2 2 2 2 2 2 2 2 2 2 2 2 2 2 2 1 1 1 0 0 0 0 0 0 0 0 0 0 -1 -1 -1 0 0 0 0 0 
0 -1 -1 -1 -1 -1 -1 0 0 0 -1 0 0 0 0 0 0 1 1 1 1 1 1 1 1 1 1 1 1 3 3 2 2 1 0 0 0 0 0 0 0 0 -1 -1 -1 0 0 0 0 -1 -1 -1 -1 -1 -1 
-1 -1 -1 -1 -1 -1 0 0 0 0 0 0 0 0 0 0 0 0 1 1 1 1 0 0 1 1 1 1 1 1 1 1 1 1 1 1 1 1 1 1 0 0 -1 -1 0 0 0 0 0 0 0 0 0 0 0 
0 -1 0 0 0 0 0 0 0 0 0 0 0 0 0 0 0 0 1 1 1 1 1 1 1 1 1 1 1 1 1 1 1 1 1 1 1 1 1 -1 -1 -1 -1 -1 -1 -1 -1 -1 -1 -1 -1 0 0 0 -1 
-1 0 0 0 -1 -1 -1 -1 -1 0 0 0 0 0 0 0 0 0 0 0 1 1 1 1 1 1 1 1 1 1 0 1 0 1 0 0 0 0 0 0 0 -1 -1 -1 -1 0 0 0 -1 -1 0 0 0 -1 0 
0 0 0 0 0 0 0 -1 -1 -1 1 1 0 0 0 0 0 0 0 0 2 1 1 1 1 1 1 0 0 0 0 0 0 0 0 0 0 -1 -1 -1 0 0 0 0 -1 0 0 0 -1 -1 0 0 -1 -1 -1 
0 0 0 0 -1 0 0 0 0 0 -1 0 0 0 0 0 0 0 1 1 1 0 0 0 0 0 0 1 2 2 2 2 2 2 1 1 1 1 1 1 1 1 1 1 1 1 1 1 0 0 0 0 0 -1 -1 
0 0 0 -1 -1 -1 -1 -1 -1 -1 0 0 1 -1 0 0 0 1 1 1 0 0 0 0 0 0 1 1 1 1 1 1 1 1 1 1 1 0 0 0 0 0 0 0 0 0 0 0 0 -1 -1 0 0 0 0 
-1 0 0 0 0 -1 -1 -1 -1 -1 -1 0 0 0 0 0 0 0 0 0 1 1 1 3 3 3 3 3 3 32 37 37 24 10 10 10 2 0 0 0 0 0 0 0 0 -1 -1 -1 -1 -1 -1 -1 -1 0 0 
0 0 0 0 0 0 0 0 0 1 1 0 -1 -1 0 0 0 0 0 0 1 1 1 1 1 1 1 1 1 1 1 1 1 1 0 0 0 0 0 0 0 0 0 -1 0 -1 -1 -1 -1 -1 0 0 0 0 0 
1 1 1 1 1 1 1 1 1 1 1 1 1 1 1 1 1 1 1 1 1 2 2 2 2 2 2 2 3 1 1 1 2 2 2 1 1 1 1 1 1 1 0 1 0 1 1 1 0 0 0 0 0 0 0 
0 0 1 1 1 1 1 1 1 1 1 1 1 1 1 1 2 2 2 1 1 1 2 2 2 2 2 2 2 2 2 1 1 1 1 0 0 0 0 0 0 1 1 0 0 1 1 1 2 0 1 1 1 1 0 
0 1 1 1 1 1 1 2 1 1 1 1 1 1 1 1 1 1 2 2 2 2 2 2 2 2 2 2 2 2 2 2 4 4 5 5 5 5 5 5 2 2 1 1 1 1 1 1 1 1 0 0 0 0 0 
0 0 1 1 1 0 0 1 1 0 0 1 1 2 2 2 2 2 2 2 2 2 1 1 1 1 1 1 1 0 1 0 0 0 0 1 0 0 0 0 0 0 0 0 1 0 1 0 0 0 0 0 0 0 0 
0 0 0 0 0 0 0 0 0 0 1 1 1 1 1 1 1 1 2 2 2 2 2 2 2 2 2 2 1 0 0 0 0 0 0 0 0 0 0 0 0 0 0 0 1 0 1 0 0 0 1 1 0 0 0 
0 0 0 0 0 0 0 0 0 0 0 0 1 1 1 1 0 1 1 1 2 2 2 2 2 2 3 3 1 1 1 1 1 1 1 1 0 0 0 0 0 0 0 0 0 1 1 1 0 0 0 0 0 0 0 
-1 -1 -1 -1 -1 -1 0 -1 -1 -1 -1 -1 0 1 1 1 0 0 0 0 0 0 1 1 1 1 1 1 1 1 1 9 9 9 9 9 0 0 0 -1 -1 -1 -1 -1 -1 -1 0 0 0 -1 -1 -1 -1 -1 -1 
-1 -1 0 0 0 0 0 0 -1 -1 -1 0 0 0 0 0 0 0 0 0 0 0 -1 -1 0 0 -1 -1 -1 -1 -1 -1 -1 0 0 -1 -1 -1 0 -1 -1 -1 -1 -1 -1 -1 -1 -1 -1 -1 0 0 0 -1 -1 
-1 -1 -1 -1 0 0 0 0 0 0 -1 -1 -1 0 0 1 0 1 1 1 1 1 1 1 1 1 1 1 1 1 1 0 0 0 0 0 0 0 0 0 -1 -1 -1 -1 -1 -1 -1 0 0 -1 -1 -1 -1 -1 -1 
-1 -1 0 0 0 -1 -1 -1 -1 -1 -1 0 0 0 0 0 0 1 1 1 1 2 2 2 2 2 2 1 1 1 1 1 1 1 1 0 -1 -1 -1 -1 -1 -1 -1 -1 -1 -1 -1 -2 -1 -1 0 0 0 -1 -1 
-1 0 0 0 -1 0 0 0 0 0 0 0 0 0 0 0 0 0 0 0 1 1 1 1 1 1 1 2 2 2 2 2 2 2 3 3 3 1 1 0 0 0 0 0 0 0 0 0 -1 0 -1 -1 -1 -1 -1 
-1 0 0 -1 -1 0 0 0 -1 0 0 1 1 1 0 0 1 1 1 1 2 2 0 0 0 0 0 0 0 0 0 0 0 -1 -1 -1 0 0 -1 -1 -1 -1 -1 -1 0 -1 -1 -1 -1 -1 -1 -1 0 0 0 
-1 -1 -1 0 0 0 0 0 -1 -1 0 0 0 0 0 0 0 0 1 1 1 1 1 1 1 1 1 0 0 0 0 -1 0 -1 0 0 0 -1 -1 -1 -1 -1 -1 -1 -1 -1 0 0 0 -1 -1 -1 -1 -1 -1 
-1 -1 -1 -1 0 -1 0 -1 0 0 1 1 0 0 0 0 0 1 1 1 1 1 1 1 1 1 1 1 0 0 0 -1 -1 -1 0 0 0 -1 0 -1 -1 -1 -1 -1 -1 0 0 0 0 0 -1 -1 -1 -2 -2 
0 0 0 0 0 0 0 1 1 1 0 0 1 1 1 1 0 1 0 1 1 1 1 2 2 2 2 2 2 1 1 0 0 0 0 0 0 0 0 -1 -1 -1 -1 -1 -1 -1 -1 -1 0 -1 -1 -1 0 0 -1 
0 0 0 0 -1 -1 -1 0 0 0 0 0 0 0 1 0 0 0 0 0 0 0 0 0 1 1 1 1 1 1 1 0 -1 -1 -1 -1 -1 -1 -1 -1 -1 -1 -1 -1 -1 0 0 -1 -1 -1 0 -1 -1 -1 -1 
0 -1 -1 -1 -1 -1 -1 -1 0 0 0 0 0 0 0 0 0 0 1 1 1 1 1 1 1 1 1 1 0 0 0 0 0 0 1 1 1 0 -1 -1 -1 -1 -1 -1 0 0 0 -1 0 0 0 -1 -1 -1 -1 
-1 -1 -1 0 1 0 1 1 1 1 1 1 1 1 1 1 1 1 1 1 1 1 2 1 2 2 2 2 1 2 1 2 1 1 1 1 1 1 1 0 0 0 1 1 0 0 0 0 0 0 0 -1 0 0 0 
0 0 0 0 0 1 1 1 1 0 0 0 1 1 1 1 1 1 1 1 2 2 2 2 1 1 1 1 1 1 1 2 2 2 2 2 1 1 2 2 2 2 2 2 1 1 0 0 0 1 1 0 0 0 0 
0 0 0 0 0 0 0 0 0 0 1 1 1 1 1 1 1 1 1 1 1 1 2 2 2 2 2 2 2 2 2 1 1 1 1 1 1 1 1 0 0 0 0 0 1 1 1 0 0 0 0 0 0 0 0 
0 0 0 0 1 1 1 1 1 1 1 1 0 1 1 1 1 1 2 2 2 2 1 2 1 2 2 2 1 1 0 0 0 0 0 0 0 -1 -1 -1 0 0 0 0 0 -1 -1 -1 -1 -1 -1 -1 -1 0 -1 
1 1 1 1 1 1 0 0 0 0 0 0 1 1 1 2 2 1 1 1 1 1 1 1 2 2 2 2 2 2 3 3 2 2 2 1 1 1 1 1 1 1 1 0 0 0 0 1 1 0 0 0 0 0 0 
0 0 1 1 1 1 0 0 0 1 2 2 1 1 1 2 2 2 1 1 1 0 0 0 1 1 1 1 0 0 1 1 0 0 0 0 1 1 0 0 0 0 0 0 0 0 0 0 0 0 0 0 0 0 0 
1 1 1 0 0 0 0 0 0 0 1 1 1 1 1 1 1 1 2 2 2 2 1 1 1 1 1 1 2 2 1 1 2 2 0 0 0 0 0 0 0 1 1 1 1 1 0 0 0 0 0 1 0 0 0 
0 0 0 1 1 1 1 1 1 1 1 1 2 2 2 1 1 1 2 2 2 2 2 2 2 2 2 2 3 3 3 3 3 3 2 2 3 3 2 1 0 0 0 0 0 0 0 0 0 0 0 0 0 0 0 
0 0 0 0 1 1 1 1 1 1 1 1 1 1 1 1 2 2 2 2 2 2 2 2 2 2 2 2 1 0 0 0 0 0 1 1 1 1 1 0 0 0 0 0 0 0 0 0 1 0 0 0 0 0 0 
0 0 0 0 0 0 0 0 1 1 1 1 1 1 1 1 1 1 1 1 1 1 2 2 2 2 2 2 2 2 2 2 1 1 1 1 1 1 1 1 1 1 1 1 1 1 1 1 1 1 0 1 1 1 0 
0 1 1 1 1 1 0 1 0 1 0 0 0 1 1 1 1 1 1 2 2 2 2 2 2 2 2 2 2 2 2 2 2 2 2 2 2 2 1 1 2 2 2 2 2 2 2 2 1 1 1 1 1 1 0 
1 1 1 0 1 1 1 1 1 1 1 1 1 1 1 1 1 2 2 2 2 1 1 1 1 1 1 0 1 1 1 1 0 0 0 1 0 0 0 0 0 1 1 0 0 0 0 0 0 0 0 0 1 0 0 
0 0 0 0 1 1 1 1 1 1 1 1 1 1 1 2 2 1 1 2 2 2 2 2 2 2 2 1 1 1 1 1 1 2 2 1 1 2 2 2 2 2 2 2 1 1 1 2 2 0 0 0 0 0 0 
0 1 1 1 1 1 1 1 1 1 1 1 2 2 2 2 2 1 1 3 3 3 3 3 3 3 2 2 2 2 2 2 2 3 3 2 2 1 1 1 1 1 1 1 1 1 0 0 0 0 1 0 1 1 1 
0 1 1 1 1 1 1 1 1 1 1 2 2 2 2 2 2 2 2 2 2 2 2 2 1 2 1 1 1 1 0 0 0 0 0 0 0 0 0 0 0 0 0 0 0 0 0 1 0 1 0 1 0 0 0 
0 0 0 1 1 1 1 1 1 1 1 0 0 1 1 1 2 2 2 2 2 2 2 2 2 2 2 2 3 3 3 3 3 3 3 2 3 1 2 1 1 0 0 0 0 0 0 0 1 0 1 0 1 0 0 
0 0 0 1 1 0 0 1 1 1 0 1 1 1 1 1 1 2 1 1 1 1 1 1 1 2 3 3 3 3 3 3 2 2 3 3 3 3 2 2 1 1 2 2 2 2 2 2 2 1 0 0 0 0 1 
0 0 1 1 1 1 1 1 1 1 2 1 2 1 1 1 1 2 1 2 1 1 1 1 1 1 2 2 2 1 1 0 0 0 1 1 0 0 0 0 0 0 1 1 1 1 0 0 0 0 -1 1 0 0 0 
1 1 1 0 0 0 0 1 1 1 1 2 2 2 1 1 1 1 1 1 1 1 1 1 1 1 1 1 2 2 2 2 2 2 2 2 2 2 1 1 2 2 2 2 2 2 2 2 2 2 2 2 2 1 0 
0 0 1 1 0 0 -1 0 0 0 0 0 0 0 0 1 1 1 1 1 1 1 1 1 1 1 1 1 1 1 0 0 0 0 -1 -1 -1 -1 -1 -1 -1 0 -1 -1 -1 -1 -1 -1 -1 -1 -1 0 0 0 -1 
-1 -1 0 0 0 0 0 0 0 0 0 0 0 1 1 1 1 0 0 1 1 2 2 1 1 1 0 0 -1 -1 -1 -1 -1 -1 -1 0 0 0 0 0 0 -1 -1 -1 0 0 -1 -1 -1 0 0 0 -1 -1 -1 
-1 0 -1 -1 -1 0 0 0 0 0 0 0 0 0 0 0 0 1 1 1 1 1 1 1 1 1 1 1 1 1 1 1 0 0 0 0 0 0 0 0 0 0 -1 -1 -1 -1 -1 -1 0 0 0 -1 -1 -1 -1 
-1 0 0 -1 -1 -1 -1 -1 0 0 0 0 0 0 -1 -1 0 0 1 1 1 1 1 1 1 1 1 2 2 2 2 2 2 1 1 1 1 1 0 0 0 0 0 0 0 1 1 0 -1 -1 -1 -1 0 -1 -1 
0 0 -1 -1 -1 -1 -1 -1 -1 0 0 0 0 0 0 0 0 0 0 1 1 1 1 1 1 1 0 0 0 0 0 -1 -1 -1 0 0 0 -1 0 0 0 0 -1 -1 -1 -1 -1 -1 -1 -1 0 0 -1 -1 -1 
-1 -1 0 0 -1 -1 -1 0 0 0 0 0 0 0 0 0 0 0 1 1 1 1 1 1 1 1 1 2 2 1 1 1 1 1 1 1 0 0 0 0 0 0 0 0 0 0 -1 -1 -1 -1 -1 0 0 0 0 
0 0 0 0 0 0 0 0 0 0 -1 0 0 0 0 0 0 0 0 1 1 1 1 1 1 1 1 2 2 2 2 2 2 2 1 1 1 1 1 1 1 1 1 1 1 1 0 0 0 0 -1 -1 -1 -1 0 
-1 -1 -1 0 0 0 0 0 0 0 0 0 1 1 1 1 1 1 1 2 1 1 1 1 1 0 0 0 0 0 0 0 -1 -1 -1 0 -1 -1 -1 -1 -1 -1 -1 -1 -1 -1 0 0 0 -1 -1 -1 0 0 0 
0 0 0 -1 -1 -1 -1 0 0 0 0 0 0 0 0 0 0 0 0 0 0 0 0 0 0 0 0 1 1 1 1 1 1 1 1 1 0 0 0 1 1 1 1 1 1 0 0 0 0 0 -1 -1 0 0 -1 
0 0 -1 -1 -1 0 0 0 -1 -1 -1 0 0 0 0 0 1 1 1 1 1 1 1 1 1 1 1 1 1 1 1 1 1 1 1 1 0 0 0 0 0 0 0 0 0 0 -1 -1 0 0 0 -1 -1 -1 -1 
0 -1 -1 -1 -1 0 -1 0 -1 0 0 0 0 1 1 1 1 1 2 2 2 2 2 2 1 1 1 0 0 0 0 0 0 0 -1 -1 -1 -1 -1 -1 0 0 0 0 0 0 -1 -1 -1 -1 -1 -1 -1 -1 -1 
-1 0 0 0 0 0 -1 0 0 0 0 -1 0 0 0 1 1 1 0 0 0 0 0 0 0 0 0 1 1 1 1 1 1 1 1 1 1 1 0 0 0 0 0 0 -1 -1 -1 -1 -1 -1 -1 0 0 0 0 
0 -1 -1 -1 -1 0 0 0 0 0 0 0 0 0 0 0 1 0 1 2 2 2 2 2 2 2 2 1 1 1 1 1 0 0 0 0 0 0 0 -1 -1 -1 0 -1 0 -1 -1 -1 -1 -1 -1 -1 -1 0 0 
-1 -1 -1 -1 0 0 0 0 0 0 0 0 0 0 1 1 1 2 2 2 2 2 2 2 2 2 1 1 0 0 0 0 0 0 0 0 0 0 0 0 0 0 0 -1 0 -1 -1 -1 -1 -1 -1 -1 -1 -1 -1 
-1 -1 -1 -1 0 0 0 0 0 0 0 0 0 0 1 1 1 0 0 0 0 0 0 0 0 1 1 1 1 0 0 0 0 0 0 0 0 0 0 -1 -1 -1 -1 0 0 -1 -1 -1 -1 -1 -1 -1 -1 -1 -1 
0 0 0 0 0 1 1 1 1 0 1 1 1 1 1 1 1 2 2 2 2 2 2 2 2 2 2 2 2 2 2 2 2 2 2 2 2 2 1 1 1 1 1 1 1 1 1 1 1 1 1 1 1 1 1 
0 0 0 1 0 1 0 1 0 1 1 1 1 1 1 1 2 2 2 2 2 2 2 2 2 2 2 2 2 2 1 1 1 1 1 1 1 1 1 1 0 0 0 0 1 1 0 0 0 0 1 1 0 0 0 
0 0 0 0 0 0 0 0 0 0 1 1 1 1 1 1 2 2 2 3 3 3 3 3 3 3 3 3 3 3 3 3 3 3 2 2 2 2 2 2 2 2 2 2 2 1 1 1 1 0 0 0 0 0 0 
0 0 0 0 0 1 1 1 1 1 1 1 1 1 1 1 1 1 1 1 1 1 1 1 2 2 2 2 2 2 2 2 2 2 2 2 1 1 1 1 1 1 1 1 1 0 0 0 1 1 1 1 1 1 1 
1 1 1 1 1 1 1 0 0 0 1 1 1 1 1 1 1 1 1 1 1 2 2 2 1 1 1 1 1 1 1 1 0 0 0 1 1 1 0 0 0 0 0 0 0 0 0 0 0 0 0 0 0 0 0 
0 0 0 0 0 0 0 0 0 1 1 2 2 1 1 1 1 1 1 1 2 2 2 2 2 2 2 2 2 2 2 2 2 2 2 3 3 2 2 1 1 0 0 0 0 0 0 0 0 0 1 1 1 1 1 
1 1 0 0 0 0 0 0 0 1 1 1 1 0 0 1 2 1 1 1 2 2 1 1 2 2 2 2 2 2 1 1 1 0 0 0 0 0 0 0 1 1 0 0 0 0 0 0 -1 -1 0 0 -1 -1 0 
0 1 1 1 0 0 0 1 1 1 0 0 0 1 1 1 0 0 0 1 1 1 1 1 2 2 1 1 1 1 1 1 1 1 1 0 0 0 1 1 0 0 0 0 0 0 0 0 0 1 0 0 0 0 0 
-1 -1 -1 -1 0 0 0 -1 0 0 0 0 0 0 0 0 0 0 1 1 1 1 0 0 0 0 0 0 0 0 1 2 3 35 35 19 9 9 9 3 1 1 0 0 0 0 0 0 0 0 0 0 0 0 0 
0 0 0 0 -1 -1 0 0 0 0 0 0 0 0 0 0 0 1 0 0 0 1 1 1 1 1 1 1 1 1 1 1 1 0 0 0 0 0 0 0 0 0 -1 -1 -1 -1 -1 0 0 0 -1 0 0 0 0 
-1 -1 -1 0 0 0 0 -1 -1 0 0 0 0 0 0 0 1 1 1 0 0 0 0 0 0 0 1 1 0 0 0 0 0 0 0 0 0 0 0 0 -1 -1 -2 -2 -1 -1 -1 -1 -1 -1 0 0 0 -1 0 
0 0 0 0 -1 -1 -1 0 0 0 0 0 0 0 0 0 0 0 1 2 2 2 2 2 2 2 2 2 1 1 0 0 0 0 1 1 1 1 1 1 0 0 0 -1 -1 -1 0 -1 0 -1 -1 -1 -1 -1 0 
0 0 0 0 0 0 0 0 0 0 0 0 1 1 1 0 0 0 0 1 1 1 1 1 1 1 1 1 1 1 1 1 1 1 1 1 -1 -1 -1 -1 1 1 0 -1 -1 -1 -1 -1 -1 0 0 0 -1 -1 -1 
0 -1 -1 -1 -1 0 0 0 0 0 0 0 0 0 1 1 1 1 0 0 1 1 0 0 0 1 1 0 0 0 0 0 0 1 1 1 0 -1 0 -1 -1 -1 0 0 0 0 0 -1 -1 -1 -1 -1 0 0 0 
-1 -1 0 0 0 0 0 0 0 -1 -1 -1 0 0 0 0 0 0 2 2 2 2 2 2 2 2 2 2 2 2 2 2 2 2 1 1 1 0 0 0 0 0 0 0 0 0 0 -1 -1 -1 0 0 0 0 0 
0 -1 -1 -1 -1 -1 -1 0 0 0 -1 0 0 0 0 0 0 1 1 1 1 1 1 1 1 1 1 1 1 3 3 2 2 1 0 0 0 0 0 0 0 0 -1 -1 -1 0 0 0 0 -1 -1 -1 -1 -1 -1 
-1 -1 -1 -1 -1 -1 0 0 0 0 0 0 0 0 0 0 0 0 1 1 1 1 0 0 1 1 1 1 1 1 1 1 1 1 1 1 1 1 1 1 0 0 -1 -1 0 0 0 0 0 0 0 0 0 0 0 
0 -1 0 0 0 0 0 0 0 0 0 0 0 0 0 0 0 0 1 1 1 1 1 1 1 1 1 1 1 1 1 1 1 1 1 1 1 1 1 -1 -1 -1 -1 -1 -1 -1 -1 -1 -1 -1 -1 0 0 0 -1 
-1 0 0 0 -1 -1 -1 -1 -1 0 0 0 0 0 0 0 0 0 0 0 1 1 1 1 1 1 1 1 1 1 0 1 0 1 0 0 0 0 0 0 0 -1 -1 -1 -1 0 0 0 -1 -1 0 0 0 -1 0 
0 0 0 0 0 0 0 -1 -1 -1 1 1 0 0 0 0 0 0 0 0 2 1 1 1 1 1 1 0 0 0 0 0 0 0 0 0 0 -1 -1 -1 0 0 0 0 -1 0 0 0 -1 -1 0 0 -1 -1 -1 
0 0 0 0 -1 0 0 0 0 0 -1 0 0 0 0 0 0 0 1 1 1 0 0 0 0 0 0 1 2 2 2 2 2 2 1 1 1 1 1 1 1 1 1 1 1 1 1 1 0 0 0 0 0 -1 -1 
0 0 0 -1 -1 -1 -1 -1 -1 -1 0 0 1 -1 0 0 0 1 1 1 0 0 0 0 0 0 1 1 1 1 1 1 1 1 1 1 1 0 0 0 0 0 0 0 0 0 0 0 0 -1 -1 0 0 0 0 
-1 0 0 0 0 -1 -1 -1 -1 -1 -1 0 0 0 0 0 0 0 0 0 1 1 1 3 3 3 3 3 3 32 37 37 24 10 10 10 2 0 0 0 0 0 0 0 0 -1 -1 -1 -1 -1 -1 -1 -1 0 0 
0 0 0 0 0 0 0 0 0 1 1 0 -1 -1 0 0 0 0 0 0 1 1 1 1 1 1 1 1 1 1 1 1 1 1 0 0 0 0 0 0 0 0 0 -1 0 -1 -1 -1 -1 -1 0 0 0 0 0 
1 1 1 1 1 1 1 1 1 1 1 1 1 1 1 1 1 1 1 1 1 2 2 2 2 2 2 2 3 1 1 1 2 2 2 1 1 1 1 1 1 1 0 1 0 1 1 1 0 0 0 0 0 0 0 
0 0 1 1 1 1 1 1 1 1 1 1 1 1 1 1 2 2 2 1 1 1 2 2 2 2 2 2 2 2 2 1 1 1 1 0 0 0 0 0 0 1 1 0 0 1 1 1 2 0 1 1 1 1 0 
0 1 1 1 1 1 1 2 1 1 1 1 1 1 1 1 1 1 2 2 2 2 2 2 2 2 2 2 2 2 2 2 4 4 5 5 5 5 5 5 2 2 1 1 1 1 1 1 1 1 0 0 0 0 0 
