0 -1 -1 -1 1 1 1 0 0 0 1 1 1 1 1 1 4 4 4 7 7 7 9 9 10 14 14 14 14 14 14 13 13 13 13 13 13 11 11 11 13 13 13 12 12 12 12 12 12 12 
1 1 1 1 0 0 0 1 1 1 1 1 1 4 4 4 5 5 5 7 7 7 6 6 6 10 10 10 10 10 10 13 13 13 13 13 13 13 13 13 13 13 13 13 13 13 14 14 14 11 
1 0 0 0 1 1 1 2 2 2 2 2 2 4 4 4 7 7 7 10 10 10 10 10 10 13 13 13 15 15 15 14 14 14 15 15 15 15 15 20 20 20 20 20 20 16 17 17 17 17 
0 0 1 1 1 1 1 1 1 1 1 0 0 0 3 3 3 7 7 11 14 16 19 23 29 41 41 41 41 45 47 47 37 37 37 37 37 37 32 31 31 19 17 16 6 6 6 3 3 3 
0 1 1 1 0 0 0 0 0 0 1 1 1 2 2 2 5 5 5 10 10 10 12 12 13 18 18 18 18 18 18 18 23 24 25 25 25 26 26 26 26 26 26 26 26 26 26 26 26 26 
0 1 1 1 0 0 0 1 1 1 1 1 1 2 2 2 3 3 3 6 6 6 6 6 6 9 9 9 13 13 13 15 15 15 15 15 15 17 17 17 18 18 18 18 18 18 18 18 23 23 
0 0 0 0 1 1 1 0 0 0 1 1 1 1 1 1 4 4 4 7 7 7 9 9 12 17 20 21 21 21 21 21 30 31 37 38 38 36 36 36 43 43 50 52 61 72 72 76 76 64 
1 1 1 1 1 1 1 1 1 1 1 1 1 3 3 3 4 4 5 10 11 11 14 14 16 18 18 18 17 17 17 17 19 24 24 24 23 23 18 18 18 18 18 19 19 19 21 21 21 24 
0 0 0 0 0 0 0 0 0 0 0 0 0 2 2 2 6 6 7 10 12 12 15 15 18 23 24 24 24 24 27 31 31 34 37 37 37 42 43 43 47 47 47 47 47 47 41 41 41 36 
-1 -1 -1 -1 -1 -1 -1 -1 -1 -1 0 0 0 1 1 1 3 3 5 9 9 11 14 14 23 23 23 23 23 37 47 48 56 57 57 57 55 55 55 55 52 52 54 57 57 58 62 62 62 62 
-1 -1 -1 -1 -1 -1 -1 -1 -2 -2 -2 0 0 0 0 0 2 4 4 7 10 10 10 14 14 22 22 22 22 22 31 31 28 28 28 25 25 25 24 24 24 26 26 28 32 32 32 31 29 29 
-1 -1 -1 -1 -1 0 0 0 -1 -1 -1 0 0 0 1 1 3 5 5 9 11 11 13 17 17 21 21 21 21 21 26 26 27 27 27 24 24 24 23 23 23 23 23 23 25 25 25 21 21 20 
-1 -1 0 0 0 0 0 0 0 0 0 0 0 0 2 2 2 5 5 8 9 9 9 13 13 16 16 16 16 16 24 26 29 29 29 26 26 26 25 25 25 25 25 25 25 25 25 28 28 28 
-1 -1 0 0 0 0 0 0 0 0 0 0 0 0 1 1 1 4 4 6 10 10 13 16 18 29 29 29 29 29 39 42 42 42 42 34 34 33 32 32 32 33 33 33 36 36 36 34 34 34 
-1 -1 -2 -2 -2 -1 -1 -1 -1 -1 -1 0 0 0 1 1 1 5 5 5 9 9 9 12 12 12 15 15 17 18 18 18 18 18 19 22 22 22 26 26 26 26 26 26 24 24 24 27 27 27 
0 -1 -1 -1 -1 -1 -1 -1 -1 -1 0 0 0 1 1 2 4 4 7 9 9 9 11 11 14 19 22 22 22 22 33 33 33 33 33 33 33 34 34 34 33 33 34 39 39 41 43 43 43 43 
-1 -2 -2 -2 -1 -1 -1 0 0 0 -1 -1 -1 2 2 2 3 3 6 9 9 10 13 13 18 20 22 22 22 22 23 23 23 23 24 24 24 26 26 26 27 27 27 26 26 26 27 27 27 27 
-1 -2 -2 -2 0 0 0 -1 -1 -1 -1 -1 -1 0 0 1 3 3 5 7 7 8 9 9 11 14 14 16 20 20 20 20 20 20 20 20 19 20 20 20 23 23 23 23 23 23 23 23 23 22 
-1 -1 -2 -2 -2 -1 -1 -1 0 0 0 0 0 0 2 2 3 6 6 8 10 10 10 13 13 15 18 20 20 20 20 20 20 36 39 39 38 37 28 28 26 29 29 29 31 31 31 30 30 30 
-1 -1 -1 -1 -1 -1 -1 0 0 0 1 1 1 2 2 2 5 5 7 10 10 11 13 13 16 16 16 16 16 25 32 32 32 32 27 27 27 25 25 25 27 27 27 30 30 30 27 27 27 28 
-2 0 0 0 0 0 0 0 0 0 -1 -1 0 0 0 0 3 3 6 9 9 9 9 9 9 14 14 18 18 18 18 18 28 37 37 37 37 35 35 35 32 32 32 34 34 34 35 35 35 31 
-1 -1 -1 -1 0 0 0 0 0 0 1 1 1 1 1 1 5 5 7 10 10 10 13 13 16 16 16 16 16 25 34 34 34 34 34 38 38 36 36 36 35 35 35 33 33 33 33 33 33 32 
0 0 0 0 -1 -1 -1 -1 -1 -1 -1 -1 -1 0 0 0 2 2 3 6 6 7 9 9 10 14 14 18 18 18 18 18 30 41 43 53 53 51 48 48 37 37 36 33 33 34 35 35 35 31 
-1 -1 0 0 0 -1 -1 -1 -1 -1 -1 0 0 0 0 0 0 4 4 8 10 11 13 17 18 28 28 28 28 28 31 36 40 41 41 40 40 40 35 35 36 37 37 37 35 35 35 36 36 36 
-2 -1 -1 -1 -1 -1 -1 -1 -1 -1 -1 -1 -1 2 2 2 3 3 4 6 6 7 9 9 11 15 15 16 18 18 18 18 18 18 18 20 20 20 20 20 19 19 20 21 21 21 23 23 23 22 
0 0 0 0 0 0 0 0 0 0 0 0 0 0 0 0 1 1 3 7 7 8 11 11 14 18 19 19 20 20 20 20 20 32 35 40 52 53 57 57 51 49 47 39 39 39 39 39 39 37 
-1 -1 0 0 0 -1 -1 -1 0 0 0 0 0 0 2 2 2 5 5 8 11 11 13 16 17 27 27 27 27 27 37 38 38 35 35 26 26 25 23 23 23 25 25 25 24 24 24 22 22 22 
-1 -1 -1 -1 -1 0 0 0 0 0 0 2 2 2 3 3 3 5 5 7 9 9 10 14 14 23 23 23 23 23 38 42 42 40 40 30 30 29 28 28 28 28 28 28 28 28 28 28 28 28 
0 -1 -1 -1 0 0 0 0 0 0 0 0 0 1 1 2 5 5 6 11 11 11 14 14 15 17 17 17 18 18 18 18 18 18 18 18 17 17 17 17 16 16 16 18 18 18 15 15 15 16 
0 0 0 0 -1 -1 -1 -1 -1 -1 1 1 1 2 2 3 5 5 5 7 7 9 9 9 12 17 17 19 19 19 19 19 27 27 26 26 25 25 25 25 26 26 26 24 24 24 23 23 23 24 
-1 0 0 0 0 0 0 0 0 0 0 0 0 1 1 1 2 2 3 7 7 7 9 9 9 13 13 13 17 17 17 17 17 22 22 22 22 22 30 32 32 32 32 28 28 28 27 27 27 27 
0 -2 -2 -2 1 1 1 -1 -1 -1 0 0 0 1 1 1 4 4 5 8 8 9 11 11 14 18 18 18 20 20 20 20 25 25 26 26 26 27 27 27 27 27 27 27 27 27 25 25 25 24 
0 0 0 0 -1 -1 -1 0 0 0 0 0 0 1 1 1 4 4 4 9 9 9 10 10 13 17 19 19 19 19 27 30 31 31 33 33 33 30 30 30 29 29 29 32 32 32 30 30 30 28 
-1 -1 -1 -1 0 0 0 -1 -1 -1 -1 -1 -1 0 0 0 2 2 6 9 11 13 17 17 19 19 19 19 19 21 21 25 25 31 35 36 36 34 34 34 26 26 26 27 27 27 30 30 30 28 
0 0 -1 -1 -1 0 0 0 -1 -1 -1 -1 -1 -1 1 1 1 4 4 6 9 9 9 11 11 15 19 19 19 19 19 21 24 24 24 24 24 24 24 24 24 24 24 24 25 25 25 26 26 26 
0 0 0 0 -1 -1 -1 0 0 0 0 0 0 1 1 1 3 3 4 6 6 7 10 10 13 17 22 22 22 22 40 41 43 43 38 38 38 38 38 39 39 39 39 36 36 36 35 35 35 34 
-1 -1 -1 -1 -1 -1 -1 0 0 0 0 0 0 0 0 1 3 3 3 7 7 7 10 10 16 19 24 24 24 24 43 46 57 61 61 61 60 52 52 51 45 45 52 52 50 50 50 47 47 47 
4 4 4 4 4 4 4 4 4 4 3 3 3 3 3 3 4 4 4 4 4 4 4 4 4 6 6 6 8 8 8 10 13 15 18 24 24 24 24 36 39 41 41 35 35 35 33 33 33 34 
1 1 1 1 1 1 1 1 2 2 2 2 2 2 0 0 0 1 1 1 0 0 0 1 1 1 -1 -1 -1 -1 2 2 2 2 2 2 2 2 2 2 2 1 1 1 1 1 1 1 1 1 
1 1 1 0 0 0 0 0 0 0 0 0 1 0 0 0 0 0 1 1 1 0 0 0 1 1 1 -2 -2 -2 -2 1 1 1 1 1 2 2 2 2 2 2 2 2 2 1 1 1 1 1 
0 0 0 0 0 0 0 0 0 0 0 1 1 1 0 0 0 1 1 1 0 0 0 1 1 1 -1 -1 -1 -1 2 2 1 1 1 1 1 1 2 2 2 1 1 1 1 1 1 2 2 2 
0 0 0 1 1 1 0 0 0 0 0 0 1 1 1 1 1 1 1 1 1 1 1 1 0 0 2 2 2 2 2 2 1 2 2 2 2 2 2 1 1 1 2 2 2 1 1 1 2 2 
1 1 1 2 2 2 0 0 0 0 0 1 1 1 0 1 1 1 1 1 1 1 2 2 2 2 2 2 2 2 2 2 2 1 1 1 2 2 2 2 2 2 1 1 1 0 0 1 1 1 
0 0 0 1 1 1 -1 -1 0 0 0 1 1 1 0 0 0 0 2 1 1 1 1 1 1 0 0 0 0 0 2 2 2 2 2 2 2 2 2 2 2 2 2 2 2 1 1 1 1 1 
0 0 0 0 0 0 0 0 0 0 0 1 1 1 0 0 0 1 1 1 1 1 1 1 1 1 0 0 0 0 1 1 2 2 2 2 2 2 1 1 1 1 1 1 1 1 1 1 1 1 
1 1 1 1 1 1 1 1 1 0 0 0 0 0 0 0 0 0 0 0 0 0 0 0 0 0 0 0 1 1 1 0 0 0 1 1 1 -1 -1 -1 0 1 1 0 0 0 1 1 1 2 
2 0 0 0 0 0 0 1 1 1 0 0 0 0 0 -1 0 0 0 0 0 0 1 1 1 0 0 0 0 2 4 4 4 4 1 1 1 1 1 1 2 2 2 2 2 2 1 1 1 2 
1 1 1 0 0 0 0 0 1 1 1 1 1 1 -1 -1 0 1 1 1 2 1 1 1 2 2 2 2 2 2 2 1 1 1 1 1 1 1 1 1 1 2 2 2 1 1 1 1 1 1 
0 0 0 0 2 2 2 1 1 1 2 2 2 1 1 1 0 0 0 1 1 1 0 0 -1 2 2 2 0 0 0 0 0 0 0 1 1 1 1 1 1 1 1 1 1 1 1 1 1 2 
-1 1 1 1 -1 -1 -1 0 0 0 1 1 1 2 2 2 1 1 1 1 1 1 0 0 0 -1 -1 -1 -1 1 1 2 2 2 2 2 2 2 2 2 2 2 2 0 0 0 1 1 1 2 
1 1 1 1 1 0 0 0 0 0 0 1 1 1 1 1 1 0 0 0 0 0 0 2 2 2 1 1 1 1 1 1 0 0 0 0 2 2 2 2 2 2 2 2 1 1 1 1 1 1 
0 0 0 0 0 0 0 2 2 2 0 0 0 1 1 1 1 1 1 1 1 1 1 1 1 1 1 4 4 4 4 3 3 3 3 3 3 2 2 2 2 2 2 1 1 1 2 2 2 0 
0 0 0 0 1 1 1 1 1 1 1 1 1 1 1 1 1 1 1 1 1 1 0 0 0 0 0 0 0 1 1 1 1 1 2 2 2 1 1 1 1 1 1 1 1 1 1 1 1 1 
0 0 1 1 1 2 2 2 0 0 0 1 1 1 0 0 0 0 0 0 1 1 1 2 2 5 5 5 5 5 4 0 2 2 2 1 1 1 2 2 2 1 1 1 2 2 2 1 1 1 
0 0 0 0 0 1 1 1 1 1 1 0 0 0 2 2 2 1 1 1 0 0 0 1 1 1 0 0 0 0 0 0 0 0 0 0 2 2 1 1 1 2 2 2 3 3 3 2 2 2 
1 0 0 0 0 0 0 1 1 1 1 1 1 0 0 0 1 1 1 1 1 1 0 0 0 1 1 1 1 1 1 2 2 2 2 2 2 0 0 0 2 2 2 1 1 1 1 1 1 1 
0 0 2 2 2 0 0 0 0 0 0 1 1 1 0 0 0 0 0 0 0 0 0 0 0 4 4 4 4 2 2 2 2 2 2 2 2 2 2 2 2 1 1 1 1 1 1 1 1 1 
0 1 1 1 1 1 1 -1 -1 0 2 2 2 1 1 1 1 1 1 2 2 2 1 1 1 2 2 2 2 2 2 3 3 3 1 1 1 1 1 1 1 1 1 2 2 2 1 1 1 2 
1 0 0 0 0 0 0 0 0 0 1 1 1 0 0 0 0 0 0 1 1 1 1 1 1 1 1 1 2 2 2 -1 -1 -1 -1 1 1 2 2 2 1 1 1 1 1 1 1 1 1 1 
1 1 0 0 0 0 0 0 1 1 1 0 0 0 0 0 0 -1 -1 -1 0 0 0 0 0 0 -1 -1 -1 -1 2 2 1 1 1 0 0 0 1 1 1 2 2 2 1 1 1 2 2 2 
2 0 0 1 3 3 3 0 0 0 3 3 3 2 2 2 2 2 2 2 2 2 2 2 2 0 0 0 0 1 1 2 2 2 3 3 3 2 2 2 2 2 2 3 3 3 2 2 2 4 
1 2 2 2 1 1 1 2 2 2 0 0 0 1 1 1 1 1 1 2 2 2 1 1 1 1 1 1 1 2 2 3 3 3 2 2 2 2 2 2 3 3 3 2 2 2 3 3 3 2 
1 1 1 1 1 1 1 1 0 0 0 0 0 0 -1 -1 0 0 0 0 0 0 0 0 0 0 2 2 2 2 2 2 1 1 1 1 1 1 2 2 2 2 2 2 1 1 1 1 1 1 
1 0 1 1 1 2 2 2 2 2 2 1 1 1 1 1 1 1 1 1 2 2 2 3 3 3 0 0 0 0 3 3 2 2 2 2 2 2 3 3 3 2 2 2 2 2 2 1 1 1 
3 1 1 1 1 1 1 2 2 2 1 1 1 1 1 1 2 2 2 2 2 2 1 1 1 2 2 2 2 2 2 2 2 2 3 3 3 3 3 3 3 3 3 3 3 3 3 3 3 2 
0 2 2 2 2 2 2 1 1 1 1 1 1 1 1 1 1 1 1 2 2 2 2 2 2 2 2 2 2 2 2 1 1 1 1 1 1 3 3 3 2 2 2 3 3 3 1 1 1 2 
1 1 1 1 2 2 2 3 3 3 1 1 1 2 2 2 2 2 2 2 2 2 2 2 1 3 3 3 0 0 5 5 5 5 5 5 2 4 4 4 3 3 3 2 2 2 2 2 2 2 
3 3 1 1 1 1 1 1 2 2 2 3 3 3 1 1 1 2 2 2 1 1 1 2 2 5 5 5 5 5 5 3 2 2 2 3 3 3 3 3 3 3 3 3 3 3 3 2 2 2 
1 1 1 1 2 2 2 1 1 1 1 1 1 1 1 1 2 2 2 3 3 3 0 0 0 1 1 1 1 1 2 2 2 2 3 3 3 3 3 3 2 2 2 1 1 1 3 3 3 3 
2 1 1 1 1 1 1 1 1 1 1 1 1 1 1 1 2 2 2 3 3 3 2 2 2 1 1 1 0 0 0 0 2 2 2 2 2 3 3 3 2 2 2 3 3 3 3 3 3 3 
1 1 1 1 1 -1 -1 -1 -1 -1 -1 1 1 1 0 0 0 0 0 -1 0 0 0 2 2 2 0 0 1 2 2 2 2 2 2 1 1 1 1 1 1 1 1 1 1 1 1 2 2 2 
0 0 0 0 0 0 0 1 1 1 0 0 0 1 1 1 1 1 1 2 2 2 1 1 1 2 2 2 2 2 2 1 1 1 1 1 1 2 2 2 2 2 2 2 2 2 2 2 0 2 
1 1 1 1 1 1 1 1 1 1 1 1 1 1 1 1 1 0 0 0 1 1 1 1 1 1 1 1 1 1 1 1 1 1 1 1 1 1 1 1 1 1 1 1 1 1 1 1 1 1 
1 0 0 0 1 1 1 -1 -1 0 1 1 1 0 0 0 2 2 2 0 0 0 0 0 0 2 2 2 2 2 2 2 2 2 1 1 1 1 1 1 1 1 1 1 1 1 0 0 0 1 
0 -1 -1 -1 0 0 0 2 2 2 0 0 0 0 0 0 0 0 0 0 0 0 1 1 1 2 2 2 0 0 0 0 0 1 1 1 1 2 2 2 2 2 2 2 2 2 1 1 1 1 
0 0 0 0 0 0 0 1 0 0 0 0 0 0 0 0 2 2 2 5 5 5 5 5 5 3 3 3 1 1 1 -1 -1 -1 -1 -1 -1 -1 -1 -1 -1 -1 -1 -1 -1 -1 -1 -1 -1 -1 
1 0 0 0 -1 -1 -1 0 0 0 0 0 0 1 1 1 1 1 1 5 5 5 7 7 7 9 9 9 8 8 8 7 7 7 2 2 2 0 0 0 0 0 0 1 1 1 0 0 0 -1 
0 0 0 0 0 0 0 0 0 0 0 2 2 2 2 2 2 4 4 4 7 7 7 10 10 10 11 11 11 11 11 11 5 5 5 3 3 3 0 0 0 1 1 1 0 0 0 1 1 1 
0 2 2 2 0 0 0 1 1 1 1 1 1 2 2 2 3 3 3 7 7 7 8 8 9 15 15 19 23 23 23 10 10 8 2 2 2 0 0 0 0 0 0 0 0 0 0 0 0 0 
0 0 0 0 1 1 1 0 0 0 1 1 1 1 1 1 2 2 2 5 5 5 7 7 7 11 11 11 12 12 12 6 6 6 3 3 3 1 1 1 -1 -1 -1 0 0 0 0 0 0 0 
1 0 0 0 0 0 0 0 0 0 0 0 0 0 0 0 3 3 3 7 7 7 9 9 9 13 13 13 11 11 9 3 3 3 1 1 1 0 0 0 0 0 0 1 1 1 0 0 0 0 
0 0 0 0 0 0 0 0 0 0 0 1 1 1 1 1 1 3 3 3 6 6 6 8 8 8 12 12 12 9 9 9 3 3 3 2 2 2 0 0 0 0 0 0 -1 -1 -1 0 0 0 
1 0 0 0 0 0 0 0 0 0 0 0 0 1 1 1 3 3 3 7 7 7 8 8 8 11 11 11 9 9 9 4 4 4 1 1 1 1 1 1 0 0 0 1 1 1 0 0 0 1 
0 0 0 0 0 0 0 1 1 1 1 1 1 1 1 1 2 2 2 4 4 4 5 5 6 9 9 9 9 9 9 4 4 4 1 1 1 0 0 0 1 1 1 0 0 0 0 0 0 0 
0 0 0 0 0 0 0 0 0 0 0 2 2 2 2 2 2 5 5 5 7 7 7 8 8 10 12 12 12 8 8 8 2 2 2 1 1 1 1 1 1 0 0 0 1 1 1 0 0 0 
-1 -1 -1 -1 -1 0 0 0 0 0 0 1 1 1 1 1 1 3 3 4 7 7 7 9 9 9 14 14 14 15 15 15 5 5 5 1 1 1 0 0 0 1 1 1 1 1 1 -1 -1 -1 
1 1 1 1 0 0 0 0 0 0 0 0 0 1 1 1 1 1 1 5 5 5 5 5 5 11 11 11 9 9 9 3 3 3 1 1 1 0 0 0 0 0 0 0 0 0 0 0 0 0 
0 -1 -1 -1 0 0 0 0 0 0 1 1 1 1 1 1 3 3 3 5 5 5 5 5 6 10 10 10 7 7 7 4 4 4 1 1 1 1 1 1 -1 -1 -1 0 0 0 1 1 1 -1 
0 0 0 0 1 1 1 1 1 1 1 1 1 0 0 0 2 2 2 5 5 5 5 5 5 8 8 8 9 9 9 5 5 5 2 2 2 1 1 1 0 0 0 0 0 0 1 1 1 1 
0 0 0 0 1 1 1 0 0 0 2 2 2 1 1 1 4 4 4 5 5 5 6 6 6 9 9 9 6 6 6 2 2 2 0 0 0 0 0 0 -1 -1 -1 0 0 0 0 0 0 0 
0 0 0 0 0 1 1 1 1 1 1 1 1 1 2 2 2 6 6 6 8 8 8 9 9 9 9 9 9 4 4 4 2 2 2 0 0 0 0 0 0 0 0 0 0 0 0 -1 -1 -1 
0 0 0 0 0 0 0 0 0 0 1 1 1 1 1 1 3 3 3 7 7 7 7 7 7 8 8 8 3 3 3 2 2 2 1 1 1 0 0 0 0 0 0 0 0 0 0 0 0 1 
0 0 0 0 0 0 0 0 0 0 1 1 1 1 1 1 1 1 1 4 4 4 5 5 6 11 11 11 6 6 6 2 2 2 0 0 0 0 0 0 0 0 0 1 1 1 0 0 0 0 
0 -1 -1 -1 0 0 0 1 1 1 0 0 0 1 1 1 5 5 5 6 6 6 7 7 7 6 6 6 4 4 4 3 3 3 1 1 1 1 1 1 0 0 0 -1 -1 -1 0 0 0 1 
1 0 0 0 1 1 1 0 0 0 0 0 0 1 1 1 2 2 2 5 5 5 7 7 9 13 13 13 5 5 5 3 3 3 -1 -1 -1 -1 -1 -1 0 0 0 0 0 0 0 0 0 0 
1 1 1 1 1 0 0 0 0 0 0 2 2 2 1 1 1 3 3 4 5 5 6 8 8 8 8 8 8 5 5 5 1 1 1 -1 -1 -1 1 1 1 1 1 1 0 0 0 -1 -1 -1 
0 0 0 0 0 2 2 2 0 0 0 0 0 0 1 1 1 5 5 5 6 6 6 9 9 9 5 5 5 3 3 3 0 0 0 -1 -1 -1 0 0 0 -1 -1 -1 0 0 0 0 0 0 
1 1 1 1 0 0 0 1 1 1 0 0 0 2 2 2 6 6 6 9 9 9 8 8 8 4 4 4 2 2 2 1 1 1 -1 -1 -1 0 0 0 0 0 0 1 1 1 0 0 0 0 
1 2 2 2 1 1 1 2 2 2 2 2 2 1 1 1 1 1 1 6 6 6 6 6 8 10 10 10 4 4 4 2 2 2 2 2 2 1 1 1 1 1 1 1 1 1 1 1 1 1 
1 1 1 1 0 0 0 1 1 1 2 2 2 2 2 2 2 2 4 6 6 6 9 9 11 13 13 13 5 5 5 1 1 1 1 1 1 1 1 1 2 2 2 1 1 1 1 1 1 1 
0 0 0 0 1 1 1 1 1 1 1 1 1 2 2 2 3 3 3 5 5 5 8 8 8 10 10 10 9 9 9 7 7 7 2 2 2 1 1 1 1 1 1 0 0 0 1 1 1 1 
0 2 2 2 1 1 1 2 2 2 2 2 2 1 1 1 4 4 4 7 7 7 8 8 8 10 10 10 10 10 10 5 5 5 2 2 2 1 1 1 0 0 0 2 2 2 2 2 2 1 
1 1 2 2 2 2 2 2 2 2 2 1 1 1 3 3 3 5 5 5 7 7 7 9 9 9 13 13 13 7 7 7 5 5 5 2 2 2 2 2 2 1 1 1 1 1 1 1 1 1 
1 2 2 2 1 1 1 2 2 2 1 1 1 4 4 4 3 3 3 6 6 6 7 7 7 9 9 9 6 6 6 2 2 2 2 2 2 0 0 0 1 1 1 1 1 1 2 2 2 1 
2 1 1 1 1 1 1 1 1 1 2 2 2 3 3 3 3 3 5 8 8 8 8 8 9 13 13 13 6 6 5 3 3 3 2 2 2 2 2 2 2 2 2 1 1 1 0 0 0 1 
1 1 1 1 1 1 1 1 1 1 1 1 1 1 2 2 2 3 3 5 8 8 8 9 9 9 13 13 13 6 6 6 4 4 4 1 1 1 2 2 2 1 1 1 2 2 2 1 1 1 
1 1 1 1 1 1 1 1 1 1 1 1 1 1 2 2 2 5 5 5 8 8 8 12 12 12 12 12 12 6 6 6 2 2 1 1 1 1 2 2 2 2 2 2 1 1 1 1 1 1 
1 1 1 1 1 1 1 1 1 1 1 1 1 1 2 2 2 5 5 5 8 8 8 10 10 11 14 14 14 6 6 6 3 3 3 1 1 1 0 0 0 1 1 1 0 0 0 1 1 1 
2 1 1 1 2 2 2 2 2 2 2 2 2 1 1 1 3 3 3 5 5 5 7 7 7 8 8 8 4 4 4 1 1 1 1 1 1 1 1 1 2 2 2 1 1 1 2 2 2 1 
1 0 0 0 0 0 0 -1 -1 -1 0 0 0 1 1 1 3 3 3 5 5 5 6 6 6 4 4 4 2 2 2 0 0 0 1 1 1 0 0 0 0 0 0 0 0 0 0 0 0 -1 
1 1 1 1 1 2 2 2 2 2 2 1 1 1 3 3 3 4 4 4 7 7 7 10 10 10 13 13 13 6 6 6 3 3 3 1 1 1 2 2 2 1 1 1 1 1 1 2 2 2 
1 1 2 2 2 2 2 2 1 1 1 3 3 3 3 3 3 6 6 6 9 9 9 12 12 12 15 15 15 19 19 19 19 19 19 10 10 10 5 5 5 1 1 1 1 1 1 1 1 1 
2 2 2 2 2 2 2 1 1 1 2 2 2 2 2 2 4 4 4 7 7 7 10 10 10 13 13 14 18 19 19 16 16 16 7 7 7 5 5 5 2 2 2 1 1 1 1 1 1 1 
1 1 1 1 1 1 1 1 2 2 2 2 2 2 3 3 3 4 4 4 6 6 6 8 8 8 11 11 12 17 17 19 24 24 24 18 18 18 10 10 10 9 9 9 6 6 6 3 3 3 
1 2 2 2 1 1 1 1 1 1 2 2 2 4 4 4 5 5 5 8 8 8 8 8 9 11 11 11 10 10 10 6 6 6 3 3 3 2 2 2 1 1 1 1 1 1 0 0 0 0 
2 2 2 2 2 2 2 1 1 1 1 1 1 1 1 1 4 4 4 6 6 6 7 7 8 12 12 12 15 15 15 7 7 7 3 3 3 2 2 2 0 0 0 0 0 0 1 1 1 1 
2 2 1 1 1 2 2 2 1 1 1 1 1 1 4 4 4 4 4 4 8 8 8 11 11 11 14 14 14 15 14 14 6 6 6 2 2 2 2 2 2 1 1 1 1 1 1 0 0 0 
1 1 1 1 1 1 1 2 2 2 1 1 1 2 2 2 3 3 3 5 5 6 7 7 7 13 13 13 11 11 11 5 5 5 2 2 2 2 2 2 1 1 1 2 2 2 1 1 1 1 
1 1 1 1 0 0 0 1 1 1 2 2 2 1 1 1 3 3 3 6 6 6 6 6 8 12 12 12 8 8 8 3 3 3 1 1 1 2 2 2 2 2 2 1 1 1 2 2 2 1 
1 1 1 1 1 2 2 2 2 2 2 2 2 2 1 1 1 4 4 4 8 8 8 11 11 11 13 13 13 10 10 10 5 5 5 3 3 3 2 2 2 2 2 2 1 1 1 0 0 0 
1 1 1 1 2 2 2 2 2 2 1 1 1 2 2 2 3 3 3 6 6 6 7 7 7 10 10 10 11 11 11 7 7 7 3 3 3 2 2 2 2 2 2 1 1 1 1 1 1 1 
1 1 1 1 1 1 1 1 1 1 2 2 2 2 2 2 2 2 2 6 6 6 6 6 6 10 10 10 11 11 11 5 5 5 2 2 2 3 3 3 2 2 2 1 1 1 2 2 2 1 
0 2 2 2 1 1 1 2 2 2 1 1 1 3 3 3 4 4 4 7 7 7 8 8 8 10 10 10 11 11 11 7 7 7 4 4 4 2 2 2 2 2 2 1 1 1 1 1 1 0 
1 2 2 2 1 1 1 1 1 1 1 1 1 3 3 3 4 4 4 7 7 7 7 7 7 8 8 8 5 5 5 2 2 2 2 2 2 0 0 0 1 1 1 1 1 1 1 1 1 2 
1 1 1 1 0 0 0 1 1 1 3 3 3 1 1 1 3 3 3 6 6 6 7 7 7 9 9 9 4 4 4 2 2 2 1 1 1 0 0 0 0 0 0 1 1 1 1 1 1 0 
2 1 1 1 2 2 2 0 0 0 2 2 2 2 2 2 6 6 6 10 10 10 10 10 10 7 7 7 3 3 3 2 2 2 1 1 1 1 1 1 1 1 1 1 1 1 2 2 2 0 
1 1 1 1 0 0 0 2 2 2 2 2 2 2 2 2 2 2 3 6 6 6 7 7 7 10 10 10 4 4 4 2 2 2 2 2 2 1 1 1 1 1 1 2 2 2 1 1 1 1 
0 1 1 1 1 1 1 1 1 1 2 2 2 2 2 2 4 4 4 7 7 7 7 7 7 7 7 7 5 5 5 1 1 1 1 1 1 2 2 2 1 1 1 2 2 2 1 1 1 1 
1 1 1 1 1 1 1 1 1 1 1 1 1 2 2 2 4 4 4 7 7 7 6 6 6 6 6 6 6 6 6 2 2 2 1 1 1 0 0 0 1 1 1 0 0 0 1 1 1 2 
1 1 1 1 1 1 1 1 1 1 1 1 1 1 1 1 3 3 3 6 6 6 7 7 7 9 9 9 5 5 5 3 3 3 2 2 2 1 1 1 1 1 1 1 1 1 1 1 1 1 
1 1 2 2 2 1 1 1 2 2 2 2 2 2 3 3 3 6 6 6 7 7 7 9 9 9 8 8 8 6 6 6 3 3 3 1 1 1 2 2 2 2 2 2 1 1 1 1 1 1 
1 2 2 2 1 1 1 1 1 1 2 2 2 2 2 2 4 4 4 6 6 6 6 6 8 12 12 12 13 13 13 6 6 6 4 4 4 2 2 2 2 2 2 1 1 1 1 1 1 1 
1 0 0 0 1 1 1 1 1 1 2 2 2 1 1 1 4 4 4 8 8 8 8 8 8 13 13 13 5 5 5 2 2 2 2 2 2 1 1 1 1 1 1 1 1 1 1 1 1 1 
1 1 1 1 1 1 1 2 2 2 1 1 1 2 2 2 4 4 4 8 8 8 7 7 8 14 14 14 8 8 8 3 3 3 0 0 0 2 2 2 1 1 1 1 1 1 0 0 0 1 
1 1 1 1 2 2 2 1 1 1 1 1 1 2 2 2 2 2 2 5 5 5 6 6 7 9 9 9 11 11 11 7 7 7 4 4 4 2 2 2 2 2 2 1 1 1 2 2 2 1 
2 2 1 1 1 1 1 1 2 2 2 2 2 2 2 2 2 5 5 5 8 8 8 11 11 11 9 9 8 4 4 4 2 2 2 1 1 1 2 2 2 1 1 1 2 2 2 1 1 1 
1 1 1 1 1 1 1 1 1 1 2 2 2 2 2 2 4 4 4 7 7 7 7 7 7 11 11 11 6 6 6 4 4 4 2 2 2 1 1 1 1 1 1 0 0 0 1 1 1 0 
1 1 1 1 1 1 1 1 2 2 2 1 1 1 2 2 2 4 4 6 9 11 11 13 13 17 20 20 20 9 9 9 5 5 5 2 2 2 1 1 1 2 2 2 1 1 1 2 2 2 
1 1 1 1 0 0 0 1 1 1 1 1 1 3 3 3 4 4 5 6 6 6 7 7 7 8 8 8 7 7 7 2 2 2 1 1 1 1 1 1 1 1 1 1 1 1 1 1 1 1 
1 2 2 2 1 1 1 2 2 2 1 1 1 3 3 3 5 5 5 7 7 7 8 8 8 12 12 12 16 16 16 10 10 10 3 3 3 2 2 2 1 1 1 0 0 0 1 1 1 1 
1 0 0 0 2 2 2 1 1 1 2 2 2 2 2 2 5 5 5 7 7 7 7 7 7 10 10 11 14 14 14 12 12 12 6 6 6 4 4 4 3 3 3 2 2 2 1 1 1 1 
1 1 1 1 0 0 0 2 2 2 1 1 1 3 3 3 5 5 5 7 7 7 7 7 7 12 12 12 12 12 12 7 7 7 3 3 3 2 2 2 1 1 1 1 1 1 1 1 1 1 
1 1 1 1 2 2 2 1 1 1 3 3 3 3 3 3 2 2 2 7 7 7 6 6 7 9 9 9 7 7 7 5 5 5 1 1 1 2 2 2 2 2 2 1 1 1 1 1 1 2 
2 2 2 2 2 2 2 2 1 1 1 3 3 3 3 3 3 6 6 6 8 8 8 9 9 9 12 12 12 8 8 8 5 5 5 3 3 3 1 1 1 1 1 1 1 1 1 1 1 1 
0 2 2 2 1 1 1 2 2 2 2 2 2 3 3 3 3 3 3 7 7 7 6 6 6 10 10 10 7 7 7 4 4 4 2 2 2 1 1 1 1 1 1 2 2 2 1 1 1 1 
1 2 2 2 1 1 1 2 2 2 3 3 3 4 4 4 6 6 6 8 8 8 6 6 7 8 8 8 4 4 4 2 2 2 2 2 2 1 1 1 1 1 1 1 1 1 1 1 1 1 
1 0 0 0 2 2 2 2 2 2 3 3 3 3 3 3 6 6 6 8 8 8 9 9 9 8 8 8 5 5 5 2 2 2 0 0 0 1 1 1 0 0 0 2 2 2 1 1 1 1 
1 1 1 1 1 0 0 0 1 1 1 2 2 2 4 4 4 5 5 5 8 8 8 11 11 11 11 11 11 6 6 6 2 2 2 2 2 2 1 1 1 1 1 1 1 1 1 0 0 0 
0 1 1 1 1 1 1 1 1 1 2 2 2 2 2 2 3 3 3 7 7 7 7 7 7 11 11 11 7 7 7 4 4 4 3 3 3 1 1 1 1 1 1 2 2 2 1 1 1 1 
1 1 1 1 1 1 1 1 1 1 1 1 1 4 4 4 4 4 4 8 8 8 7 7 7 10 10 11 14 14 14 8 8 8 6 6 6 3 3 3 1 1 1 1 1 1 1 1 1 2 
0 0 0 0 1 1 1 0 0 0 1 1 1 2 2 2 6 6 6 9 9 9 8 8 8 10 10 10 5 5 5 1 1 1 -1 -1 -1 0 0 0 0 0 0 0 0 0 0 0 0 0 
0 1 1 1 0 0 0 2 2 2 2 2 2 3 3 3 5 5 5 8 8 8 8 8 8 7 7 7 3 3 3 1 1 1 1 1 1 0 0 0 1 1 1 -1 -1 -1 0 0 0 -1 
0 0 0 0 2 2 2 3 3 3 3 3 3 5 5 5 7 7 7 4 4 4 2 2 2 2 2 2 0 0 0 1 1 1 0 0 0 0 0 0 1 1 1 1 1 1 -1 -1 -1 0 
0 0 0 0 0 0 0 0 0 0 2 2 2 3 3 3 5 5 5 7 7 7 7 7 7 6 6 6 3 3 3 1 1 1 0 0 0 0 0 0 -1 -1 -1 -1 -1 -1 -2 -2 -2 -2 
-1 0 0 0 0 0 0 1 1 1 1 1 1 2 2 2 6 6 6 4 4 4 2 2 2 2 2 2 0 0 0 0 0 0 0 0 0 0 0 0 -1 -1 -1 -1 -1 -1 -2 -2 -2 0 
-1 -1 -1 -1 -1 -1 -1 0 0 0 1 1 1 3 3 3 5 5 5 9 9 9 5 5 5 4 4 4 2 2 2 -1 -1 -1 -1 -1 -1 -1 -1 -1 -1 -1 -1 -1 -1 -1 -1 -1 -1 -2 
-1 -1 -1 -1 -1 -1 -1 0 0 0 1 1 1 2 2 2 5 5 5 10 10 10 8 8 8 5 5 5 2 2 2 -1 -1 -1 -1 -1 -1 -1 -1 -1 -2 -2 -2 -1 -1 -1 -1 -1 -1 0 
-1 -1 -1 -1 -1 -1 -1 0 0 0 0 0 0 3 3 3 7 7 7 6 6 6 4 4 4 3 3 3 1 1 1 -2 -2 -2 -1 -1 -1 -1 -1 -1 -1 -1 -1 -1 -1 -1 -2 -2 -2 -2 
1 -1 -1 -1 0 0 0 0 0 0 2 2 2 5 5 5 8 8 8 6 6 6 3 3 3 1 1 1 -1 -1 -1 -1 -1 -1 -1 -1 -1 -1 -1 -1 -1 -1 -1 -1 -1 -1 -1 -1 -1 -1 
0 -1 -1 -1 -1 -1 -1 1 1 1 1 1 1 2 2 2 6 6 6 10 10 10 9 9 9 7 7 7 2 2 2 0 0 0 0 0 0 -2 -2 -2 -2 -2 -2 -1 -1 -1 -2 -2 -2 -2 
-2 -1 -1 -1 0 0 0 0 0 0 1 1 1 2 2 2 3 3 4 9 9 9 11 11 11 9 9 9 3 3 3 0 0 0 -2 -2 -2 0 0 0 -2 -2 -2 -1 -1 -1 -1 -1 -1 -1 
0 -1 -1 -1 0 0 0 1 1 1 1 1 1 3 3 3 6 6 7 11 11 11 9 9 9 5 5 5 2 2 2 -1 -1 -1 0 0 0 -1 -1 -1 -1 -1 -1 -1 -1 -1 -1 -1 -1 -1 
1 -1 -1 -1 -1 -1 -1 -1 -1 -1 0 0 0 3 3 3 5 5 5 10 11 11 12 12 12 7 7 7 2 2 2 2 2 2 -1 -1 -1 -1 -1 -1 -1 -1 -1 -1 -1 -1 -1 -1 -1 -1 
-1 0 0 0 0 0 0 0 0 0 2 2 2 5 5 5 8 8 8 8 8 8 6 6 6 4 4 4 1 1 1 -1 -1 -1 0 0 0 0 0 0 -1 -1 -1 -1 -1 -1 -2 -2 -2 0 
-1 -1 -1 -1 0 0 0 0 0 0 1 1 1 2 2 2 4 4 4 9 9 9 8 8 8 7 7 7 1 1 1 0 0 0 -1 -1 -1 -1 -1 -1 -1 -1 -1 -1 -1 -1 -2 -2 -2 -1 
0 0 0 0 0 0 0 0 0 0 1 1 1 2 2 2 4 4 6 9 9 9 8 8 8 3 3 3 -1 -1 -1 -1 -1 -1 -1 -1 -1 -1 -1 -1 -2 -2 -2 -1 -1 -1 -2 -2 -2 0 
-1 0 0 0 0 0 0 1 1 1 -1 -1 -1 0 0 0 2 2 3 7 7 7 8 8 10 12 12 12 6 6 6 3 3 3 -1 -1 -1 0 0 0 -1 -1 -1 -1 -1 -1 0 0 0 -1 
-1 -1 -1 -1 0 0 0 0 0 0 1 1 1 4 4 4 6 6 6 8 8 8 4 4 4 2 2 2 1 1 1 -1 -1 -1 0 0 0 -1 -1 -1 -2 -2 -2 -1 -1 -1 -1 -1 -1 -1 
-1 -1 -1 -1 0 0 0 0 0 0 1 1 1 2 2 2 3 3 3 6 6 6 6 6 7 11 11 11 8 8 8 3 3 3 0 0 0 0 0 0 -1 -1 -1 -1 -1 -1 0 0 0 -1 
-1 -1 -1 -1 0 0 0 -1 -1 -1 1 1 1 3 3 3 5 5 5 7 7 7 7 7 10 11 11 11 5 5 5 1 1 1 0 0 0 -1 -1 -1 -1 -1 -1 -2 -2 -2 -2 -2 -2 -1 
-1 -1 -1 -1 0 0 0 0 0 0 0 0 0 1 1 1 4 4 4 8 8 8 11 11 14 14 14 13 6 6 6 2 2 2 -1 -1 -1 0 0 0 0 0 0 -1 -1 -1 -2 -2 -2 -1 
-2 0 0 0 -1 -1 -1 1 1 1 0 0 0 2 2 2 5 5 5 7 7 7 8 8 11 13 13 13 5 5 5 2 2 2 2 2 2 0 0 0 0 0 0 0 0 0 0 0 0 0 
-1 0 0 0 0 0 0 0 0 0 2 2 2 4 4 4 8 8 8 5 5 5 4 4 4 3 3 3 1 1 1 1 1 1 0 0 0 -1 -1 -1 -2 -2 -2 -1 -1 -1 -1 -1 -1 -1 
-1 -1 -1 -1 0 0 0 -1 -1 -1 0 0 0 2 2 2 5 5 5 6 6 6 6 6 7 11 11 11 10 10 10 7 7 7 2 2 2 2 2 2 0 0 0 -1 -1 -1 -1 -1 -1 -2 
-1 -1 -1 -1 -1 -1 -1 -1 -1 -1 -1 -1 -1 1 1 1 3 3 3 7 7 7 7 7 7 10 10 10 6 6 6 2 2 2 -1 -1 -1 0 0 0 0 0 0 -2 -2 -2 -1 -1 -1 -1 
-1 0 0 0 0 0 0 -1 -1 -1 0 0 0 1 1 1 3 3 3 6 6 6 6 6 6 11 11 11 5 5 5 3 3 3 2 2 2 0 0 0 0 0 0 -1 -1 -1 -1 -1 -1 -1 
-1 0 0 0 -1 -1 -1 -1 -1 -1 0 0 0 3 3 3 4 4 4 9 9 9 11 11 12 15 15 15 15 15 13 6 6 6 1 1 1 0 0 0 0 0 0 1 1 1 -1 -1 -1 -1 
-1 0 0 0 0 0 0 0 0 0 0 0 0 3 3 3 5 5 5 6 6 6 4 4 4 1 1 1 0 0 0 0 0 0 -1 -1 -1 -1 -1 -1 0 0 0 -2 -2 -2 -1 -1 -1 -1 
0 0 0 0 -2 -2 -2 0 0 0 1 1 1 3 3 3 6 6 8 10 10 10 7 7 7 4 4 4 0 0 0 0 0 0 -2 -2 -2 -1 -1 -1 -2 -2 -2 -1 -1 -1 -1 -1 -1 -1 
-1 -2 -2 -2 -1 -1 -1 -1 -1 -1 0 0 0 3 3 3 5 5 5 5 5 5 4 4 4 4 4 4 2 2 2 1 1 1 0 0 0 0 0 0 0 0 0 0 0 0 -1 -1 -1 -2 
-2 -1 -1 -1 -1 -1 -1 0 0 0 -1 -1 -1 2 2 2 5 5 5 9 9 9 11 11 15 17 17 17 17 17 12 5 5 5 1 1 1 -1 -1 -1 -1 -1 -1 -1 -1 -1 0 0 0 -1 
0 0 0 0 -1 -1 -1 -1 -1 -1 -1 -1 -1 1 1 1 4 4 4 8 8 8 8 8 11 16 16 16 16 16 16 8 8 8 2 2 2 -1 -1 -1 -1 -1 -1 -1 -1 -1 0 0 0 -1 
-1 -1 -1 -1 0 0 0 -1 -1 -1 0 0 0 3 3 3 6 6 6 11 11 11 11 11 11 8 8 8 3 3 2 0 0 0 1 1 1 -2 -2 -2 -1 -1 -1 -1 -1 -1 -1 -1 -1 -1 
-1 -2 -2 -2 0 0 0 1 1 1 1 1 1 3 3 3 7 7 7 5 5 5 3 3 3 2 2 2 -1 -1 -1 -1 -1 -1 -1 -1 -1 -1 -1 -1 -2 -2 -2 -1 -1 -1 0 0 0 0 
-1 2 2 2 0 0 0 0 0 0 0 0 0 1 1 2 5 5 6 11 11 12 16 16 27 27 26 20 10 10 10 10 8 7 1 1 1 -1 -1 -1 1 1 1 2 2 2 0 0 0 -1 
1 1 1 1 0 0 0 0 0 0 3 3 3 3 3 3 7 7 7 13 15 15 13 13 13 7 7 7 2 2 2 1 1 1 0 0 0 0 0 0 0 0 0 0 0 0 0 0 0 0 
2 1 1 1 1 1 1 0 0 0 1 1 1 3 3 3 7 7 7 11 11 11 9 9 9 5 5 4 2 2 2 0 0 0 -1 -1 -1 -1 -1 -1 1 1 1 0 0 0 -1 -1 -1 0 
0 0 0 0 1 1 1 2 2 2 1 1 1 2 2 2 6 6 6 10 10 10 12 12 20 20 20 20 8 8 8 2 2 2 0 0 0 0 0 0 0 0 0 0 0 0 0 0 0 1 
1 0 0 0 0 0 0 0 0 0 1 1 1 3 3 3 5 5 5 9 9 9 7 7 7 5 5 5 3 3 3 1 1 1 1 1 1 0 0 0 1 1 1 1 1 1 0 0 0 1 
0 0 0 0 1 1 1 0 0 0 1 1 1 1 1 1 4 4 4 7 7 7 9 9 11 12 12 12 6 6 6 1 1 1 0 0 0 0 0 0 0 0 0 -1 -1 -1 0 0 0 1 
0 -1 -1 -1 0 0 0 0 0 0 1 1 1 2 2 2 4 4 4 8 8 8 8 8 8 10 10 10 5 5 5 1 1 1 0 0 0 0 0 0 1 1 1 1 1 1 1 1 1 0 
0 0 0 0 -1 -1 -1 1 1 1 1 1 1 2 2 2 5 5 6 11 12 14 18 20 20 17 16 16 16 16 15 5 5 5 2 2 2 0 0 0 0 0 0 0 0 0 -1 -1 -1 0 
0 0 0 0 0 0 0 1 1 1 1 1 1 2 2 2 5 5 5 8 8 8 10 10 10 10 10 10 5 5 5 1 1 1 -1 -1 -1 0 0 0 0 0 0 0 0 0 0 0 0 0 
0 1 1 1 0 0 0 -1 -1 -1 1 1 1 2 2 2 4 4 4 7 7 7 9 9 9 9 9 9 6 6 6 1 1 1 -1 -1 -1 2 2 2 1 1 1 0 0 0 0 0 0 0 
1 -1 -1 -1 0 0 0 1 1 1 0 0 1 3 3 3 6 6 6 11 12 12 11 11 11 8 8 8 4 4 4 3 3 3 0 0 0 0 0 0 0 0 0 -1 -1 -1 0 0 0 -1 
0 -1 -1 -1 0 0 0 0 0 0 1 1 1 1 1 1 4 4 5 8 8 8 10 10 10 11 11 11 7 7 7 2 2 2 0 0 0 0 0 0 0 0 0 0 0 0 0 0 0 0 
0 0 0 0 1 1 1 1 1 1 1 1 1 3 3 3 5 5 6 10 10 10 8 8 7 6 6 6 2 2 2 0 0 0 0 0 0 0 0 0 1 1 1 0 0 0 1 1 1 0 
0 0 0 0 0 0 0 0 0 0 0 0 0 1 1 1 5 5 8 11 13 13 10 10 10 7 7 7 2 2 2 0 0 0 -1 -1 -1 1 1 1 0 0 0 0 0 0 0 0 0 0 
0 1 1 1 0 0 0 0 0 0 1 1 1 0 0 0 4 4 4 7 7 7 7 7 7 6 6 6 3 3 3 0 0 0 1 1 1 0 0 0 -1 -1 -1 0 0 0 -1 -1 -1 0 
-1 0 0 0 -1 -1 -1 0 0 0 0 0 0 2 2 2 7 7 8 11 11 11 7 7 7 5 5 5 2 2 2 1 1 1 0 0 0 1 1 1 0 0 0 -1 -1 -1 0 0 0 0 
0 0 0 0 0 0 0 1 1 1 0 0 0 2 2 2 3 3 4 8 8 8 10 10 10 8 8 8 4 4 4 1 1 1 0 0 0 0 0 0 0 0 0 0 0 0 -1 -1 -1 0 
-1 1 1 1 0 0 0 1 1 1 0 0 0 2 2 2 3 3 3 8 8 8 9 9 14 17 17 17 8 8 8 3 3 3 1 1 1 0 0 0 1 1 1 0 0 0 -1 -1 -1 1 
1 1 1 1 1 1 1 0 0 0 0 0 0 2 2 2 4 4 4 7 7 7 8 8 8 10 10 10 6 6 6 2 2 2 0 0 0 -1 -1 -1 1 1 1 -1 -1 -1 0 0 0 0 
-1 0 0 0 1 1 1 0 0 0 0 0 0 2 2 2 5 5 5 5 5 5 2 2 2 1 1 1 0 0 0 0 0 0 0 0 0 0 0 0 1 1 1 0 0 0 -1 -1 -1 -1 
0 0 0 0 1 1 1 1 1 1 0 0 0 2 2 2 2 2 4 8 8 8 9 9 13 16 17 17 6 6 6 1 1 1 0 0 0 0 0 0 0 0 0 1 1 1 -1 -1 -1 -1 
1 3 3 3 2 2 2 3 3 3 2 2 2 2 2 2 5 5 5 9 9 11 13 13 13 10 10 10 5 5 5 1 1 1 2 2 2 2 2 2 2 2 2 2 2 2 1 1 1 2 
3 2 2 2 2 2 2 2 2 2 3 3 3 2 2 2 5 5 5 7 7 7 8 8 8 9 9 9 8 8 8 5 5 5 2 2 2 2 2 2 2 2 2 3 3 3 2 2 2 3 
2 2 2 2 2 2 2 3 3 3 2 2 2 4 4 4 5 5 5 8 8 8 7 7 7 7 7 7 4 4 4 2 2 2 4 4 4 2 2 2 3 3 3 2 2 2 2 2 2 2 
1 2 2 2 2 2 2 3 3 3 2 2 2 3 3 3 4 4 4 6 6 6 6 6 6 6 6 6 3 3 3 2 2 2 2 2 2 3 3 3 2 2 2 3 3 3 3 3 3 2 
2 3 3 3 2 2 2 2 2 2 3 3 3 3 3 3 4 4 4 8 8 8 9 9 9 8 8 8 4 4 4 2 2 2 3 3 3 2 2 2 3 3 3 2 2 2 2 2 2 3 
1 1 1 1 3 3 3 3 3 3 2 2 2 3 3 3 6 6 6 8 8 8 10 10 12 14 14 14 8 8 8 5 5 5 2 2 2 2 2 2 3 3 3 3 3 3 2 2 2 3 
1 3 3 3 3 3 3 2 2 2 3 3 3 2 2 2 3 3 3 5 5 5 6 6 9 15 15 15 11 11 11 5 5 5 3 3 3 2 2 2 3 3 3 1 1 1 2 2 2 2 
2 2 2 2 2 2 2 2 2 2 2 2 2 4 4 4 5 5 5 10 10 10 11 11 11 9 9 9 5 5 5 4 4 4 1 1 1 2 2 2 3 3 3 2 2 2 3 3 3 2 
2 3 3 3 2 2 2 2 2 2 2 2 2 3 3 3 4 4 4 8 8 8 9 9 9 10 10 10 6 6 6 4 4 4 2 2 2 2 2 2 2 2 2 2 2 2 2 2 2 2 
2 3 3 3 3 3 3 3 3 3 4 4 4 3 3 3 3 3 3 5 5 5 7 7 10 15 16 16 12 12 12 6 6 6 4 4 4 2 2 2 3 3 3 2 2 2 2 2 2 2 
2 2 2 2 2 2 2 2 2 2 2 2 2 3 3 3 3 3 3 7 7 8 10 10 15 15 15 15 7 7 7 3 3 3 2 2 2 3 3 3 2 2 2 2 2 2 1 1 1 2 
2 2 3 3 3 3 3 3 2 2 2 3 3 3 4 4 4 6 6 7 11 11 13 17 21 46 46 46 46 26 26 25 13 6 6 6 6 6 2 2 2 2 2 2 3 3 3 2 2 2 
2 2 2 2 2 2 2 1 1 1 2 2 2 2 2 2 4 4 4 6 6 6 9 9 9 13 13 13 9 9 9 3 3 3 2 2 2 2 2 2 2 2 2 2 2 2 2 2 2 3 
2 3 3 3 1 1 1 3 3 3 3 3 3 3 3 3 3 3 3 4 4 4 6 6 6 8 8 9 14 15 15 14 14 14 9 9 9 5 5 5 3 3 3 3 3 3 2 2 2 3 
2 1 1 1 3 3 3 3 3 3 2 2 2 3 3 3 6 6 6 7 7 7 8 8 8 8 8 8 3 3 3 4 4 4 2 2 2 3 3 3 2 2 2 2 2 2 1 1 1 2 
2 2 2 2 3 3 3 4 4 4 3 3 3 3 3 3 6 6 6 9 9 9 10 10 10 11 11 11 5 5 5 4 4 4 1 1 1 2 2 2 1 1 1 2 2 2 3 3 3 2 
2 2 2 2 3 3 3 2 2 2 3 3 3 2 2 2 5 5 5 9 9 9 10 10 10 8 8 8 5 5 5 2 2 2 2 2 2 2 2 2 2 2 2 2 2 2 2 2 2 3 
3 3 3 3 2 2 2 2 2 2 3 3 3 3 3 3 5 5 5 6 6 6 7 7 7 8 8 8 6 6 6 3 3 3 3 3 3 3 3 3 1 1 1 1 1 1 2 2 2 3 
2 3 3 3 2 2 2 2 2 2 3 3 3 3 3 3 6 6 6 9 9 9 9 9 13 13 13 13 8 8 8 4 4 4 2 2 2 3 3 3 2 2 2 2 2 2 2 2 2 2 
2 2 2 2 2 2 2 2 2 2 3 3 3 3 3 3 5 5 5 8 8 8 7 7 7 8 8 8 4 4 4 3 3 3 2 2 2 2 2 2 2 2 2 2 2 2 2 2 2 2 
