1 2 2 2 4 4 4 3 3 3 2 2 2 5 5 5 7 7 7 11 11 11 11 11 11 17 17 17 16 16 16 14 14 14 15 15 15 16 16 16 15 15 15 14 14 14 14 14 14 13 
1 5 5 5 1 1 1 0 0 0 5 5 5 7 7 7 8 8 8 11 11 11 11 11 11 14 14 14 13 13 13 16 16 16 15 15 15 17 17 17 17 17 17 14 14 14 15 15 15 14 
3 2 2 2 5 5 5 4 4 4 4 4 4 9 9 9 11 11 11 13 13 13 13 13 13 17 17 17 17 17 17 17 17 17 19 19 19 19 19 31 31 30 20 19 19 19 22 22 22 21 
0 0 0 0 0 -1 -1 -1 0 0 0 1 1 1 5 5 5 11 11 12 12 12 12 12 31 41 45 45 47 50 50 50 46 46 46 44 44 44 37 37 36 24 22 20 6 6 5 3 3 3 
-1 3 3 3 0 0 0 1 1 1 1 1 1 4 4 4 6 6 8 15 15 15 15 15 15 20 20 33 33 33 22 27 27 27 29 29 29 28 28 28 31 31 31 29 29 29 30 30 30 29 
0 1 1 1 -1 -1 -1 2 2 2 2 2 2 2 2 2 5 5 5 9 9 9 8 8 8 8 10 10 12 12 12 16 16 16 15 15 15 18 18 18 19 19 19 19 19 19 19 19 29 29 
1 1 1 1 3 3 3 0 0 0 1 1 1 3 3 3 5 5 5 9 9 9 9 9 15 19 19 25 29 29 29 32 32 32 38 38 38 40 40 40 45 45 51 60 65 70 79 80 80 68 
1 1 1 1 2 2 2 0 0 0 2 2 2 4 4 4 7 7 7 15 15 15 15 15 15 18 18 18 18 18 18 18 22 22 20 20 20 23 23 23 22 22 22 19 19 19 22 22 22 25 
0 2 2 2 0 0 0 1 1 1 0 0 0 3 3 3 11 11 11 15 15 15 15 15 18 27 27 27 30 30 30 33 33 34 39 39 39 43 43 43 50 50 50 51 51 51 44 44 44 37 
-2 -2 -2 -2 -2 -2 -2 1 1 1 2 2 2 1 1 2 5 5 7 12 12 12 12 12 26 30 30 30 38 38 50 53 59 59 62 62 62 58 58 58 54 54 59 61 61 63 67 67 67 66 
-3 -3 -1 -1 -1 -2 -2 -2 -2 -2 -2 2 2 2 2 2 2 5 5 10 10 10 10 10 17 28 30 30 30 35 35 35 31 31 31 30 30 30 26 26 26 31 31 32 35 35 35 33 33 32 
-3 -3 -2 -2 -2 0 0 0 -1 -1 1 1 1 1 2 2 2 7 7 12 12 12 12 12 18 23 25 25 25 29 29 29 27 27 27 26 26 26 23 23 23 23 23 23 26 26 26 22 22 20 
-2 -2 1 1 1 0 0 0 1 1 1 1 1 1 4 4 6 8 8 9 9 9 9 9 15 21 22 22 22 23 23 30 30 30 29 27 27 27 27 27 27 26 26 28 28 28 27 31 31 31 
-1 0 0 0 0 -1 -1 -1 2 2 2 2 2 2 4 4 4 5 5 12 12 12 12 12 18 36 36 36 36 43 43 44 44 44 43 36 36 35 35 35 35 34 34 35 37 37 37 36 36 36 
-2 -2 -3 -3 -3 -1 -1 -1 -2 -2 -1 2 2 2 2 2 3 6 6 8 8 8 8 8 12 18 18 18 18 21 21 21 23 23 23 27 27 27 30 30 30 29 29 29 29 29 29 31 31 31 
-1 -1 -1 -2 -2 -2 -3 -1 -1 -1 -2 -2 -1 3 3 3 7 7 7 13 13 13 13 13 18 24 24 24 28 28 32 36 36 36 36 36 36 37 37 37 36 36 36 41 41 45 47 47 47 46 
1 -1 -1 -1 1 1 1 2 2 2 0 0 0 4 4 4 6 6 8 11 11 11 11 11 19 23 24 24 24 24 25 25 25 24 25 25 25 25 25 25 27 27 27 26 26 25 27 27 27 28 
-1 -3 -3 -3 0 0 0 -2 -2 -1 2 2 2 -1 -1 0 4 4 7 10 10 10 10 10 12 16 16 19 26 26 26 25 25 25 24 24 24 21 21 22 25 25 25 26 26 26 26 26 26 24 
-2 -2 -3 -3 -3 -2 -2 -2 -2 -2 -2 -1 -1 -1 4 4 6 7 7 13 13 13 13 13 13 15 20 20 34 34 34 30 38 38 41 41 41 36 28 28 28 30 30 32 34 34 34 33 33 30 
1 -2 -2 -2 -1 -1 -1 1 1 1 3 3 3 1 1 6 6 6 10 15 15 15 15 15 22 27 27 27 30 30 44 44 44 44 35 35 35 33 33 33 33 33 36 37 37 37 37 37 34 38 
-3 0 0 0 0 0 0 -1 -1 -1 0 0 0 2 2 3 5 5 6 10 10 10 10 10 11 13 13 22 25 25 26 33 33 47 47 47 47 40 40 40 40 40 40 41 41 42 42 42 41 37 
0 0 0 0 -3 -3 -3 0 0 0 3 3 3 4 4 4 5 5 8 12 12 12 12 12 20 22 22 23 28 28 44 44 44 44 42 42 42 41 41 41 40 40 40 40 40 38 37 37 37 36 
1 0 0 0 -1 -1 -1 -2 -2 -2 -2 -2 0 1 1 1 3 3 8 8 8 8 10 10 10 10 14 22 25 25 25 31 31 47 48 57 57 57 56 56 41 41 38 35 35 34 37 37 37 36 
-1 -1 -2 -2 -2 -1 -1 -1 -1 -1 -1 -1 -1 -1 0 0 2 8 8 9 9 9 9 9 19 36 36 36 29 33 33 40 42 42 42 43 43 43 38 38 38 40 40 40 40 40 40 40 40 40 
-3 0 0 0 -1 -1 -1 -2 -2 -2 -2 -2 1 3 3 3 3 3 9 9 9 9 9 9 12 17 17 17 20 20 33 33 29 21 22 22 22 22 22 22 21 21 23 24 24 25 25 25 25 24 
0 0 0 0 -2 -2 -2 -2 -2 -2 -1 -1 -1 -1 -1 -1 1 1 4 10 10 10 10 10 17 19 19 19 22 22 23 29 29 34 39 40 46 52 52 52 48 48 46 36 36 36 39 39 39 37 
-2 -2 1 1 1 -3 -3 -1 1 1 1 0 0 0 4 4 6 10 10 10 9 9 9 9 20 27 32 32 46 46 46 41 40 40 40 30 30 28 26 26 24 29 29 29 28 28 28 26 26 26 
-1 -1 -1 -1 -1 1 1 1 2 2 2 2 2 2 6 6 7 8 8 10 10 10 10 10 15 26 30 30 34 42 42 47 47 47 44 33 33 33 29 29 32 32 32 32 32 32 30 30 30 30 
-1 -2 -2 -2 0 0 0 -2 -2 -1 0 0 0 2 2 2 9 9 10 15 15 15 15 15 15 19 19 19 20 20 29 29 28 18 19 19 19 19 19 19 17 17 18 20 20 20 19 19 19 19 
-1 1 1 1 1 1 1 -2 -2 -1 2 2 2 3 3 3 7 7 9 10 10 10 10 10 13 16 16 21 24 24 25 27 27 27 27 27 27 25 25 25 28 28 28 26 26 26 23 23 23 26 
-1 0 0 0 1 1 1 1 1 1 1 1 1 2 2 2 1 1 5 9 9 9 10 10 10 10 14 15 19 19 19 19 19 26 29 29 30 35 35 36 37 37 37 34 34 33 31 31 33 33 
0 -2 -2 0 1 1 1 -2 -2 -1 0 0 0 2 2 5 6 6 7 10 10 10 10 10 15 20 20 23 27 27 27 27 27 29 30 30 30 30 30 30 30 30 30 30 30 30 29 29 29 27 
1 0 0 0 1 1 1 1 1 1 2 2 2 2 2 2 3 3 6 13 13 13 13 13 15 21 21 21 24 24 30 34 34 36 39 39 39 33 33 33 32 32 35 36 36 36 36 36 34 33 
0 -1 -1 -1 2 2 2 0 0 0 1 1 1 1 1 2 4 4 10 15 15 15 15 15 24 24 24 23 23 23 25 28 28 34 40 40 40 40 40 35 30 30 30 33 33 33 34 34 34 34 
1 1 1 1 1 0 0 0 0 0 0 2 2 2 2 2 7 7 7 9 9 9 9 9 14 18 23 23 23 25 25 27 27 27 27 27 27 27 30 30 30 29 29 29 29 29 30 31 31 31 
1 1 1 1 0 0 0 0 0 0 2 2 2 4 4 4 7 7 9 10 10 10 10 10 16 24 27 32 39 40 50 53 57 57 53 53 48 49 49 52 53 53 53 51 51 46 46 46 46 44 
0 0 0 0 0 0 -3 2 2 2 3 3 3 3 3 3 4 4 6 11 11 11 11 11 18 25 28 32 39 39 55 56 72 80 80 80 79 66 66 64 59 59 67 67 68 68 68 61 61 61 
12 11 11 11 10 10 10 10 10 10 9 9 9 11 11 11 13 13 13 10 10 10 4 4 4 4 10 10 12 12 12 17 17 17 27 31 31 40 41 41 49 49 49 46 46 46 42 42 42 45 
0 0 0 0 0 2 1 1 1 1 1 2 2 2 4 4 4 6 7 11 11 11 11 11 16 22 24 26 27 31 31 31 35 33 33 33 37 37 38 38 38 36 36 36 33 32 32 26 26 24 
2 2 1 1 1 1 0 0 0 0 0 1 2 2 2 4 4 6 7 9 11 11 11 11 15 16 21 22 25 25 25 25 25 28 29 29 29 31 31 31 32 31 31 30 30 29 29 29 29 29 
-1 0 0 0 0 2 2 2 1 1 1 3 3 3 3 3 3 5 5 9 9 9 9 9 15 21 22 24 24 25 25 25 21 21 22 27 27 30 32 37 37 33 33 32 30 30 32 33 33 34 
1 1 1 0 0 0 1 1 1 1 1 1 2 5 5 5 5 5 6 9 12 12 12 12 16 19 27 27 29 29 27 27 28 29 29 30 33 34 35 36 39 39 39 39 39 37 37 37 38 37 
1 1 1 2 3 3 1 1 1 1 2 2 2 2 3 6 6 7 8 10 16 16 16 16 26 33 41 41 49 50 50 49 46 39 39 39 40 40 42 46 46 46 44 44 43 42 42 42 40 40 
-1 -1 0 1 0 0 0 1 1 2 2 2 1 1 3 3 3 7 8 13 16 16 16 16 21 28 30 31 35 41 41 51 53 54 55 55 56 56 57 57 58 57 57 57 57 54 54 53 52 52 
0 0 0 0 0 1 1 1 0 0 2 2 2 1 1 1 3 5 6 8 8 8 8 8 17 21 23 25 25 29 30 30 31 33 35 35 39 39 40 40 40 39 39 39 37 37 37 37 37 37 
6 6 3 3 1 1 1 1 1 0 0 0 0 1 1 1 -1 -1 0 0 0 0 0 0 0 0 0 0 2 1 1 0 0 0 1 2 2 0 0 0 0 0 -1 0 0 2 2 2 2 1 
2 1 1 0 -1 -1 0 0 0 0 0 0 0 1 1 1 3 3 5 10 10 10 10 10 17 17 17 17 17 27 27 26 26 26 30 30 35 41 41 50 52 52 52 50 50 49 46 46 46 49 
2 2 1 1 1 1 1 1 2 2 2 2 2 2 2 2 3 4 6 9 9 9 9 9 20 27 30 37 44 44 56 68 68 59 49 41 37 36 37 39 44 46 54 61 61 63 63 54 54 49 
-3 -1 -1 -1 1 1 1 1 1 1 2 2 2 2 2 2 3 3 5 9 9 9 9 9 11 15 15 19 20 20 36 36 35 25 30 30 30 31 31 31 29 29 30 31 31 33 33 33 35 36 
1 0 0 1 1 1 0 0 0 0 3 3 3 3 3 3 3 3 6 10 10 10 10 10 22 28 28 28 32 32 37 39 39 39 40 40 44 47 47 47 49 49 49 49 49 48 45 45 44 45 
1 1 2 2 2 1 1 1 1 1 1 2 2 2 1 1 3 3 3 9 9 9 9 9 14 16 21 21 21 25 25 27 27 27 27 27 38 41 45 45 45 43 43 43 40 40 40 40 40 40 
1 0 0 1 1 1 0 2 2 2 1 1 1 4 4 4 3 3 5 6 6 6 10 10 10 10 24 51 51 63 88 113 267 347 347 193 132 90 79 79 64 64 70 73 73 73 68 55 42 16 
1 1 1 1 0 0 2 3 3 3 3 3 3 4 4 4 5 5 8 10 10 10 10 10 24 27 27 27 32 32 32 25 25 24 20 20 20 23 23 28 31 31 31 33 33 33 33 33 33 29 
0 0 0 0 1 3 3 3 1 1 1 2 2 2 2 2 5 7 7 9 9 9 9 9 19 35 35 35 27 29 29 32 34 34 34 30 30 30 30 30 30 28 28 28 28 28 28 30 30 30 
3 3 1 1 0 1 1 1 2 2 2 1 1 1 3 3 3 5 5 8 8 8 8 8 9 15 19 19 19 19 19 31 37 37 38 41 41 41 40 40 37 37 37 37 38 38 38 40 40 40 
0 0 0 0 1 1 1 2 2 2 3 3 3 2 2 2 5 5 5 6 6 6 6 6 16 21 21 25 27 27 28 28 28 28 28 28 28 28 28 31 34 34 34 32 32 32 29 29 31 31 
0 0 3 3 3 2 2 2 0 0 0 5 5 5 3 3 7 7 7 11 11 11 11 11 20 23 29 29 29 30 30 31 35 35 35 33 33 33 31 31 31 33 33 33 33 33 33 33 33 33 
1 1 1 1 2 2 2 0 0 0 4 4 4 1 1 3 8 8 8 12 12 12 12 12 19 23 23 30 33 33 34 41 41 41 36 36 32 33 33 34 34 34 33 34 34 34 32 32 31 31 
1 1 1 0 1 1 1 1 1 1 2 2 2 2 2 3 3 3 3 8 8 8 8 8 8 8 12 15 20 20 20 22 22 22 25 25 25 27 27 28 28 28 29 30 30 30 30 30 30 30 
1 1 -1 -1 -1 0 0 0 2 2 2 0 0 2 3 3 3 5 5 10 10 10 10 10 19 26 32 32 32 35 35 35 39 39 48 53 53 54 58 58 58 57 57 56 56 56 56 53 53 53 
1 2 2 2 3 3 3 1 1 1 2 2 3 4 4 4 9 9 11 16 16 16 16 16 28 30 30 32 35 35 35 34 34 34 32 32 33 33 33 34 37 37 39 41 41 41 38 38 38 39 
2 2 2 2 1 1 0 3 3 3 2 2 2 2 2 3 5 5 6 12 12 12 12 12 23 27 27 29 33 33 37 38 38 38 35 35 34 39 39 39 40 40 40 37 37 37 39 39 39 35 
1 1 2 2 2 1 1 1 1 1 0 0 0 2 2 2 2 7 7 9 9 9 9 9 13 15 21 21 21 22 22 24 27 27 32 36 36 42 45 45 45 43 43 43 42 42 42 37 37 37 
0 0 2 2 2 2 2 2 4 4 4 2 2 3 3 3 4 5 5 11 11 11 11 11 16 22 25 25 26 29 29 33 35 35 35 34 34 34 34 34 35 37 37 37 37 37 37 37 37 37 
3 1 1 1 1 1 1 3 3 3 2 2 4 4 4 4 6 6 8 11 11 11 11 11 16 22 22 23 28 28 31 35 35 35 37 37 37 38 38 40 44 44 44 44 44 44 42 42 42 41 
2 3 3 3 2 2 3 3 3 1 2 2 3 3 3 2 5 5 6 10 10 10 10 10 15 21 21 24 28 28 32 36 36 36 37 37 37 39 39 39 41 41 46 47 47 47 45 45 45 44 
1 1 1 1 1 1 2 4 4 4 2 2 2 3 3 4 6 6 6 10 10 10 7 7 7 7 15 20 20 20 24 29 29 42 42 42 35 39 39 39 40 40 44 45 45 45 45 45 45 46 
3 3 3 3 1 2 2 2 3 3 3 3 3 3 5 5 5 9 9 11 11 11 11 11 18 39 39 39 30 31 31 34 38 38 38 44 44 46 47 47 47 46 46 46 42 42 43 43 43 43 
2 2 2 2 2 2 1 2 2 2 1 1 1 2 2 4 5 5 8 12 12 12 12 12 15 22 22 23 29 29 30 32 32 33 36 36 36 38 38 41 47 47 51 53 53 58 58 58 58 57 
2 0 0 0 2 2 2 2 2 0 1 1 1 2 2 2 4 4 4 9 9 9 7 7 7 7 13 20 23 23 30 37 37 45 49 49 49 46 46 46 45 45 49 51 51 51 53 53 53 50 
0 0 0 0 0 0 0 0 -2 -2 -1 1 1 1 1 1 1 5 5 10 10 10 10 10 14 16 16 16 17 24 24 24 26 26 27 31 31 37 39 39 42 45 45 49 52 52 52 54 54 55 
0 2 2 2 0 0 -1 -1 -1 -1 0 0 1 3 3 3 4 4 6 10 10 10 10 10 16 25 25 26 29 29 36 44 44 56 61 61 63 65 65 65 60 60 60 60 60 60 53 53 51 49 
2 2 2 2 2 2 2 2 1 1 0 1 1 3 3 3 3 5 5 8 8 8 8 8 14 18 24 24 25 30 30 34 40 40 45 45 45 44 40 40 40 40 40 39 40 40 40 39 39 39 
1 1 1 1 2 2 2 1 1 1 2 2 2 -1 -1 1 4 4 5 9 9 9 9 9 14 22 22 22 23 23 28 33 33 33 32 32 32 32 32 33 36 36 38 38 38 36 40 40 41 41 
2 -1 -1 -1 -1 -1 -1 1 1 1 0 0 0 1 1 1 4 4 4 8 8 8 8 8 14 19 19 19 22 22 28 33 33 33 36 36 37 41 41 41 46 46 47 52 52 54 54 54 53 47 
2 0 0 0 3 3 3 1 0 0 1 1 1 3 3 3 5 5 5 7 7 7 3 3 3 7 7 7 5 5 5 -1 -1 -1 0 0 0 -2 -2 -2 -2 -2 -2 4 4 4 0 0 0 0 
0 1 1 1 1 1 1 0 0 0 1 1 1 1 1 1 2 2 3 6 6 6 7 7 7 7 10 10 9 9 9 9 9 9 1 1 0 3 3 3 2 2 2 2 2 2 1 1 1 0 
0 0 1 1 1 0 0 0 2 2 2 2 2 2 4 4 4 7 7 8 8 8 8 8 11 11 10 10 10 12 12 12 7 6 6 6 6 6 1 1 1 4 4 4 1 1 1 1 1 1 
1 3 3 3 2 2 2 1 1 1 1 1 1 2 2 2 5 5 5 10 10 10 10 10 10 15 15 15 19 19 19 14 14 14 2 2 2 2 2 2 -1 -1 -1 1 1 1 2 2 2 2 
0 -1 -1 -1 2 2 2 1 1 1 1 1 1 2 2 2 5 5 5 8 8 8 8 8 8 9 9 9 11 11 11 10 8 8 8 8 8 3 3 3 1 1 1 3 3 3 1 1 1 0 
1 0 0 -1 0 0 0 3 3 3 1 1 1 3 3 3 6 6 8 12 12 12 12 12 12 15 15 15 13 13 13 4 4 4 4 4 4 3 3 3 1 1 1 1 1 1 0 0 0 0 
2 2 0 0 0 0 0 0 3 3 3 1 1 1 3 3 3 6 6 7 7 7 7 7 8 8 8 8 10 12 12 12 4 4 4 4 4 4 1 1 1 1 1 1 0 0 0 0 0 0 
3 0 0 0 0 0 0 2 2 2 0 0 0 3 3 3 5 5 5 12 12 12 12 12 12 10 10 10 11 11 11 3 3 3 3 3 3 3 3 3 1 1 1 1 1 1 1 1 1 4 
1 0 0 0 0 0 0 1 1 1 3 3 3 3 3 3 4 4 4 8 8 8 8 8 8 7 7 7 11 11 11 5 5 5 5 5 5 1 1 1 5 5 5 0 0 0 3 3 3 3 
-1 -1 1 1 1 1 1 1 -1 -1 -1 2 2 2 6 6 6 9 9 9 6 6 6 6 8 8 13 13 13 9 9 9 9 9 9 3 3 3 0 0 0 1 1 1 1 1 1 1 1 1 
1 1 -1 -1 -1 3 3 3 -1 -1 -1 1 1 1 1 1 1 7 7 7 6 6 6 6 11 11 12 12 12 17 17 17 8 7 7 7 7 7 3 3 3 0 0 0 2 2 2 2 2 2 
2 1 1 1 2 2 2 1 1 1 2 2 2 1 1 1 4 4 4 7 7 7 7 7 7 12 12 12 9 9 9 5 5 5 5 5 5 0 0 0 2 2 2 1 1 1 1 1 1 0 
0 1 1 1 0 0 0 -1 -1 -1 4 4 4 1 1 1 5 5 6 9 9 9 9 9 9 8 8 8 8 8 8 8 8 8 1 1 1 3 3 3 1 1 1 0 0 0 3 3 3 1 
-1 1 1 1 0 0 0 1 1 1 2 2 2 4 4 4 4 4 4 8 8 8 8 8 8 8 8 8 8 8 8 8 8 8 8 8 8 3 3 3 1 1 1 1 1 1 0 0 0 3 
-1 -1 -1 -1 3 3 3 0 0 0 3 3 3 2 2 3 8 8 8 8 8 8 8 8 8 9 9 9 7 7 7 7 7 7 4 4 4 0 0 0 -1 -1 -1 -1 -1 -1 2 2 2 0 
2 2 1 1 1 0 0 0 0 0 0 2 2 2 5 5 5 9 9 9 7 7 7 7 8 8 9 9 9 6 6 6 6 6 6 1 1 1 1 1 1 1 1 1 1 1 1 2 2 2 
0 1 1 1 1 1 1 1 1 1 2 2 2 3 3 3 6 6 6 11 11 11 11 11 11 9 9 9 4 3 3 3 3 3 0 0 0 2 2 2 2 2 2 1 1 1 1 1 1 -1 
-1 0 0 0 0 0 0 0 0 0 2 2 2 1 1 1 1 1 5 8 8 8 8 8 8 9 9 9 8 8 8 8 8 8 0 0 0 -1 -1 -1 -1 -1 -1 1 1 1 1 1 1 0 
1 1 1 1 2 2 2 -1 -1 -1 1 1 1 1 1 1 6 6 6 8 8 8 8 8 8 7 7 7 7 7 7 4 4 4 0 0 0 3 3 3 3 3 3 0 0 0 1 1 1 3 
2 0 0 0 1 1 1 0 0 0 2 2 2 1 1 1 5 5 5 7 7 7 7 7 7 10 10 10 9 6 6 6 6 6 1 1 1 1 1 1 2 2 2 3 3 3 0 0 0 1 
1 1 2 2 2 -1 -1 -1 -1 -1 -1 2 2 2 1 1 1 5 5 6 6 6 6 6 8 8 8 8 8 8 8 8 1 1 1 0 0 0 2 2 2 1 1 1 1 1 1 0 0 0 
0 0 0 0 0 3 3 3 0 0 0 1 1 1 1 1 1 6 6 6 4 4 4 4 10 10 7 7 7 7 7 7 2 2 2 1 1 1 1 1 1 0 0 0 -1 -1 -1 1 1 1 
1 1 1 1 2 2 2 2 2 2 0 0 0 3 3 3 7 7 7 11 11 11 11 11 20 20 18 11 6 6 6 1 1 1 0 0 0 2 2 2 0 0 0 2 2 2 0 0 0 1 
1 0 0 0 2 2 2 1 1 1 0 0 0 1 1 1 2 2 2 8 8 8 8 8 8 8 8 8 2 1 1 1 1 1 1 1 1 3 3 3 0 0 0 1 1 1 -1 -1 -1 0 
-1 -3 -3 -3 0 0 0 2 2 2 1 1 1 0 0 0 4 4 4 8 8 8 8 8 8 14 14 14 6 3 3 3 3 3 -1 -1 -1 0 0 0 2 2 2 3 3 3 2 2 2 3 
1 0 0 0 0 0 0 1 1 1 2 2 2 4 4 4 5 5 5 7 7 7 9 9 9 9 11 11 8 8 8 8 8 8 2 2 2 0 0 0 1 1 1 -1 -1 -1 0 0 0 0 
1 1 1 1 1 1 1 1 1 1 3 3 3 1 1 1 4 4 5 9 9 9 9 9 9 8 8 8 8 8 8 5 5 5 5 5 5 2 2 2 1 1 1 2 2 2 2 2 2 0 
0 0 2 2 2 0 0 0 1 1 1 0 0 0 3 3 3 8 8 8 7 7 7 7 8 8 10 10 10 10 10 10 10 10 10 4 4 4 4 4 4 0 0 0 3 3 3 0 0 0 
0 1 1 1 -1 -1 -1 0 0 0 0 0 0 4 4 4 7 7 7 8 8 8 8 8 8 7 7 7 7 7 7 4 4 4 2 2 2 0 0 0 0 0 0 1 1 1 1 1 1 -1 
2 -1 -1 -1 0 0 0 2 2 2 2 2 2 6 6 6 5 5 5 8 8 8 8 8 8 10 10 10 6 6 6 6 6 6 1 1 1 3 3 3 1 1 1 1 1 1 1 1 1 1 
0 0 0 0 0 0 0 0 0 0 0 0 0 1 3 3 3 4 4 6 6 6 6 6 9 9 11 11 11 8 8 8 8 8 8 1 1 1 2 2 2 1 1 1 0 0 0 1 1 1 
0 0 1 1 1 1 1 1 0 0 0 0 0 0 3 3 3 8 8 8 7 7 7 7 10 10 15 15 15 4 3 3 3 3 3 2 2 2 3 3 3 1 1 1 1 1 1 0 0 0 
1 1 0 0 0 1 1 1 2 2 2 1 1 1 0 0 0 9 9 9 9 9 9 9 9 9 11 11 11 6 5 5 5 5 5 1 1 1 0 0 0 0 0 0 -1 -1 -1 1 1 1 
3 -1 -1 -1 1 1 1 3 3 3 1 1 1 1 1 1 2 2 2 7 7 7 7 7 7 6 6 6 6 6 6 1 1 1 0 0 0 0 0 0 1 1 1 0 0 0 1 1 1 0 
-2 0 0 0 -1 -1 -1 -1 -1 -1 -1 -1 -1 0 0 0 4 4 4 5 5 5 5 5 7 7 7 6 3 3 3 3 3 3 1 1 1 1 1 1 2 2 2 -2 -2 -2 -1 -1 -1 -2 
3 3 1 1 1 5 5 5 2 2 2 3 3 3 6 6 6 8 8 8 7 7 7 7 9 9 11 11 11 8 8 8 8 8 8 3 3 3 4 4 4 2 2 2 1 1 1 3 3 3 
3 3 2 2 2 4 4 4 1 1 1 2 2 2 5 5 5 9 9 9 9 9 9 9 14 14 15 15 15 14 14 14 17 17 17 16 16 16 4 4 4 4 4 4 2 2 2 1 1 1 
3 1 1 1 2 2 2 2 2 2 3 3 3 4 4 4 8 8 8 10 10 10 10 10 10 14 14 14 13 13 13 16 16 16 13 12 12 12 12 12 3 3 3 1 1 1 2 2 2 3 
3 3 0 0 0 2 2 2 2 2 2 2 2 2 5 5 5 7 7 10 10 10 10 10 11 11 12 12 12 15 15 15 16 16 16 20 20 20 18 18 18 18 18 18 7 7 7 7 7 7 
1 3 3 3 1 1 1 2 2 2 3 3 3 3 3 3 6 6 6 10 10 10 10 10 10 8 8 9 12 12 12 12 12 12 4 4 4 3 3 3 2 2 2 4 4 4 3 3 3 0 
2 5 5 5 2 2 2 1 1 1 3 3 3 4 4 4 7 7 7 11 11 11 11 11 11 12 12 12 13 13 13 8 7 7 7 7 7 3 3 3 1 1 1 1 1 1 4 4 4 1 
5 5 4 4 4 2 2 2 1 1 1 3 3 3 5 5 5 5 5 7 7 7 7 7 13 13 14 14 14 15 15 15 8 8 8 8 8 8 4 4 4 4 4 4 3 3 3 1 1 1 
1 1 1 1 0 0 0 3 3 3 3 3 3 2 2 2 5 5 5 8 8 8 8 8 9 12 12 12 12 12 12 9 6 6 6 6 6 2 2 2 3 3 3 1 1 1 1 1 1 3 
2 2 2 2 2 2 2 3 3 3 0 0 0 1 1 1 6 6 6 7 7 7 7 7 7 11 11 11 10 10 10 3 3 3 3 3 3 2 2 2 4 4 4 0 0 0 1 1 1 1 
2 2 2 2 2 1 1 1 0 0 0 2 2 2 2 2 2 9 9 9 7 7 7 7 11 11 12 12 12 11 11 11 5 5 5 5 5 5 2 2 2 3 3 3 1 1 1 1 1 1 
1 3 3 3 3 3 3 4 4 4 1 1 1 2 2 3 5 5 5 9 9 9 9 9 9 10 10 10 11 11 11 7 7 7 7 7 7 2 2 2 3 3 3 3 3 3 2 2 2 3 
1 1 1 1 1 1 1 3 3 3 2 2 2 3 3 3 5 5 5 10 10 10 10 10 10 10 10 10 8 8 8 5 5 5 5 5 5 4 4 4 2 2 2 0 0 0 2 2 2 1 
1 2 2 2 1 1 1 2 2 2 2 2 2 3 3 3 5 5 5 10 10 10 5 5 5 5 8 8 9 9 9 5 5 5 5 5 5 3 3 3 3 3 3 1 1 1 1 1 1 1 
0 5 5 5 0 0 0 1 1 1 2 2 2 3 3 3 6 6 6 9 9 9 9 9 9 9 9 9 9 9 9 5 5 4 2 2 2 1 1 1 0 0 0 3 3 3 5 5 5 0 
2 -1 -1 -1 0 0 0 0 0 0 3 3 3 2 2 2 5 5 5 10 10 10 10 10 10 10 10 10 10 10 10 2 2 2 0 0 0 -1 -1 -1 3 3 3 0 0 0 1 1 1 0 
4 0 0 0 3 3 3 1 1 1 3 3 3 4 4 5 7 7 7 12 12 12 12 12 12 7 6 6 6 6 6 2 2 2 1 1 1 4 4 4 2 2 2 1 1 1 3 3 3 -1 
3 1 1 1 1 1 1 4 4 4 2 2 2 3 3 3 5 5 5 8 8 8 8 8 8 9 9 9 4 4 4 4 4 4 4 4 4 3 3 3 2 2 2 4 4 4 3 3 3 -1 
1 1 1 1 1 1 1 2 2 2 4 4 4 2 2 2 5 5 5 10 10 10 10 10 10 9 9 9 9 9 9 2 2 2 -1 -1 -1 2 2 2 0 0 0 1 1 1 2 2 2 0 
1 1 1 1 0 0 0 4 4 4 3 3 3 3 3 3 4 4 5 8 8 8 8 8 8 8 8 8 8 8 8 6 6 6 1 1 1 2 2 2 4 4 4 1 1 1 3 3 3 2 
0 2 2 2 2 2 2 1 1 1 0 0 0 3 3 3 6 6 6 9 9 9 9 9 9 9 9 9 4 4 4 4 4 4 2 2 2 2 2 2 1 1 1 2 2 2 -1 -1 -1 0 
0 -1 3 3 3 2 2 2 4 4 4 3 3 3 6 6 6 8 8 9 9 9 9 9 9 9 8 8 8 8 8 8 4 4 4 3 3 3 3 3 3 3 3 3 2 2 2 2 2 2 
4 0 0 0 -1 -1 -1 1 1 1 4 4 4 3 3 3 6 6 6 9 9 9 9 9 9 11 11 11 10 10 10 7 7 7 7 7 7 3 3 3 3 3 3 0 0 0 1 1 1 0 
2 0 0 0 -1 -1 -1 2 2 2 1 1 1 2 2 2 4 4 4 10 10 10 10 10 10 10 10 10 7 5 5 5 5 5 2 2 2 0 0 0 1 1 1 0 0 0 1 1 1 0 
0 2 2 2 1 1 1 3 3 3 2 2 2 2 2 2 5 5 5 11 11 11 11 11 11 11 11 11 10 10 10 10 10 10 2 2 2 0 0 0 0 0 0 0 0 0 0 0 0 -1 
2 2 2 2 3 3 3 -1 -1 -1 0 0 0 2 2 2 4 4 4 8 8 8 8 8 8 8 8 8 9 9 9 9 9 9 3 3 3 4 4 4 2 2 2 2 2 2 3 3 3 1 
1 1 3 3 3 1 1 1 0 0 0 2 2 2 1 1 2 7 7 9 9 9 9 9 9 8 8 8 8 8 8 8 3 3 3 1 1 1 2 2 2 2 2 2 2 2 2 1 1 1 
2 1 1 1 3 3 3 0 0 0 4 4 4 4 4 4 2 2 5 8 8 8 8 8 8 8 8 7 7 6 6 6 6 6 1 1 1 0 0 0 -1 -1 -1 -1 -1 -1 1 1 1 0 
1 1 -1 -1 -1 -1 -1 -1 1 1 1 2 2 2 1 1 1 6 6 11 11 11 11 11 11 11 15 15 15 15 11 11 11 11 11 0 0 0 4 4 4 2 2 2 -1 -1 -1 3 3 3 
0 1 1 1 0 0 0 -1 -1 -1 0 0 0 1 1 1 4 4 4 8 8 8 8 8 8 8 8 8 8 8 8 1 1 1 1 1 1 1 1 1 -1 -1 -1 1 1 1 1 1 1 0 
1 2 2 2 0 0 0 -1 -1 -1 1 1 1 2 2 2 7 7 7 10 10 10 10 10 10 12 12 12 11 11 11 12 12 12 3 3 3 3 3 3 0 0 0 1 1 1 -1 -1 -1 0 
1 1 1 1 2 2 2 1 1 1 1 1 1 3 3 3 5 5 5 10 10 10 10 10 10 9 9 9 10 10 10 13 13 13 7 6 6 6 6 6 5 5 5 4 4 4 0 0 0 -1 
-1 0 0 0 1 1 1 -2 -2 -2 -1 -1 -1 5 5 5 4 4 5 9 9 9 9 9 9 11 11 11 9 9 9 7 7 7 7 7 7 1 1 1 0 0 0 2 2 2 0 0 0 0 
1 1 1 1 2 2 2 1 1 1 2 2 2 2 2 2 2 2 2 9 9 9 9 9 9 7 7 7 6 6 6 6 6 6 2 2 2 0 0 0 1 1 1 2 2 2 -2 -2 -2 0 
1 1 2 2 2 3 3 3 0 0 0 2 2 2 7 7 7 9 9 9 6 6 6 6 8 8 10 10 10 10 10 10 10 10 10 3 3 3 2 2 2 0 0 0 1 1 1 1 1 1 
0 4 4 4 3 3 3 2 2 2 2 2 2 4 4 4 5 5 5 8 8 8 8 8 8 10 10 10 4 4 4 4 4 4 2 2 2 0 0 0 1 1 1 1 1 1 3 3 3 1 
0 3 3 3 0 0 0 1 1 1 5 5 5 6 6 6 7 7 7 9 9 9 9 9 18 18 18 9 7 7 7 2 2 2 4 4 4 1 1 1 0 0 0 0 0 0 2 2 2 2 
0 2 2 2 3 3 3 2 2 2 1 1 1 3 3 3 8 8 8 9 9 9 9 9 17 17 17 10 7 7 7 3 3 3 0 0 0 1 1 1 0 0 0 1 1 1 -1 -1 -1 1 
2 2 0 0 0 0 0 0 0 0 0 2 2 2 4 4 4 6 6 6 5 5 5 5 9 9 11 11 11 11 11 11 2 2 2 1 1 1 0 0 0 1 1 1 0 0 0 -2 -2 -2 
1 -1 -1 -1 1 1 1 2 2 2 2 2 2 2 2 2 3 3 3 10 10 10 10 10 10 9 9 9 6 6 6 6 6 6 3 3 3 1 1 1 0 0 0 2 2 2 0 0 0 -1 
2 5 5 5 0 0 1 1 1 0 4 4 4 5 5 5 5 5 6 12 12 12 12 12 12 10 10 10 11 11 11 11 11 11 11 11 11 3 3 3 0 0 0 1 1 1 0 0 0 2 
1 0 0 0 -1 -1 -1 2 2 2 1 1 1 7 7 7 12 12 12 17 17 17 17 17 17 12 12 12 6 6 6 0 0 0 0 0 0 1 1 1 0 0 0 2 2 2 3 3 3 1 
2 2 2 2 2 2 2 4 4 4 6 6 6 6 6 6 12 12 12 12 12 12 12 12 12 10 10 10 2 2 2 2 2 2 4 4 4 3 3 3 3 3 3 2 2 2 1 1 1 2 
3 4 4 4 3 3 3 5 5 5 9 9 9 13 13 13 9 9 9 8 8 8 2 2 2 3 3 3 1 1 1 3 3 3 4 4 4 1 1 1 1 1 1 3 3 3 0 0 0 2 
2 1 1 1 2 2 2 3 3 3 6 6 6 8 8 8 10 10 10 11 11 11 11 11 11 7 7 7 5 5 5 5 5 5 1 1 1 1 1 1 1 1 1 -1 -1 -1 1 1 1 0 
1 2 2 2 3 3 3 5 5 5 5 5 5 9 9 9 10 10 10 7 7 7 7 7 7 4 4 4 3 3 3 4 4 4 3 3 3 1 1 1 1 1 1 0 0 0 -1 -1 -1 2 
2 1 1 1 0 0 0 1 1 1 4 4 4 8 8 8 13 13 13 13 13 13 13 13 13 6 6 6 2 2 2 2 2 2 1 1 1 0 0 0 1 1 1 0 0 0 0 0 0 1 
1 0 0 0 1 1 1 2 2 2 4 4 4 7 7 8 12 12 12 14 14 14 14 14 14 6 6 6 4 4 4 4 4 4 0 0 0 0 0 0 0 0 0 0 0 0 0 0 0 2 
0 0 0 0 -1 -1 -1 1 1 1 3 3 3 11 11 11 12 12 12 10 10 10 10 10 10 7 7 7 0 0 0 0 0 0 1 1 1 0 0 0 0 0 0 -1 -1 -1 -1 -1 -1 -1 
3 -2 -2 -2 4 4 4 5 5 5 9 9 9 12 12 12 14 14 14 9 9 9 9 9 9 4 4 4 4 4 4 0 0 0 -1 -1 -1 0 0 0 -1 -1 -1 2 2 2 -1 -1 -1 0 
2 1 1 1 1 1 1 5 5 5 3 3 3 6 6 7 14 14 14 14 14 14 14 14 14 11 11 11 3 3 3 3 3 3 3 3 3 0 0 0 -1 -1 -1 -1 -1 -1 -1 -1 -1 -1 
0 -1 -1 -1 0 0 0 1 1 1 3 3 3 6 6 6 11 11 13 16 16 16 16 16 16 11 11 11 3 3 3 -1 -1 -1 -1 -1 -1 1 1 1 0 0 0 1 1 1 2 2 2 -1 
2 3 3 3 2 2 2 5 5 5 3 3 3 9 9 9 14 14 14 14 14 14 14 14 14 6 6 6 1 1 1 1 1 1 2 2 2 3 3 3 1 1 1 0 0 0 3 3 3 -1 
2 2 2 2 0 0 0 0 0 0 1 1 1 8 8 8 13 13 14 16 16 16 16 16 16 8 8 8 3 2 2 2 2 2 0 0 -1 1 1 1 0 0 0 1 1 1 1 1 1 -2 
3 0 0 0 1 1 1 2 2 2 5 5 5 11 11 11 14 14 14 12 12 12 12 12 12 5 5 5 0 0 0 0 0 0 2 2 2 2 2 2 0 0 0 1 1 1 0 0 0 2 
0 -1 -1 -1 2 2 2 4 4 4 4 4 4 6 6 6 11 11 14 14 12 12 12 12 12 10 10 10 1 0 0 0 0 0 1 1 1 0 0 0 1 1 1 -1 -1 -1 1 1 1 0 
1 3 3 3 4 4 4 3 3 3 3 3 3 6 6 6 10 10 10 13 13 13 13 13 13 6 6 6 6 6 6 1 1 1 3 3 3 0 0 0 -1 -1 -1 3 3 3 -1 -1 -1 4 
0 3 3 3 3 3 3 4 4 4 2 2 2 5 5 5 8 8 9 17 17 17 17 17 17 10 10 10 9 9 9 4 4 4 4 4 4 1 1 1 0 0 0 1 1 1 0 0 0 -1 
0 0 0 0 4 4 4 2 2 2 2 2 2 10 10 10 12 12 12 12 12 12 12 12 12 0 0 0 0 0 0 2 2 2 2 2 2 0 0 0 1 1 1 2 2 2 3 3 3 0 
0 1 1 1 1 1 1 3 3 3 3 3 3 5 5 5 9 9 9 16 16 16 16 16 16 10 10 10 8 8 8 5 5 5 5 5 5 2 2 2 1 1 1 0 0 0 2 2 2 2 
0 3 3 3 4 4 4 0 0 0 3 3 3 5 5 7 11 11 15 18 18 18 18 18 18 12 12 12 6 6 6 1 1 1 1 1 1 1 1 1 -1 -1 -1 0 0 0 2 2 2 -1 
0 2 2 2 4 4 4 2 2 2 3 3 3 4 4 4 10 10 14 21 21 21 19 19 19 10 10 10 9 9 9 2 2 2 2 2 2 2 2 2 3 3 3 2 2 2 2 2 2 0 
0 1 1 1 0 0 0 4 4 4 1 1 1 7 7 7 10 10 13 19 19 19 19 19 19 10 10 10 8 8 8 2 2 2 2 2 2 4 4 4 1 1 1 2 2 2 3 3 3 4 
2 0 0 0 4 4 4 4 4 4 6 6 7 9 9 9 11 11 11 8 8 8 8 8 8 3 3 3 3 3 3 4 4 4 2 2 2 2 2 2 1 1 1 4 4 4 2 2 2 2 
1 2 2 2 2 2 2 1 1 1 2 2 2 4 4 4 8 8 9 16 16 16 16 16 16 13 13 12 10 10 10 7 7 7 2 2 2 2 2 2 2 2 2 1 1 1 1 1 1 1 
2 0 0 0 0 0 0 1 1 1 1 1 1 2 2 2 7 7 8 14 14 14 11 11 11 11 11 11 7 7 7 1 1 1 1 1 1 3 3 3 5 5 5 -1 -1 -1 -1 -1 -1 0 
0 3 3 3 3 3 3 1 1 1 1 1 1 4 4 4 5 5 6 13 13 13 13 13 13 13 13 13 8 8 8 4 4 4 4 4 4 4 4 4 3 3 3 0 0 0 -1 -1 -1 -1 
1 3 3 3 1 1 1 1 1 1 2 2 2 6 6 6 9 9 16 22 22 22 23 23 23 13 13 13 11 11 11 7 7 7 1 1 1 1 1 1 1 1 1 3 3 3 3 3 3 1 
1 4 4 4 2 2 2 0 0 0 2 2 2 10 10 10 11 11 11 11 11 11 11 11 11 2 2 2 2 2 2 2 2 2 0 0 0 -1 -1 -1 3 3 3 1 1 1 0 0 0 3 
1 2 2 2 -1 -1 -1 1 1 1 3 3 3 9 9 9 16 16 16 14 14 14 14 14 14 5 5 5 -1 -1 -1 -1 -1 -1 1 1 1 2 2 2 0 0 0 0 0 0 2 2 2 0 
0 1 1 1 2 2 2 1 1 1 4 4 4 6 6 6 12 12 12 11 11 11 7 7 7 7 7 7 5 5 5 6 6 6 2 2 2 1 1 1 3 3 3 2 2 2 2 2 2 0 
3 0 0 0 2 2 2 4 4 4 2 2 2 4 4 6 11 11 15 22 22 22 21 21 21 14 14 14 13 13 13 6 6 5 1 1 1 1 1 1 0 0 0 2 2 2 1 1 1 -1 
1 -1 -1 -1 2 2 2 2 2 2 1 1 1 3 3 3 12 12 12 19 19 19 19 19 19 18 18 18 14 14 14 11 11 11 1 1 1 1 1 1 0 0 0 2 2 2 0 0 0 1 
0 1 1 1 2 2 2 1 1 1 5 5 5 8 8 8 13 13 15 17 17 17 17 17 17 11 11 11 4 4 4 -3 -3 -3 -3 3 3 -1 -1 -1 1 1 1 1 1 1 1 1 1 -1 
1 0 0 0 1 1 1 4 4 4 5 5 5 12 12 12 13 13 13 10 10 10 1 1 1 3 3 3 2 2 2 1 1 1 4 4 4 2 2 2 1 1 1 2 2 2 3 3 3 0 
1 2 2 2 1 1 1 2 2 2 0 0 0 2 2 2 9 9 16 24 25 29 32 32 32 16 16 15 12 12 12 7 7 7 0 0 0 0 0 0 2 2 2 3 3 3 1 1 1 0 
3 3 3 3 0 0 0 1 1 1 4 4 4 5 5 5 14 14 15 19 19 19 19 19 19 9 9 9 -1 -1 -1 -1 -1 -1 1 1 1 0 0 0 -1 -1 -1 0 0 0 3 3 3 1 
4 1 1 1 1 1 1 0 0 0 2 2 2 5 5 5 13 13 13 15 15 15 15 15 15 5 5 5 0 0 0 0 0 0 0 0 0 1 1 1 1 1 1 0 0 0 0 0 0 2 
1 3 3 3 2 2 2 3 3 3 2 2 2 5 5 5 12 12 13 21 21 21 20 20 20 6 6 6 8 10 10 0 0 0 0 0 0 2 2 2 0 0 0 -1 -1 -1 0 0 0 2 
1 1 1 1 2 2 2 2 2 2 3 3 3 6 6 6 12 12 12 12 12 12 12 12 12 5 5 5 -1 -1 -1 -1 -1 -1 -1 -1 -1 0 0 0 2 2 2 2 2 2 2 2 2 3 
1 0 0 0 1 1 1 0 0 0 3 3 3 5 5 5 5 5 7 13 13 13 13 13 13 12 12 12 6 6 6 1 1 1 1 1 1 -1 -1 -1 -1 -1 -1 2 2 2 0 0 0 1 
1 -1 -1 -1 0 0 0 1 1 1 1 1 1 2 2 2 7 7 10 13 13 13 13 13 13 12 12 12 6 6 6 0 0 0 0 0 0 -1 -1 -1 1 1 1 2 2 2 2 2 2 3 
0 1 1 1 0 0 0 2 2 2 0 0 0 5 5 5 8 8 15 23 25 25 22 22 22 13 13 13 14 14 14 6 6 3 -5 -5 -5 -5 0 0 1 1 1 2 2 2 2 2 2 1 
-1 -1 -1 -1 0 0 0 1 1 1 4 4 4 5 5 5 10 10 15 19 19 19 19 19 19 11 11 11 7 7 7 1 1 1 1 1 1 2 2 2 0 0 0 0 0 0 0 0 0 1 
0 0 0 0 4 4 4 2 2 2 4 4 4 4 4 4 8 8 8 12 12 12 11 11 11 11 11 8 6 6 6 3 3 3 3 3 3 3 3 3 1 1 1 3 3 3 -2 -2 -1 2 
0 3 3 3 1 1 1 4 4 4 4 4 4 6 6 6 12 12 14 16 16 16 16 16 16 9 9 9 2 2 2 2 2 2 1 1 1 1 1 1 3 3 3 1 1 1 3 3 3 0 
1 0 0 0 1 1 1 0 0 0 5 5 5 4 4 4 6 6 12 18 18 18 18 18 18 9 9 9 5 5 5 1 1 1 1 1 1 3 3 3 2 2 2 1 1 1 1 1 1 1 
1 0 0 0 0 0 0 4 4 4 3 3 3 6 6 6 11 11 11 12 12 12 12 12 12 4 4 4 0 0 0 0 0 0 3 3 3 2 2 2 2 2 2 0 0 0 3 3 3 3 
1 0 0 0 1 1 1 -2 -2 -2 1 1 1 2 2 3 11 11 11 13 13 13 13 13 13 7 7 7 0 0 0 0 0 0 0 0 0 1 1 1 1 1 1 0 0 0 0 0 0 -1 
2 3 3 3 0 0 0 0 0 0 1 1 1 2 2 2 9 9 9 10 10 10 5 5 5 5 6 6 2 2 2 2 2 2 3 3 3 0 0 0 -1 -1 -1 -2 -2 -2 0 0 0 1 
-1 2 2 2 1 1 1 2 2 2 0 0 0 4 4 5 12 12 12 12 12 12 12 12 12 5 5 5 -5 -5 -5 -5 3 3 2 2 2 2 2 2 1 1 1 0 0 0 -1 -1 -1 2 
0 2 2 2 2 2 2 3 3 3 -1 -1 0 5 5 5 7 7 8 13 13 13 13 13 13 10 10 10 3 3 3 3 3 3 0 0 0 2 2 2 0 0 0 0 0 0 1 1 1 -1 
-1 1 1 1 -2 -2 -2 2 2 2 1 1 1 4 4 4 5 5 6 16 16 16 16 16 16 15 15 15 9 9 8 2 2 2 2 2 2 0 0 0 3 3 3 2 2 2 1 1 1 2 
3 1 1 1 1 1 1 4 4 4 1 1 1 4 4 4 7 7 9 15 15 15 15 15 15 10 10 10 5 5 5 -1 -1 -1 -1 -1 -1 1 1 1 2 2 2 -1 -1 -1 -1 -1 -2 -2 
0 1 1 1 2 2 2 2 2 2 2 2 2 3 3 3 9 9 9 7 7 7 7 7 15 15 15 5 0 0 0 2 2 2 0 0 0 2 2 2 -1 -1 -1 0 0 0 0 0 0 -1 
2 2 2 2 1 1 1 2 2 2 1 1 1 4 4 4 6 6 7 17 17 17 17 17 17 14 14 14 10 10 10 1 1 1 1 1 1 1 1 1 1 1 1 2 2 2 1 1 1 0 
5 8 8 8 6 6 6 7 7 7 5 5 5 6 6 6 11 11 11 17 17 17 17 17 17 15 15 15 7 7 7 7 7 7 3 3 3 4 4 4 5 5 5 5 5 5 5 5 5 5 
8 5 5 5 6 6 6 5 5 5 6 6 6 7 7 7 8 8 8 12 12 12 9 9 9 9 12 12 12 12 12 6 6 6 6 6 6 7 7 7 4 4 4 7 7 7 4 4 4 7 
7 6 6 6 4 4 4 4 4 4 7 7 7 10 10 10 9 9 9 12 12 12 12 12 12 9 9 9 5 5 5 5 5 5 7 7 7 7 7 7 5 5 5 6 6 6 6 6 6 5 
4 5 5 5 6 6 6 8 8 8 4 4 4 7 7 7 9 9 11 12 12 12 12 12 12 6 6 6 3 3 3 3 3 3 7 7 7 8 8 8 5 5 5 7 7 7 5 5 5 3 
5 7 7 7 5 5 5 5 5 5 5 5 5 8 8 8 10 10 11 15 15 15 15 15 15 11 11 11 5 5 5 5 5 5 5 5 5 5 5 5 5 5 5 4 4 4 6 6 6 7 
4 4 4 4 6 6 6 5 5 5 6 6 6 6 6 6 10 10 10 17 17 17 17 17 17 15 15 15 12 12 12 6 6 6 6 6 6 6 6 6 4 4 4 7 7 7 6 6 6 4 
5 8 8 8 6 6 6 6 6 6 7 7 7 5 5 5 7 7 7 11 11 11 11 11 14 17 17 17 14 14 14 7 7 7 7 7 7 7 7 7 7 7 7 4 4 4 5 5 5 4 
4 5 5 5 7 7 7 4 4 4 5 5 5 6 6 6 11 11 13 18 18 18 18 18 18 12 12 12 5 5 5 4 4 4 4 4 4 5 5 5 7 7 7 7 7 7 7 7 7 5 
7 7 7 7 6 6 6 4 4 4 4 4 4 6 6 6 9 9 9 15 15 15 15 15 15 13 13 13 10 10 10 4 4 4 4 4 4 6 6 6 6 6 6 5 5 5 5 5 5 5 
4 7 7 7 6 6 6 5 5 5 6 6 6 5 5 5 8 8 8 13 13 13 13 13 15 18 18 18 14 14 14 9 9 9 6 6 6 6 6 6 7 7 7 4 4 4 4 4 4 4 
4 6 6 6 6 6 6 7 7 7 5 5 5 4 4 4 8 8 8 14 14 14 14 14 14 17 17 17 11 11 11 4 4 4 4 4 4 7 7 7 6 6 6 6 6 6 5 5 5 6 
5 5 6 6 6 6 6 6 4 4 4 5 5 5 9 9 9 9 9 16 16 16 16 16 36 36 26 26 26 31 31 31 15 15 10 8 8 8 3 3 3 3 3 3 8 8 8 4 4 4 
4 5 5 5 4 4 4 5 5 5 4 4 4 5 5 5 9 9 9 14 14 14 13 13 13 13 13 13 13 13 13 4 4 4 4 4 4 4 4 4 5 5 5 4 4 4 6 6 6 5 
8 8 8 8 5 5 5 6 6 6 7 7 7 5 5 5 7 7 7 8 8 8 10 10 10 10 15 15 17 17 17 16 16 16 11 11 11 7 7 7 2 2 2 2 2 2 5 5 5 5 
6 5 5 5 6 6 6 6 6 6 7 7 7 6 6 6 9 9 9 13 13 13 13 13 13 13 13 13 4 4 4 4 4 4 6 6 6 3 3 3 5 5 5 6 6 6 4 4 4 6 
5 6 6 6 9 9 9 7 7 7 6 6 6 5 5 5 11 11 11 18 18 18 18 18 18 13 13 13 8 8 8 5 5 5 5 5 5 7 7 7 4 4 4 5 5 5 5 5 5 5 
5 8 8 8 8 8 8 5 5 5 5 5 5 8 8 8 8 8 9 15 15 15 15 15 15 12 12 12 7 7 7 7 7 7 7 7 7 7 7 7 5 5 5 5 5 5 6 6 6 5 
7 6 6 6 4 4 4 5 5 5 7 7 7 7 7 7 8 8 8 11 11 11 11 11 11 12 12 12 7 7 7 4 4 4 4 4 4 5 5 5 5 5 5 5 5 5 6 6 6 5 
5 4 4 4 4 4 4 6 6 6 7 7 7 7 7 7 12 12 12 14 14 14 14 14 14 13 13 13 11 11 11 4 4 4 4 4 4 7 7 7 5 5 5 5 5 5 7 7 7 5 
6 5 5 5 7 7 7 5 5 5 8 8 8 9 9 9 12 12 12 14 14 14 14 14 14 10 10 10 7 7 7 2 2 2 2 2 2 6 6 6 5 5 5 6 6 6 3 3 3 4 
