1 1 1 1 3 3 3 2 2 2 3 3 3 2 2 2 6 6 6 10 10 10 10 10 11 19 19 19 17 17 17 17 17 17 16 16 16 16 16 16 17 17 17 17 17 17 14 14 14 16 
0 3 3 3 1 1 1 2 2 2 1 1 1 4 4 4 7 7 7 10 10 10 10 10 10 14 14 14 13 13 13 14 14 14 17 17 17 18 18 18 17 17 17 15 15 15 16 16 16 14 
3 0 0 0 3 3 3 5 5 5 3 3 3 5 5 5 10 10 10 11 11 11 11 11 11 16 16 16 19 19 19 17 17 17 22 22 22 20 20 20 13 13 13 13 19 19 18 18 18 18 
1 1 -1 -1 -1 -1 -1 -1 -1 -1 -1 0 0 0 2 2 2 10 10 12 12 12 12 12 29 33 38 38 40 44 44 44 38 38 38 38 38 38 34 34 34 22 22 19 4 4 4 2 2 2 
-2 0 0 0 0 0 0 -1 -1 -1 0 0 0 3 3 3 4 4 4 13 13 13 13 13 16 21 21 21 23 23 23 23 27 27 30 30 30 31 31 31 29 29 29 30 30 30 30 30 30 29 
0 0 0 0 0 0 0 1 1 1 0 0 0 1 1 1 4 4 4 7 7 7 4 4 4 4 11 11 14 14 14 15 15 15 17 17 17 18 18 18 18 18 18 21 21 21 20 20 20 16 
0 -1 -1 -1 1 1 1 0 0 0 0 0 0 2 2 2 4 4 4 7 7 7 7 7 14 19 19 23 29 29 29 30 30 30 41 41 41 37 37 37 42 42 51 57 61 65 72 72 72 65 
2 0 0 0 0 0 0 0 0 0 2 2 2 3 3 3 9 9 9 12 12 12 12 12 14 20 20 20 21 21 21 21 21 29 29 29 30 30 20 20 20 20 20 22 22 22 24 24 24 27 
-1 0 0 0 0 0 0 1 1 1 1 1 1 2 2 2 7 7 7 13 13 13 13 13 17 26 26 26 30 30 30 35 35 35 40 40 40 46 46 46 50 50 50 52 52 52 44 44 44 41 
-2 -2 -2 -2 -1 -1 -1 -1 -1 -1 0 0 0 2 2 2 3 3 4 11 11 11 11 11 26 31 32 32 42 42 53 54 66 66 64 64 64 63 63 63 61 61 63 66 66 66 74 74 74 72 
-2 -2 -2 -2 -2 -2 -2 -2 -2 -2 -2 0 0 0 0 0 0 3 3 6 6 6 6 6 15 24 28 28 28 37 37 37 33 33 33 30 30 30 25 25 26 32 32 33 36 36 36 34 34 34 
-4 -4 -2 -2 -2 -1 -1 -1 -2 -2 -2 0 0 0 0 0 1 4 4 9 9 9 9 9 19 23 27 27 27 29 29 29 30 30 30 29 29 29 26 26 26 24 24 24 28 28 28 24 24 22 
-3 -3 -2 -2 -2 0 0 0 -1 -1 -1 1 1 1 3 3 3 5 5 7 7 7 7 7 14 20 21 21 24 28 28 29 34 34 34 29 29 29 30 30 30 29 29 29 29 29 29 32 32 32 
-2 -2 -2 -2 -2 -3 -3 -3 -1 -1 -1 0 0 0 1 1 1 3 3 9 9 9 9 9 20 30 34 36 48 48 48 48 48 48 48 39 39 39 35 35 35 36 36 38 40 40 40 38 38 38 
-2 -2 -1 -1 -1 0 0 0 -3 -3 -3 0 0 0 3 3 3 5 5 5 4 4 4 4 13 14 18 18 18 22 22 22 21 21 23 26 26 26 29 29 29 29 29 29 29 29 29 34 34 34 
-3 -2 -2 -2 -2 -2 -2 -3 -3 -3 -2 -2 -2 2 2 2 5 5 5 9 9 9 9 9 18 22 23 23 28 28 29 32 32 34 37 37 37 35 35 35 37 37 37 40 40 42 47 47 47 48 
-1 -3 -3 -3 -2 -2 -2 0 0 0 -1 -1 -1 2 2 2 4 4 4 8 8 8 8 8 16 24 26 26 25 25 25 26 26 26 25 25 25 28 28 28 29 29 29 28 28 28 28 28 28 29 
-3 -3 -3 -3 0 0 0 -3 -3 -2 -2 -2 -2 0 0 0 3 3 4 6 6 6 6 6 10 16 16 19 24 24 24 24 24 24 21 21 21 21 21 22 27 27 27 26 26 26 25 25 25 25 
-3 -3 -2 -2 -2 -4 -4 -4 -3 -3 -3 -2 -2 -2 2 2 2 7 7 9 9 9 9 9 13 16 20 21 22 25 25 25 25 38 40 40 40 39 28 28 29 30 30 32 35 35 35 33 33 33 
-3 -3 -3 -3 -2 -2 -2 -1 -1 -1 1 1 1 0 0 2 5 5 7 13 13 13 13 13 17 17 17 17 17 30 30 32 32 32 33 33 33 30 30 30 30 30 32 36 36 36 32 32 32 34 
-3 1 1 1 -1 -1 -1 -3 -3 -3 -1 -1 -1 -1 -1 0 3 3 4 9 9 9 9 9 11 16 16 19 19 19 19 19 33 37 39 39 39 41 41 41 37 37 37 40 40 40 41 41 41 36 
-1 -1 -1 -1 -2 -2 -2 -3 -3 -3 1 1 1 3 3 3 5 5 6 12 12 12 12 12 19 19 19 19 19 32 33 39 39 39 46 46 46 43 43 43 43 43 43 42 42 42 40 40 41 41 
-2 -1 -1 -1 0 0 0 -3 -3 -3 -1 -1 -1 0 0 0 2 2 3 7 7 7 8 8 8 8 15 22 26 26 26 32 32 49 52 63 63 61 60 58 40 40 40 39 39 39 39 39 39 36 
-1 -1 -2 -2 -2 -3 -3 -3 -2 -2 -2 -3 -3 -3 0 0 0 4 4 7 7 7 7 7 20 26 27 27 39 39 39 39 48 48 48 47 47 47 43 43 43 44 44 44 43 43 43 44 44 44 
-3 -2 -2 -2 -3 -3 -3 -2 -2 -2 -2 -2 -1 1 1 1 3 3 6 8 8 8 8 8 12 16 16 17 21 21 21 20 20 20 20 22 22 21 21 21 22 22 23 24 24 24 24 24 24 22 
-1 -1 -1 -1 -2 -2 -2 -3 -3 -3 -2 -2 -2 0 0 0 1 1 2 7 7 7 7 7 14 20 20 20 23 23 24 24 24 30 36 39 46 53 55 55 48 48 48 39 39 38 42 42 42 41 
-3 -3 -2 -2 -2 -3 -3 -3 -1 -1 -1 -1 -1 -1 2 2 3 7 7 7 7 7 7 7 19 35 35 35 37 45 45 45 43 42 41 31 31 28 25 25 26 31 31 31 28 28 27 27 27 26 
-3 -3 -2 -2 -2 0 0 0 0 0 0 2 2 2 4 4 4 5 5 8 8 8 8 8 16 25 29 32 34 42 46 50 50 50 45 35 35 31 32 32 32 34 34 34 31 31 31 33 33 33 
-1 -2 -2 -2 0 0 0 -1 -1 -1 -2 -2 -2 0 0 0 7 7 7 11 11 11 11 11 15 18 18 19 21 21 21 19 19 19 19 19 19 20 20 20 19 19 19 19 19 19 20 20 20 19 
-3 -1 -1 -1 -1 -1 -1 -3 -3 -2 -1 -1 -1 2 2 2 4 4 7 10 10 10 10 10 12 18 18 21 24 24 24 28 28 28 28 28 26 27 27 27 31 31 31 26 26 26 24 24 24 25 
-2 -2 -2 -2 1 1 1 -1 -1 -1 -1 -1 -1 3 3 3 1 1 1 6 6 6 7 7 7 7 17 17 21 21 21 27 27 28 28 28 28 28 37 37 41 41 41 34 34 34 32 32 33 35 
0 -3 -3 -3 0 0 0 -2 -2 -2 0 0 0 0 0 1 4 4 4 11 11 11 11 11 15 20 20 23 27 27 27 29 29 29 31 31 31 33 33 33 32 32 32 32 32 32 31 31 29 28 
-1 -1 -1 -1 -2 -2 -2 1 1 1 1 1 1 1 1 1 3 3 3 11 11 11 11 11 15 22 22 24 27 27 31 38 38 38 42 42 42 38 38 38 35 35 35 40 40 40 38 38 37 37 
0 -2 -2 -2 2 2 2 -1 -1 -1 0 0 0 -1 -1 1 4 4 5 14 14 14 14 14 22 24 24 24 23 23 25 29 29 38 43 44 44 41 41 39 32 32 31 35 35 35 35 35 35 36 
-1 -1 -1 -1 -1 1 1 1 -1 -1 -1 -1 -1 -1 1 1 1 6 6 7 7 7 7 7 15 19 23 23 24 26 26 27 31 31 31 30 30 30 32 32 32 31 31 31 32 32 32 33 33 33 
-1 0 0 0 -1 -1 -1 0 0 0 1 1 1 3 3 3 3 3 4 8 8 8 8 8 17 23 30 33 40 40 51 57 59 59 56 56 54 53 53 54 58 58 58 49 49 49 47 47 47 44 
-2 -2 -2 -2 -1 -1 -1 1 1 1 1 1 1 1 1 1 3 3 3 10 10 10 10 10 17 25 28 33 39 39 57 59 76 85 85 85 84 69 69 67 62 62 69 69 69 69 69 64 64 64 
7 7 7 7 9 9 9 7 7 7 7 7 7 8 8 8 7 7 7 10 10 10 2 2 2 2 10 10 13 14 14 15 17 18 24 33 33 39 43 43 46 49 49 45 45 45 46 46 46 47 
1 1 1 1 1 2 2 2 2 2 2 1 1 1 4 4 4 7 7 9 9 9 9 9 17 24 24 24 25 30 30 30 35 34 34 34 36 36 36 38 38 37 37 37 33 32 32 27 27 26 
2 2 2 0 0 0 3 3 3 1 1 1 3 3 3 5 5 5 7 8 13 13 13 13 13 17 21 22 23 23 23 23 23 28 28 28 28 30 31 31 31 30 31 31 31 29 29 29 30 30 
0 0 0 0 0 0 0 0 0 0 0 3 4 4 3 3 3 6 6 7 7 7 7 7 17 22 22 23 23 27 26 26 25 25 25 26 26 30 34 34 34 32 32 32 29 29 31 33 33 33 
0 0 0 0 2 2 1 1 1 -1 -1 -1 2 4 4 5 5 5 9 10 13 13 13 13 14 23 24 27 27 30 30 31 31 30 30 30 34 34 34 37 37 37 38 38 38 37 37 37 35 35 
1 3 3 3 3 3 0 0 0 1 1 1 2 2 2 5 5 7 8 11 18 18 18 18 24 35 41 42 44 50 50 49 49 42 41 41 41 44 44 46 46 46 45 45 45 41 41 41 42 39 
1 1 1 0 0 0 2 2 2 1 1 1 3 3 3 3 3 8 9 13 17 17 17 17 22 28 29 31 33 40 41 52 52 53 53 55 57 56 56 55 55 56 58 58 58 53 53 53 55 55 
0 0 0 0 0 0 0 0 0 0 0 1 1 1 3 3 3 5 7 8 8 8 8 8 16 21 23 26 28 31 31 31 33 34 35 37 39 39 40 41 41 40 40 40 40 40 40 40 40 40 
10 4 4 4 0 0 0 0 1 1 -1 -1 0 1 1 1 -1 -1 -1 0 0 0 1 1 1 0 0 0 2 2 2 0 0 0 1 1 1 0 0 0 2 2 2 -1 -1 -1 1 1 1 0 
1 -1 -1 -1 0 0 0 0 0 0 0 0 0 0 0 0 5 5 5 11 11 11 11 11 20 26 26 26 29 29 40 40 40 40 34 34 38 48 48 56 60 60 60 60 60 60 54 54 54 56 
0 0 -1 -1 -1 -1 -1 -1 3 2 2 1 1 0 2 2 2 5 6 6 6 6 6 6 18 27 27 31 39 40 46 50 50 46 42 33 33 33 35 35 38 39 46 49 53 53 53 43 43 43 
-1 1 1 1 1 1 1 2 2 2 3 3 3 3 3 3 3 3 3 7 7 7 7 7 9 16 16 17 21 21 22 25 25 25 25 29 29 31 31 31 30 30 30 32 32 32 31 31 31 33 
-1 -1 -1 -1 0 0 0 -1 -1 -1 3 3 3 3 3 3 3 3 5 11 11 11 11 11 21 24 24 24 29 29 32 34 34 34 36 36 37 41 41 41 43 43 43 39 39 39 35 35 35 37 
1 1 -1 -1 -1 -2 -2 -2 -1 -1 -1 1 1 1 1 1 2 3 3 5 5 5 5 5 13 15 19 19 19 19 19 26 28 28 29 35 35 35 39 39 39 38 38 38 34 34 34 34 34 35 
-1 0 0 0 0 0 0 2 2 2 0 0 0 4 4 4 3 3 4 9 9 9 9 9 9 9 25 44 48 54 75 81 157 161 161 117 98 67 66 63 52 52 52 57 57 57 53 46 42 16 
1 1 1 1 1 1 1 2 2 2 2 2 2 4 4 4 6 6 7 12 12 12 12 12 24 29 29 31 36 36 36 28 28 27 22 22 22 24 24 32 34 34 34 37 37 37 35 35 35 32 
-1 -1 -1 -1 -1 1 1 1 1 1 1 4 4 4 3 3 4 7 7 10 10 10 10 10 21 24 28 28 42 42 42 34 36 36 36 33 33 33 32 32 32 30 30 30 30 30 30 32 32 32 
2 2 -1 -1 -1 3 3 3 2 2 2 1 1 1 3 3 3 5 5 8 8 8 8 8 14 15 23 23 24 28 28 31 31 31 31 31 42 42 41 41 41 40 40 40 38 38 39 41 41 41 
1 0 0 0 1 1 1 2 2 2 3 3 3 1 1 1 6 6 6 7 7 7 7 7 15 22 22 23 26 26 26 30 30 30 28 28 28 29 29 30 34 34 34 34 34 34 31 31 31 30 
0 0 3 3 3 -1 -1 -1 0 0 0 4 4 4 3 3 5 8 8 10 10 10 10 10 22 22 28 28 28 32 32 32 35 35 35 34 34 34 32 32 32 34 34 34 34 34 34 32 32 32 
0 2 2 2 2 2 2 2 2 2 2 2 2 2 2 2 8 8 8 12 12 12 12 12 17 28 28 29 36 36 38 42 42 42 39 39 39 36 36 36 37 37 37 38 38 38 33 33 33 34 
1 0 0 0 0 0 0 0 0 0 4 4 4 1 1 1 4 4 4 9 9 9 7 7 7 7 15 17 20 20 20 22 22 22 26 26 26 30 30 32 32 32 32 33 33 33 33 33 33 35 
0 0 0 0 0 -1 -1 -1 2 2 2 1 1 2 2 2 3 6 6 8 8 8 8 8 18 27 33 33 33 39 39 39 44 44 54 63 63 66 71 71 71 71 71 71 66 66 64 65 65 65 
4 1 1 1 3 3 3 2 2 2 4 4 4 3 3 4 9 9 9 14 14 14 14 14 28 30 30 32 37 37 37 38 38 38 35 35 35 34 34 36 42 42 42 43 43 43 41 41 41 44 
1 1 1 1 2 2 2 4 4 4 3 3 3 3 3 3 5 5 7 13 13 13 13 13 21 28 28 28 33 33 35 38 38 38 33 33 33 37 37 37 40 40 40 39 39 39 37 37 37 34 
2 2 1 1 1 1 1 1 1 1 1 1 1 1 2 2 2 7 7 8 8 8 8 8 15 18 23 23 23 25 25 25 33 33 34 44 44 48 50 50 50 51 51 51 45 45 45 44 44 44 
2 2 1 1 1 4 4 4 4 4 4 2 2 2 4 4 4 7 7 9 9 9 9 9 19 24 26 26 28 35 35 37 39 39 39 40 40 40 42 42 42 43 43 43 44 44 44 41 41 41 
4 1 1 1 3 3 3 4 4 4 4 4 4 2 2 2 6 6 7 13 13 13 13 13 17 23 23 26 30 30 35 38 38 38 42 42 42 44 44 45 48 48 48 51 51 51 46 46 46 46 
0 3 3 3 4 4 4 2 2 2 2 2 2 2 2 2 4 4 6 12 12 12 12 12 16 25 25 25 31 31 36 40 40 41 41 41 39 42 42 42 45 45 48 53 53 53 50 50 49 48 
2 1 1 1 4 4 4 4 4 4 1 1 1 4 4 4 4 4 4 10 10 10 7 7 7 7 15 19 19 19 39 39 39 32 35 35 35 40 40 40 43 43 44 48 48 48 50 50 50 46 
2 2 3 3 3 1 1 1 3 3 3 5 5 5 4 4 5 10 10 10 10 10 10 10 22 27 33 33 45 45 45 38 40 40 43 50 50 50 53 53 53 52 52 52 47 47 47 49 49 49 
2 2 2 2 2 2 2 3 3 3 2 2 2 3 3 3 5 5 8 11 11 11 11 11 18 25 26 27 32 32 32 37 37 37 39 39 39 42 42 42 51 51 52 61 61 61 64 64 64 63 
4 0 0 0 2 2 2 1 1 1 2 2 2 4 4 4 5 5 5 8 8 8 7 7 7 7 14 22 26 26 29 41 41 51 56 56 56 51 51 51 50 50 54 59 59 59 59 59 59 55 
1 1 1 1 1 0 0 0 -1 -1 -1 1 1 1 1 1 2 7 7 9 9 9 9 9 15 16 19 19 19 25 25 25 27 27 32 37 37 42 47 47 48 52 52 56 57 57 60 61 61 61 
0 1 1 1 1 1 1 -1 -1 -1 1 1 1 3 3 3 4 4 7 11 11 11 11 11 16 25 26 26 30 30 37 43 45 55 62 62 62 66 66 66 60 60 60 58 58 58 54 54 54 53 
-1 -1 1 1 1 1 1 1 0 0 0 2 2 2 2 2 2 6 6 8 8 8 8 8 16 18 24 24 27 30 30 34 41 41 42 44 44 44 39 39 39 40 40 40 39 39 39 38 38 38 
3 1 1 1 2 2 2 0 0 0 2 2 2 1 1 1 4 4 4 8 8 8 8 8 16 24 25 25 27 27 29 37 37 37 35 35 35 36 36 36 43 43 43 42 42 42 44 44 44 44 
1 -1 -1 -1 -1 -1 -1 0 0 0 0 0 0 2 2 2 3 3 4 9 9 9 9 9 15 20 20 24 31 31 34 34 34 36 40 40 41 49 49 49 52 52 55 64 65 65 64 64 63 58 
