2 2 2 2 4 4 4 4 4 4 3 3 3 6 6 6 12 12 12 23 23 23 30 30 30 36 36 36 35 35 35 31 31 31 29 29 29 30 30 30 31 31 31 30 30 30 32 32 32 30 
0 2 2 2 1 1 1 3 3 3 5 5 5 10 10 10 16 16 16 22 22 22 23 23 23 23 23 23 27 27 27 27 27 27 35 35 35 34 34 34 35 35 35 33 33 33 29 29 29 25 
1 4 4 4 3 3 3 3 3 3 9 9 9 11 11 11 19 19 19 27 27 27 27 27 27 29 29 29 34 34 34 33 33 33 34 34 34 34 34 53 53 53 53 53 53 39 40 40 40 40 
3 3 4 4 4 2 2 2 1 1 1 4 4 4 8 8 8 19 19 28 42 42 45 62 62 91 91 91 91 91 93 93 82 82 82 83 83 83 75 75 75 47 42 40 8 8 7 5 5 5 
3 2 2 2 3 3 3 3 3 3 7 7 7 8 8 8 16 16 16 29 29 29 35 35 35 43 43 43 43 43 43 43 57 57 62 62 62 62 62 62 65 65 65 64 64 64 60 60 60 61 
3 2 2 2 1 1 1 7 7 7 6 6 6 8 8 8 12 12 12 20 20 20 25 25 25 24 24 24 32 32 32 33 33 33 35 35 35 39 39 39 42 42 42 44 44 44 44 44 61 61 
4 2 2 2 3 3 3 5 5 5 7 7 7 5 5 5 9 9 9 21 21 21 28 28 31 46 46 52 52 52 52 52 70 70 81 81 81 85 85 88 98 98 113 123 136 147 161 161 161 147 
2 3 3 3 3 3 3 5 5 5 5 5 5 10 10 10 16 16 16 29 29 29 36 36 36 43 43 43 39 39 39 39 47 61 61 61 60 60 45 45 45 45 45 41 41 41 46 46 46 54 
3 4 4 4 4 4 4 4 4 4 4 4 4 11 11 11 17 17 19 31 31 31 43 43 44 60 60 60 60 60 64 77 77 77 91 91 91 98 98 99 111 111 111 111 111 111 98 98 98 83 
1 -3 -3 -3 -1 -1 -1 1 1 1 3 3 3 6 6 6 11 11 17 29 29 33 43 43 63 63 63 63 63 93 124 126 152 152 144 144 144 140 140 140 132 132 138 143 143 147 155 155 156 156 
-3 -3 -1 -1 -1 -3 -3 -3 -2 -2 -2 5 5 5 6 6 6 15 15 20 30 30 32 38 38 58 58 58 58 58 79 79 72 72 72 63 63 63 58 58 58 68 68 72 79 79 79 75 75 74 
0 0 -1 -1 -1 2 2 2 1 1 1 3 3 3 6 6 8 18 18 28 35 35 36 46 46 54 54 54 54 54 69 69 65 65 65 60 60 60 55 55 55 56 56 56 62 62 62 51 51 51 
-2 -2 1 1 1 0 0 0 0 0 0 3 3 3 9 9 10 17 17 22 28 28 29 34 34 43 43 43 43 43 59 61 72 72 72 67 67 67 62 62 62 59 59 59 58 58 62 67 67 67 
-1 -1 0 0 0 -1 -1 -1 1 1 1 3 3 3 6 6 6 12 12 24 29 29 36 49 49 86 86 86 86 86 106 113 113 113 113 87 87 87 82 82 82 82 82 82 89 89 89 83 83 83 
-3 -3 -1 -1 -1 -1 -1 -1 -1 -1 -1 3 3 3 6 6 7 14 14 20 26 26 26 29 29 33 39 39 39 45 45 45 45 45 49 54 54 54 61 61 61 61 61 61 59 59 60 65 65 65 
-2 -1 -1 -1 -1 -1 -1 0 0 0 2 2 2 8 8 8 15 15 18 29 29 29 34 34 41 53 53 53 53 53 63 73 73 74 75 75 75 77 77 77 77 77 77 87 87 89 97 97 97 99 
-1 1 1 1 0 0 0 0 0 0 3 3 3 9 9 9 13 13 17 28 28 28 36 36 45 56 56 56 56 56 56 59 59 59 59 59 59 62 62 62 65 65 65 62 62 62 65 65 65 63 
-2 -2 -2 -2 1 1 1 -2 -2 -2 1 1 1 4 4 5 12 12 12 21 21 21 25 25 27 34 34 42 53 53 53 53 53 53 47 47 47 46 46 47 53 53 53 53 53 53 54 54 54 52 
0 0 0 0 0 -1 -1 -1 0 0 0 2 2 2 9 9 9 19 19 27 29 29 29 30 30 36 47 47 47 47 47 47 47 85 86 86 86 83 62 62 61 67 67 70 73 73 73 70 70 70 
1 -3 -3 -3 0 0 0 3 3 3 3 3 3 7 7 10 15 15 19 29 29 29 37 37 42 42 42 42 42 62 86 86 86 86 64 64 64 61 61 61 63 63 64 72 72 72 66 66 66 67 
-1 0 0 0 1 1 1 0 0 0 2 2 2 4 4 6 12 12 15 25 25 25 28 28 28 33 33 44 44 44 44 44 71 95 95 95 95 81 81 81 77 77 77 82 82 82 81 81 81 73 
2 0 0 0 1 1 1 0 0 0 5 5 5 7 7 8 17 17 19 30 30 31 36 36 44 44 44 44 44 66 94 94 94 94 94 98 98 93 93 93 91 91 91 84 84 84 85 85 85 82 
1 1 1 1 -1 -1 -1 -1 -1 -1 0 0 0 3 3 3 8 8 10 20 20 20 28 28 31 36 36 50 50 50 50 50 72 108 110 131 131 130 122 119 86 86 85 81 81 81 83 83 83 76 
2 2 0 0 0 0 0 0 1 1 1 0 0 0 4 4 5 13 13 21 32 32 36 46 46 75 75 75 75 75 77 86 99 99 99 97 97 94 81 81 81 87 87 87 87 87 87 85 85 85 
-2 -1 -1 -1 0 0 0 0 0 0 1 1 1 4 4 5 11 11 14 21 21 21 26 26 29 38 38 41 45 45 45 45 45 45 45 49 49 49 49 49 44 44 45 50 50 50 53 53 53 53 
1 1 1 1 0 0 0 1 1 1 0 0 0 1 1 1 7 7 9 22 22 22 28 28 35 45 45 45 46 46 46 46 46 67 84 84 100 113 113 113 101 101 101 82 82 82 83 83 83 79 
0 0 2 2 2 -1 -1 -1 2 2 2 3 3 3 8 8 8 17 17 22 29 29 33 43 43 72 72 72 72 72 84 84 83 83 78 60 60 60 55 55 55 59 59 59 57 57 57 51 51 51 
-2 -2 1 1 1 2 2 2 5 5 5 4 4 4 11 11 11 18 18 22 28 28 32 35 35 56 56 56 56 56 90 98 98 98 96 72 72 72 66 66 66 69 69 69 68 68 68 64 64 64 
0 -1 -1 -1 2 2 2 1 1 1 2 2 2 7 7 7 17 17 19 29 29 33 38 38 38 41 41 41 42 42 42 42 42 42 42 42 39 41 41 41 34 34 34 42 42 42 38 38 38 37 
1 0 0 0 0 0 0 0 0 0 5 5 5 8 8 8 17 17 19 23 23 23 31 31 31 40 40 48 48 48 48 48 61 61 58 58 58 57 57 57 62 62 62 54 54 54 52 52 52 55 
0 0 0 0 2 2 2 -1 -1 -1 2 2 2 6 6 6 7 7 10 20 20 21 28 28 28 36 36 39 46 46 46 46 46 58 58 58 58 58 76 78 84 84 84 72 72 72 68 68 68 70 
2 -2 -2 -2 2 2 2 2 2 2 4 4 4 5 5 5 12 12 15 24 24 24 31 31 34 46 46 46 48 48 48 48 60 60 65 65 65 62 62 62 67 67 67 63 63 63 62 62 62 60 
1 2 2 2 2 2 2 0 0 0 4 4 4 5 5 5 11 11 15 26 26 26 31 31 34 47 47 47 47 47 61 72 72 73 80 80 80 68 68 66 68 68 68 73 73 73 71 71 71 66 
1 0 0 0 3 3 3 -2 -2 -1 3 3 3 2 2 4 12 12 17 31 32 36 43 43 46 46 46 46 46 46 48 62 62 71 83 83 83 79 79 75 60 60 60 65 65 65 68 68 68 65 
2 2 -1 -1 -1 2 2 2 0 0 0 2 2 2 6 6 6 14 14 21 27 27 27 32 32 36 49 49 49 49 49 49 56 56 56 58 58 58 59 59 59 59 59 59 60 60 60 64 64 64 
3 4 4 4 0 0 0 1 1 1 4 4 4 6 6 6 10 10 14 22 22 22 28 28 37 47 59 59 59 59 93 104 104 104 97 97 94 92 92 92 96 96 96 83 83 83 83 83 83 82 
1 0 0 0 0 0 0 3 3 3 4 4 4 6 6 6 10 10 12 25 25 25 32 32 43 47 63 63 63 63 112 115 151 160 160 159 152 132 132 128 112 112 130 130 129 129 129 120 120 120 
16 16 16 16 16 16 16 16 16 16 16 16 16 16 16 16 16 16 16 20 20 20 21 21 21 18 18 18 25 26 26 33 36 41 51 69 69 69 69 81 96 96 96 83 83 83 85 85 85 88 
0 0 1 1 1 2 2 2 2 2 2 4 4 4 5 6 9 14 19 24 25 28 31 34 40 51 54 54 54 54 67 70 74 77 77 81 81 81 81 82 82 81 81 81 74 73 70 60 60 60 
1 1 1 3 3 3 0 0 0 3 3 3 4 4 6 9 12 13 16 26 26 28 29 33 39 41 43 43 43 43 43 54 54 55 58 59 64 66 66 69 69 69 66 66 66 64 64 64 63 63 
1 1 1 1 1 1 1 1 3 3 3 6 5 5 5 10 10 13 16 24 26 27 30 34 36 48 52 52 52 52 54 54 52 52 52 54 62 66 70 76 76 69 69 67 64 64 64 69 71 72 
1 1 1 2 2 2 1 1 1 1 1 1 4 5 5 8 12 13 17 25 27 33 35 36 40 49 61 61 61 61 61 64 64 64 67 67 70 73 74 79 80 80 84 82 82 79 77 77 76 76 
2 2 2 3 2 2 2 2 2 1 1 1 5 5 6 10 10 17 19 25 36 36 43 57 59 82 82 82 82 115 115 114 105 91 91 91 92 97 98 102 105 105 100 100 99 95 93 92 92 92 
0 0 0 2 2 2 1 1 1 2 2 2 5 6 6 8 13 17 19 28 35 37 43 49 55 65 65 65 65 90 96 117 121 125 130 130 128 128 127 126 126 126 133 133 133 123 123 122 121 121 
2 2 0 0 0 1 1 1 1 1 1 2 2 2 4 4 6 14 17 22 24 27 27 31 37 49 54 54 54 54 67 67 74 77 77 83 87 87 89 91 91 86 86 86 84 84 84 85 86 86 
20 20 20 11 2 2 2 4 4 4 2 2 2 1 1 1 1 1 1 2 2 2 0 0 0 0 0 0 0 0 0 0 0 0 1 1 1 1 1 1 0 0 0 -1 -1 -1 2 2 2 3 
3 0 0 0 0 0 0 1 1 1 3 3 3 5 5 5 11 11 19 27 27 30 36 36 48 48 48 48 48 59 72 72 72 72 70 70 78 86 94 105 111 111 111 110 110 110 101 101 101 105 
2 2 0 0 0 3 4 4 2 2 2 4 4 4 6 6 8 14 16 20 23 30 31 33 43 61 61 61 61 61 104 115 115 101 91 77 75 75 75 77 86 92 104 115 115 119 119 100 100 97 
0 1 1 1 3 3 3 7 7 7 4 4 4 8 8 8 11 11 14 22 22 22 27 27 27 36 36 42 51 51 51 51 51 51 51 67 67 65 65 65 68 68 68 68 68 68 72 72 72 73 
0 0 0 0 1 1 1 2 2 2 2 2 2 8 8 8 11 11 16 25 25 25 35 35 43 43 43 43 43 62 67 72 72 72 71 71 75 81 81 81 84 84 84 82 82 82 77 77 77 78 
1 1 1 1 1 2 2 2 1 1 1 2 2 2 6 6 6 11 11 20 25 25 29 33 33 43 53 53 53 53 53 62 62 62 62 62 83 87 93 93 93 89 89 89 80 80 80 86 86 86 
-1 0 0 0 -1 -1 -1 1 1 1 0 0 0 2 2 2 7 7 10 20 20 27 34 34 42 55 60 102 102 102 102 210 388 388 385 275 208 153 137 131 114 114 119 126 127 127 119 102 78 35 
-3 0 0 0 1 1 1 0 0 0 2 2 2 4 4 4 10 10 16 25 25 27 34 34 51 51 51 51 51 69 69 56 56 51 44 44 44 51 51 59 69 69 69 75 75 75 65 65 65 63 
-1 -1 1 1 1 2 2 2 1 1 1 4 4 4 5 5 12 15 15 26 32 32 36 44 44 68 68 68 68 68 71 71 80 80 80 71 71 71 67 67 67 61 61 61 65 65 65 68 68 68 
0 0 1 1 1 1 1 1 3 3 3 2 2 2 7 7 7 14 14 20 24 24 24 26 26 35 46 49 49 49 49 70 70 70 70 70 88 88 85 85 81 77 77 77 80 80 80 85 85 85 
0 0 0 0 -1 -1 -1 1 1 1 2 2 2 5 5 5 8 8 8 21 21 22 30 30 34 45 47 47 47 47 56 59 59 59 55 55 55 59 59 62 67 67 67 68 68 68 67 67 67 61 
0 0 2 2 2 0 0 0 0 0 0 4 4 4 8 8 12 19 19 30 36 36 43 47 47 70 70 70 70 70 71 71 75 75 75 72 72 72 71 71 71 72 72 72 74 74 74 73 73 73 
0 1 1 1 1 1 1 1 1 1 3 3 3 6 6 6 13 13 17 27 27 27 36 36 47 53 61 61 61 61 82 91 91 91 76 76 76 74 74 74 74 74 74 77 77 77 72 72 72 66 
1 0 0 0 -1 -1 -1 2 2 2 4 4 4 3 3 3 7 7 8 20 20 20 24 24 25 30 30 34 43 43 43 40 40 40 40 47 49 57 57 57 62 62 62 65 65 65 61 61 61 63 
2 2 1 1 1 0 0 0 2 2 2 2 2 3 8 8 11 16 16 27 33 33 39 45 45 61 61 61 61 61 77 80 93 93 103 111 117 119 125 125 125 125 125 125 119 119 119 116 116 116 
0 -1 -1 -1 2 2 2 -1 -1 -1 3 3 3 8 8 8 14 14 18 30 30 37 39 39 54 54 54 54 54 69 69 69 69 69 64 64 64 67 67 67 73 73 73 77 77 77 76 76 76 78 
1 0 0 0 1 1 1 1 1 1 3 3 3 2 2 3 7 7 14 28 28 30 36 36 46 46 46 46 46 68 69 78 78 78 69 69 69 74 74 74 78 78 78 75 75 74 73 73 73 74 
1 1 4 4 4 4 4 4 3 3 3 4 4 4 7 7 9 16 16 23 30 30 32 36 36 41 50 50 50 50 50 56 65 65 73 83 83 90 95 95 95 93 93 93 88 88 88 84 84 83 
1 1 1 1 1 2 2 2 4 4 4 2 2 2 3 3 4 15 15 20 25 25 27 35 35 44 44 44 44 44 60 66 69 69 69 69 69 69 70 70 70 74 74 74 74 74 74 72 72 72 
1 1 1 1 2 2 2 3 3 3 2 2 2 6 6 7 11 11 17 26 26 26 33 33 37 46 48 48 48 48 59 67 67 67 72 72 72 75 75 76 82 82 82 81 81 81 78 78 78 78 
1 3 3 3 3 3 3 2 2 2 1 1 1 3 3 3 7 7 10 21 21 21 28 28 35 44 50 50 50 50 68 76 76 76 78 78 78 78 78 78 85 85 87 91 91 91 91 91 91 83 
1 1 1 1 1 1 1 3 3 3 2 2 2 4 4 4 8 8 8 20 20 20 24 24 25 32 32 41 41 41 69 69 69 69 69 69 68 73 73 75 82 82 82 90 90 90 88 88 88 87 
4 4 0 0 0 0 0 0 4 4 4 5 5 5 8 8 10 18 18 26 32 32 36 46 46 73 73 73 73 73 73 73 71 71 76 85 85 89 96 96 96 90 90 90 86 86 86 84 84 84 
0 2 2 2 1 1 1 1 1 1 2 2 2 4 4 4 10 10 16 25 25 25 30 30 38 48 50 50 50 50 61 70 70 70 70 70 70 75 75 79 84 84 92 95 95 98 104 104 104 103 
2 1 1 1 3 3 3 1 1 1 4 4 4 3 3 3 9 9 9 20 20 20 22 22 25 31 31 48 48 48 48 48 84 101 106 106 106 95 95 95 96 96 98 106 106 106 110 110 110 104 
1 1 2 2 2 2 2 2 2 2 2 5 5 5 5 5 6 14 14 23 29 29 29 36 36 40 46 46 47 55 55 55 55 55 67 74 74 83 93 94 98 103 103 106 113 113 115 120 120 120 
0 0 0 0 0 0 0 1 1 1 2 2 2 8 8 8 13 13 15 27 27 27 31 31 37 48 50 50 50 50 74 82 86 99 106 106 106 111 111 111 105 105 105 105 105 105 97 97 96 95 
2 2 2 2 2 3 3 3 4 4 4 5 5 5 7 7 7 16 16 22 32 32 32 39 39 45 57 57 57 57 57 72 84 84 86 88 88 88 79 79 77 79 79 79 81 81 81 79 79 79 
2 1 1 1 3 3 3 0 0 0 4 4 4 3 3 3 12 12 13 21 21 25 32 32 38 46 49 49 49 49 62 70 70 70 70 70 70 73 73 73 79 79 82 83 83 83 84 84 84 87 
1 0 0 0 1 1 1 4 4 4 0 0 0 4 4 4 13 13 15 24 24 25 31 31 37 46 49 49 50 50 50 50 50 70 78 78 84 87 87 90 99 99 101 115 117 117 111 111 110 102 
