1 1 1 0 0 2 4 5 5 5 7 13 17 19 22 22 22 19 16 12 10 5 4 3 2 1 1 1 0 0 0 0 0 0 0 0 1 1 1 1 1 0 0 2 2 0 0 1 1 1 1 0 0 0 0
0 0 0 0 1 1 2 2 2 3 4 7 14 17 21 26 30 30 32 33 33 33 33 36 36 36 36 36 32 30 29 29 27 26 26 26 26 25 25 25 25 24 23 22 22 20 20 20 20 20 20 20 15 11 10
1 1 1 1 1 2 1 2 3 3 5 6 13 18 23 28 29 31 32 34 34 33 33 33 32 32 32 32 32 32 35 35 35 35 34 32 33 32 30 29 29 29 28 27 27 25 25 25 25 25 25 25 23 21 21
-1 -1 0 0 0 0 0 1 1 2 3 3 7 13 24 34 46 50 54 57 58 62 62 63 63 61 54 49 40 36 32 29 24 24 24 24 24 24 24 17 14 12 12 11 10 9 7 5 5 5 3 3 3 2 1
0 0 0 0 0 1 0 2 2 3 6 9 11 15 21 24 27 27 27 30 30 30 31 31 28 25 24 18 17 17 15 15 15 19 19 11 9 8 7 7 5 4 3 2 1 2 1 1 1 0 1 0 1 1 1
3 1 1 1 1 1 1 2 3 4 7 10 11 17 21 22 24 24 26 26 26 24 24 24 23 19 18 16 14 12 7 7 4 3 3 2 2 1 1 1 1 2 1 0 0 0 1 0 1 0 1 0 0 0 1
-1 -1 0 0 -1 -1 -1 0 1 5 5 8 13 18 20 26 30 31 34 34 35 35 38 38 37 34 31 23 21 16 9 9 8 8 8 7 3 3 2 1 1 1 0 0 0 1 0 0 0 0 0 0 0 1 1
0 0 0 0 0 0 1 1 3 4 5 8 12 16 20 22 26 26 26 28 28 28 28 27 26 25 20 18 15 14 13 11 9 8 8 7 4 4 3 3 0 0 -1 -1 0 0 0 0 0 -1 -1 -2 1 -1 -1
1 1 -1 -1 0 1 1 2 2 3 5 12 14 18 20 24 24 24 24 24 24 24 24 23 21 15 15 15 15 15 15 8 6 3 2 1 1 0 -1 0 -1 0 -1 1 -1 -1 -1 -1 0 0 0 -1 -1 0 0
0 0 0 1 0 1 0 1 1 3 3 3 9 15 19 27 31 34 35 37 37 37 37 37 34 25 21 11 11 8 7 7 5 5 2 2 2 2 0 0 0 0 0 -1 -1 1 1 1 1 1 -1 -1 -1 -1 -1
1 0 0 -1 -1 -1 0 0 1 2 5 7 11 14 20 21 21 21 15 9 6 4 3 2 2 2 1 0 0 1 1 0 0 0 0 0 0 0 0 0 0 0 0 0 0 0 0 -1 -1 -1 0 0 0 0 0
0 0 -1 -1 0 1 1 0 0 0 3 7 11 17 22 26 27 27 27 27 27 25 24 20 15 15 15 12 11 10 6 6 5 2 0 1 1 1 0 0 0 -1 -1 -1 0 -1 0 -1 -1 -1 0 0 0 0 0
-1 -2 -2 -1 -1 0 0 0 1 0 4 4 9 16 20 23 26 26 31 32 34 34 36 36 40 41 41 41 41 41 41 36 26 17 11 11 10 8 6 6 6 4 3 1 1 0 0 0 0 0 0 -1 0 -1 0
-1 0 0 1 0 1 0 -1 -1 0 2 5 7 14 21 27 32 32 33 35 35 37 36 36 34 28 24 20 14 11 8 6 6 6 6 4 2 1 1 1 0 -1 -1 -1 0 0 0 0 0 -1 -1 -1 0 0 -1
-1 -1 -1 1 1 2 2 3 5 6 10 12 15 17 18 19 19 18 18 18 18 18 17 11 9 6 3 3 2 2 1 0 0 0 1 0 0 -1 0 0 0 0 0 0 1 1 -1 -1 -1 0 0 0 0 0 -2
1 0 0 0 0 0 0 0 0 0 1 3 10 11 20 26 26 28 28 28 28 26 25 20 16 16 12 12 10 8 7 7 6 4 2 1 1 1 1 0 0 0 1 1 1 0 0 0 -1 -1 0 0 0 0 -1
0 0 0 0 0 0 1 2 2 2 3 8 11 18 24 30 30 31 31 31 31 30 28 25 19 17 15 13 12 11 11 7 5 4 3 3 3 2 2 2 2 0 -1 -2 -2 -1 -1 -1 -1 -1 -1 -1 -1 0 0
1 0 0 -1 0 1 1 1 3 3 3 5 13 18 21 21 20 18 12 7 6 4 3 2 2 1 0 0 -2 -2 0 0 0 -1 -1 -1 -1 -1 -1 -1 -1 0 0 0 -1 -1 -1 -1 -1 0 0 0 0 0 -1
1 1 0 0 0 1 1 3 3 5 7 8 14 18 22 25 25 25 25 25 23 23 22 21 16 12 11 5 5 5 2 2 1 1 1 2 2 2 0 -1 0 -1 -1 -1 -1 -1 -1 0 0 -1 -1 -1 0 0 -1
1 1 0 0 1 1 1 2 1 2 3 7 10 16 24 31 33 35 36 36 36 36 35 32 30 23 22 18 13 13 12 10 9 9 7 3 3 1 1 0 -1 0 0 0 0 0 0 0 -2 0 -1 -1 -1 -1 0
0 0 0 1 1 0 0 1 4 7 9 12 16 19 20 22 20 20 18 14 8 6 6 2 2 2 2 0 0 0 1 0 0 0 0 0 0 0 0 0 0 3 3 0 -1 -1 1 1 0 0 0 1 0 0 -1
1 0 1 2 2 2 0 3 3 4 5 6 11 18 24 28 30 30 30 30 31 31 29 24 21 18 18 16 12 12 12 10 8 6 6 3 2 1 0 0 2 2 2 2 1 2 1 1 1 1 0 0 1 1 1
-1 0 2 2 0 0 3 3 3 4 6 9 15 18 21 22 22 20 19 16 13 10 7 6 3 2 1 1 1 1 1 1 1 1 1 1 1 1 0 0 0 0 1 0 0 0 0 0 0 0 1 1 1 1 1
2 2 2 2 1 1 0 0 1 2 5 5 9 16 22 28 34 35 36 37 37 37 36 33 30 26 21 17 10 10 9 8 8 7 5 5 3 2 2 1 1 -1 1 1 1 1 1 1 0 0 0 2 2 0 0
1 0 0 1 1 2 0 2 2 3 5 7 11 19 24 29 31 31 31 30 29 28 25 21 18 12 9 9 10 10 8 7 4 3 3 2 2 2 1 1 1 1 0 0 2 2 1 1 1 1 1 1 0 0 0
2 0 0 0 2 2 0 0 0 5 5 8 14 19 25 32 34 34 34 34 34 34 34 32 26 24 19 19 17 15 14 11 10 8 6 4 2 2 2 1 0 0 0 0 0 0 0 0 0 1 0 1 1 1 1
0 1 1 1 1 1 1 2 2 3 4 4 7 13 21 27 31 32 34 34 33 33 33 33 33 27 21 17 17 12 11 11 9 7 7 5 4 4 2 2 1 2 3 3 2 1 1 1 2 1 1 0 0 0 0
0 0 0 0 1 1 2 2 3 3 5 8 9 19 21 23 24 24 24 22 18 18 13 7 6 3 3 3 2 0 0 2 2 0 0 1 1 1 1 1 1 1 1 0 0 0 0 0 2 0 0 0 0 1 0
1 0 1 1 1 1 1 1 2 2 5 7 10 14 21 23 24 25 24 23 22 19 17 13 10 6 6 3 2 1 1 1 1 1 0 0 0 0 0 0 1 1 1 1 0 0 0 0 0 1 1 1 1 1 1
1 1 0 0 1 1 1 2 3 3 4 6 9 10 20 25 27 27 29 29 28 28 28 26 24 21 18 14 14 14 13 12 11 11 8 6 4 2 2 1 0 0 0 2 2 -1 -1 -1 0 0 -1 -1 -1 1 -1
-1 -1 -1 -1 0 0 1 2 3 3 5 7 12 16 20 22 24 28 29 30 30 30 30 29 28 28 21 16 13 12 11 8 6 6 4 2 1 0 0 1 1 0 0 0 0 0 0 -1 -1 0 0 -1 -1 0 1
0 -1 -1 -1 0 0 1 0 1 2 3 7 11 17 21 25 25 25 25 29 29 28 28 28 29 29 27 27 25 19 19 17 16 14 14 13 13 7 6 5 3 1 0 0 1 1 0 -1 -1 -1 0 1 1 0 0
0 -2 0 0 1 1 1 3 5 6 8 14 18 19 23 23 22 19 18 13 7 7 6 4 4 2 0 0 0 0 -1 -1 -1 -1 -1 -1 -1 0 -1 0 -1 0 -1 0 -1 0 0 0 0 1 1 1 0 0 0
0 0 0 0 0 1 1 2 3 5 7 10 13 16 18 21 21 21 20 20 20 17 17 15 14 9 8 3 3 3 3 2 1 1 1 0 0 0 1 1 1 2 2 2 2 2 2 2 2 2 1 1 1 1 1
2 2 2 0 1 1 1 1 1 3 5 7 9 12 14 19 19 19 17 16 15 13 12 9 7 6 6 5 3 3 3 2 2 1 0 0 0 1 1 1 2 0 2 2 2 2 1 2 2 2 2 1 1 1 2
-1 0 0 0 0 0 0 1 1 1 1 4 7 9 15 18 20 20 20 20 20 20 20 19 17 15 13 10 10 10 10 10 10 7 7 5 4 2 2 3 3 2 0 0 0 0 1 0 0 0 0 1 2 2 0
1 1 0 0 0 0 0 1 2 3 4 5 9 15 19 25 28 31 31 31 32 33 33 31 29 23 19 16 13 12 11 11 9 9 7 7 4 3 3 2 2 0 0 0 1 1 2 2 1 0 1 1 1 0 0
-1 0 2 2 2 1 1 3 3 5 8 13 15 16 19 19 23 23 18 15 13 10 9 8 7 7 5 2 2 2 1 1 1 1 1 1 1 1 1 0 0 0 0 0 0 0 0 1 1 1 1 0 -1 0 0
1 0 0 1 1 1 2 3 3 3 4 6 6 13 18 22 26 26 26 27 27 23 23 23 19 15 13 13 13 13 13 13 8 7 4 2 2 2 2 2 2 2 2 2 2 2 2 2 2 2 1 1 1 3 3
2 1 1 1 1 1 2 3 3 3 7 8 11 16 19 26 26 26 26 26 25 24 23 19 15 10 10 10 10 10 10 7 4 4 4 2 1 2 2 2 2 2 1 2 2 2 1 1 1 1 2 2 2 2 1
1 0 0 2 3 2 3 3 3 3 7 7 10 16 21 24 24 24 24 24 24 24 23 19 14 13 13 13 13 13 13 8 6 3 3 3 3 3 2 2 2 2 2 2 2 2 2 2 2 2 2 2 2 1 1
3 3 3 3 3 4 4 4 4 6 7 8 11 14 18 23 23 23 23 23 23 23 23 20 16 11 10 10 10 10 10 10 5 5 3 4 3 2 2 2 2 3 3 -1 -1 1 1 2 1 1 1 1 1 1 1
2 1 2 1 2 2 2 3 3 5 9 10 14 18 21 21 19 18 16 15 11 11 11 9 6 5 3 3 3 3 3 2 2 0 1 1 2 2 1 1 2 2 2 2 1 1 1 1 1 1 1 1 0 0 1
0 0 0 -1 2 2 2 2 4 4 6 13 14 19 22 22 20 17 14 8 5 3 3 2 2 0 -1 -1 -1 -1 -1 -1 -1 0 0 0 1 0 0 0 1 1 0 -1 -1 0 0 0 0 -1 -1 -1 -1 -1 -1
1 1 1 1 1 1 1 1 1 4 5 8 12 17 25 33 33 33 36 36 36 36 35 34 26 18 14 13 8 8 7 7 5 5 2 1 1 2 2 1 1 1 1 1 1 1 1 1 0 0 1 2 2 2 1
1 2 2 2 2 3 1 2 3 5 6 13 15 19 23 23 18 13 12 9 6 4 2 1 1 1 -1 0 0 0 0 0 0 1 0 0 0 -1 0 0 0 0 0 0 -1 -1 -1 0 0 0 0 0 0 0 0
0 0 -1 -1 -1 -1 1 2 2 3 5 9 15 19 24 24 23 23 16 16 9 7 5 3 2 1 0 0 0 0 0 1 0 -1 -1 -1 -1 -1 0 0 -1 -1 -1 -1 -2 -2 -2 -2 -2 -2 -1 0 1 0 0
0 1 1 -1 -1 0 1 1 1 3 5 8 9 18 21 26 26 27 29 29 22 19 19 16 10 10 6 3 2 2 2 2 0 0 1 1 0 0 0 0 0 0 0 1 1 1 1 0 0 0 -1 0 -1 0 1
0 0 0 1 1 1 1 1 1 2 5 7 11 17 25 33 35 36 36 37 38 37 33 32 25 20 14 14 14 10 10 10 8 6 5 2 2 1 1 1 -1 -1 0 0 0 -1 -1 -1 -2 -1 0 0 0 -1 -1
0 0 -1 -1 -1 0 0 0 2 2 3 5 7 10 20 24 31 39 40 40 39 37 36 32 24 19 13 9 9 9 8 7 6 2 2 2 0 0 0 0 0 0 0 1 0 0 0 -1 -1 0 0 -1 -1 -1 -1
-1 -1 0 0 1 0 1 1 2 2 3 7 10 14 20 26 27 28 28 28 29 29 26 24 20 14 11 9 8 8 8 5 3 2 2 0 0 0 0 0 0 0 0 0 0 0 -1 -1 -1 -1 0 0 0 0 0
-1 0 0 0 0 0 0 1 1 2 2 5 5 12 20 30 38 42 42 41 40 38 37 26 17 17 12 12 12 9 8 6 4 2 4 1 1 1 0 0 -1 -1 -1 -1 1 1 1 1 0 1 0 0 0 -1 0
0 0 1 1 0 0 0 2 2 2 2 6 10 16 24 30 32 32 31 30 28 28 22 17 12 9 9 9 7 7 7 4 4 3 3 1 0 0 0 0 0 0 0 0 0 0 0 0 0 0 0 0 0 -1 0
-1 -1 -1 1 1 1 1 1 1 2 5 7 14 17 22 26 26 26 26 24 24 23 14 10 7 5 3 1 0 0 0 0 0 0 0 0 0 0 0 1 1 1 0 0 0 0 0 0 0 -1 0 0 0 0 -1
-1 -1 -1 0 0 0 0 1 1 4 6 6 10 16 24 30 32 32 32 32 32 30 26 23 16 16 13 13 11 10 10 7 5 5 2 2 2 1 0 0 0 0 0 -2 -2 0 0 0 1 1 1 -1 0 -1 0
1 1 0 0 0 1 1 1 0 2 4 6 10 12 20 20 19 18 14 8 7 4 2 1 1 -1 -1 0 1 1 1 1 1 0 0 1 1 -1 -1 0 0 0 -1 0 -1 0 -1 -1 -1 -1 0 -1 -1 -1 -1
-1 -1 0 0 0 0 0 0 0 1 2 3 8 11 17 21 25 25 24 24 24 24 23 22 15 9 9 9 9 9 9 5 3 2 2 2 2 2 2 1 0 0 0 0 0 -2 -2 2 2 -1 -1 -1 -1 -1 0
1 1 1 -1 -1 -1 0 1 1 1 2 4 8 10 15 22 25 25 27 27 25 25 20 20 19 10 6 6 6 6 6 6 3 2 2 2 1 1 0 0 -1 -1 -1 0 0 0 0 -1 1 -2 0 0 1 1 0
0 0 0 0 0 0 0 1 2 2 4 5 11 14 18 21 21 18 16 12 10 7 5 2 2 2 0 0 0 0 0 0 1 1 1 1 0 0 0 0 0 0 0 -1 1 -1 1 0 0 0 -1 -1 0 0 0
1 1 1 1 0 0 0 1 2 3 7 10 13 17 19 19 18 16 15 12 10 5 4 4 2 2 2 2 2 2 1 0 0 0 0 0 0 0 0 0 0 0 0 0 -1 -1 -1 -1 0 0 0 1 0 0 0
-1 -1 -1 -3 -1 -1 -1 0 0 0 2 5 9 16 20 29 29 25 25 25 20 20 19 14 10 7 4 1 0 0 0 -1 -1 -1 -1 -1 -2 -2 -2 -1 -2 -1 -1 -1 -1 -2 -1 -1 -1 -2 -2 -2 -2 -2 -1
-1 -1 -1 -1 -1 -1 -1 0 0 1 7 8 14 16 21 21 21 19 17 11 10 4 3 1 1 0 -1 -1 -1 0 0 0 0 -1 -1 -1 -1 -1 -1 -1 -1 -1 -1 -1 -1 -1 -2 -1 -1 -1 -1 -2 -2 -1 -1
0 0 0 0 0 0 0 1 1 1 4 8 12 18 22 22 22 19 16 16 13 9 5 4 2 1 1 0 0 0 0 0 0 0 -1 -1 -1 0 0 -1 -1 0 0 0 0 -1 -1 -1 0 0 0 0 0 1 1
0 1 1 1 2 2 1 1 2 2 4 11 12 18 22 22 22 22 22 19 16 13 10 7 7 4 2 2 0 0 1 1 1 1 0 0 0 0 1 1 1 1 1 2 2 2 1 1 1 1 1 1 1 1 0
0 0 1 1 1 1 2 2 2 2 2 5 9 14 21 24 26 26 28 29 30 30 29 27 25 21 14 14 10 10 9 8 7 7 5 3 3 2 2 2 1 1 1 0 0 1 3 1 1 0 1 1 1 0 0
 1 1 1 0 0 1 1 2 2 2 4 7 7 15 25 38 39 39 44 45 47 46 46 46 46 25 25 151 151 151 151 151 151 151 2 2 2 2 2 2 2 2 2 2 2 2 2 2 2 1 1 1 0 0 0
0 1 1 2 0 0 0 2 2 3 4 8 10 18 22 25 29 29 28 27 28 27 27 25 23 20 10 9 9 7 7 6 4 3 3 2 1 1 1 1 1 1 1 1 1 1 1 1 0 0 0 0 0 0 0
1 0 0 0 1 1 1 1 1 3 3 6 9 15 21 28 32 34 32 33 32 32 27 20 14 14 10 10 10 9 8 7 5 3 2 2 2 1 1 0 0 2 2 1 1 1 1 1 1 1 1 1 1 1 0
1 0 0 0 1 1 1 1 1 2 3 5 6 14 21 27 29 30 30 30 30 28 27 23 17 17 14 14 12 10 9 7 6 3 3 2 2 1 1 1 0 0 1 1 1 0 0 0 0 0 0 1 1 2 2
0 0 0 0 1 1 2 2 2 5 5 6 7 19 25 30 31 32 32 34 34 34 33 28 22 10 10 10 7 7 7 5 3 2 2 2 2 2 -1 -1 -1 -1 0 1 1 1 1 0 1 0 0 0 0 0 1
0 1 1 1 1 1 2 2 3 5 5 7 14 18 24 28 31 31 31 31 31 29 29 23 21 13 13 11 10 10 10 10 7 5 3 2 0 0 0 1 1 1 1 1 1 1 1 1 1 1 1 0 1 1 1
-1 -1 2 2 0 0 2 2 4 4 6 9 14 19 22 22 22 21 19 18 16 13 6 4 3 3 3 2 2 2 2 1 1 1 1 0 1 1 1 0 0 1 1 1 1 1 1 1 1 1 1 1 1 0 -1
1 0 0 0 1 1 2 2 2 4 4 8 14 19 23 28 28 28 26 26 26 26 25 23 20 16 14 11 11 10 9 8 6 4 3 3 2 2 2 2 2 -1 -1 0 0 0 0 0 0 1 1 1 1 1 0
0 0 0 1 1 1 1 1 5 5 5 7 15 16 21 24 27 27 28 28 26 26 26 26 26 26 21 18 11 8 8 7 6 5 4 4 2 1 1 1 1 1 1 1 1 1 1 -1 -1 0 1 0 0 0 0
1 1 0 0 1 1 2 2 2 3 3 5 8 16 24 30 30 32 33 33 35 35 33 31 28 24 21 15 14 10 9 7 7 6 6 5 3 3 1 2 2 2 2 2 2 1 0 0 0 1 1 0 0 0 0
-2 -2 -1 1 1 1 1 3 3 3 3 6 8 14 21 26 27 27 30 30 26 25 23 14 10 9 8 8 8 7 6 5 5 3 3 2 1 1 1 0 -1 -1 1 1 1 -1 -1 -1 -1 0 0 0 1 0 0
0 0 -1 -1 -1 -1 0 2 3 3 3 5 8 12 23 27 28 28 28 28 28 28 25 20 15 10 10 9 9 8 7 7 7 6 6 5 4 4 4 4 4 4 2 1 1 2 3 2 0 0 1 1 1 1 1
-1 0 0 0 0 0 1 2 1 2 2 3 9 13 23 31 32 32 32 33 31 31 29 20 11 11 11 8 7 8 9 9 8 8 7 7 7 7 7 7 7 7 3 3 3 3 0 0 2 2 1 1 1 0 0
-1 -1 1 1 1 1 2 2 1 1 2 5 12 18 24 24 24 16 10 10 10 10 10 10 10 10 5 5 6 6 6 6 6 6 2 1 1 0 0 0 0 0 0 1 -1 -1 -1 -1 0 0 0 0 -1 -1 -1
0 0 0 -1 -1 -1 -1 0 0 1 1 2 5 14 27 27 28 28 30 30 29 23 15 9 7 7 7 8 8 8 8 3 3 3 3 3 3 3 1 0 0 0 -1 -2 -2 -1 0 0 0 0 0 0 0 0 0
0 -1 0 -1 -1 -1 -1 0 -1 0 2 2 8 19 31 34 34 34 35 36 36 36 30 17 17 11 9 9 9 10 10 8 7 7 7 7 7 7 7 4 1 0 0 0 0 1 1 -1 -1 -1 0 -1 -1 -1 -1
0 0 0 -2 -2 -1 0 0 0 0 1 4 4 13 21 26 26 24 22 16 11 11 11 11 11 11 11 8 7 7 7 7 7 7 7 7 3 3 3 0 0 0 1 -1 1 0 0 0 -1 1 -1 -1 -1 -1 0
-1 -1 0 1 1 2 2 6 9 16 17 17 13 9 5 5 6 6 5 4 2 1 1 1 0 0 0 1 1 1 0 0 0 0 0 0 0 0 0 0 0 0 0 0 0 -1 -1 -1 -1 -1 1 0 0 0 0
0 0 -1 -1 -1 -1 -1 0 0 0 1 4 8 10 21 24 24 22 21 14 9 7 7 7 7 7 7 7 6 4 4 4 4 4 4 4 4 2 2 3 3 1 0 0 0 0 0 0 -1 -1 -1 0 0 0 -1
-1 -1 -1 -1 0 0 0 -1 -1 -1 0 1 6 17 23 28 31 31 29 27 26 24 17 8 8 8 8 7 7 7 6 6 2 2 2 2 1 2 1 2 0 0 -1 -1 -1 0 0 -1 -1 -1 -1 -1 0 0 0
0 0 0 0 0 0 0 -1 -1 0 0 3 7 17 27 29 29 31 31 31 30 28 18 11 10 10 8 7 6 6 3 2 2 1 1 1 -1 0 -1 -1 -1 0 0 0 -1 -1 -1 -2 -1 -1 -1 -1 -1 0 0
0 0 0 -1 0 -2 -1 -1 0 1 1 3 8 16 20 22 22 20 12 9 6 4 3 3 2 1 -1 -1 1 1 0 0 -2 -2 -1 0 0 0 -2 -2 -2 -1 -1 -1 -1 -2 -1 -2 0 0 0 1 0 0 -2
0 0 0 0 0 -1 -1 -1 1 1 3 4 10 16 19 20 20 17 11 11 11 11 11 6 6 5 5 4 4 3 3 1 0 0 0 0 -1 -1 -1 0 0 0 0 -1 -1 0 1 1 0 0 0 1 1 1 1
3 1 1 1 1 1 2 2 2 2 2 6 8 13 23 26 26 27 26 26 26 23 19 11 11 9 10 8 7 7 6 4 4 4 4 2 2 2 1 0 0 0 0 0 0 0 0 1 1 0 -1 -1 -1 -1 -1
-1 0 0 0 0 0 0 0 0 0 0 0 1 1 2 4 4 4 4 4 4 4 17 31 36 37 39 40 40 40 32 19 11 10 8 7 6 6 5 4 3 2 2 2 2 2 1 1 1 2 3 2 1 0 0
-1 0 0 1 1 0 0 -1 0 0 1 1 1 1 5 10 19 23 26 26 30 30 31 31 31 31 26 16 16 12 12 10 10 9 8 6 4 4 4 3 4 3 2 1 1 2 3 2 2 2 1 1 1 1 2
0 0 -1 -1 0 0 0 0 0 2 2 6 10 16 22 26 26 32 33 33 33 32 30 21 21 21 21 21 21 8 8 8 8 6 7 6 6 4 3 2 2 2 2 2 1 1 1 2 2 2 2 2 2 2 0
0 0 0 0 -1 -1 -1 -1 -1 -1 -1 0 0 1 5 10 20 27 29 36 36 35 35 34 28 15 15 12 10 9 7 9 7 5 5 3 3 2 2 1 2 1 1 1 1 1 1 1 1 1 1 1 1 0 0
-1 -1 -1 -2 -2 -1 0 0 0 0 2 2 9 13 22 24 24 21 14 8 7 5 4 3 2 2 2 1 0 -1 -1 0 0 0 -1 -1 -1 0 0 0 -1 -1 -1 -1 -1 -1 0 0 -2 -2 -1 -1 -1 -1 -1
-1 0 0 0 0 -1 -1 -1 -1 -1 1 1 2 14 23 30 36 38 41 41 40 37 27 13 13 10 10 9 8 8 8 8 6 6 4 4 4 4 4 4 4 3 2 1 2 3 3 2 1 0 1 0 0 0 -1
-1 -1 -1 -1 -1 0 0 0 0 0 -1 -1 0 1 1 5 12 21 28 31 31 31 30 26 23 16 9 8 7 6 6 7 7 5 3 2 2 1 0 0 0 0 0 0 1 1 2 2 2 1 0 0 0 0 0
-1 -1 0 -1 -1 -1 -1 -1 -1 0 1 2 3 9 20 28 31 31 32 32 30 24 17 14 8 7 7 7 6 5 5 3 3 3 1 0 0 0 0 0 1 1 1 1 -1 0 -2 0 0 0 0 1 1 -1 -1
-1 -1 -1 -1 0 -1 0 -1 1 1 1 3 10 18 23 27 27 25 16 15 9 6 5 4 4 2 2 3 3 3 4 4 4 2 0 0 0 0 0 0 -1 -1 -1 -1 0 0 0 1 1 1 0 0 0 0 0
1 1 1 3 10 18 23 -1 -1 -1 1 1 1 0 0 0 0 0 0 2 2 1 0 -1 -1 -2 -1 -1 -1 -1 -1 -1 0 0 1 1 -1 -1 -1 -1 0 0 -1 -1 0 2 2 9 17 26 34 37 37 35 24
0 -1 0 0 0 -1 -1 0 2 2 3 9 11 13 21 21 17 12 7 5 5 4 5 4 3 3 3 2 2 0 0 0 0 0 0 -1 -1 0 0 -1 -1 0 0 0 0 0 0 0 0 0 2 2 2 2 2
1 1 1 1 2 3 7 13 15 19 19 19 13 9 8 7 5 5 4 3 2 2 0 -1 0 0 0 1 2 2 1 0 -1 -1 -1 1 1 0 0 0 0 0 0 0 0 -1 0 -1 -1 -1 -1 -1 -1 0 0
0 0 -1 1 -1 -1 -1 0 0 2 3 5 7 19 21 21 22 22 13 9 6 6 4 3 3 2 2 3 3 2 2 2 1 1 0 0 0 0 0 0 0 -1 -1 0 0 -1 -2 -2 -2 -1 0 0 -1 -1 -1
-1 -1 -1 0 1 1 1 0 0 0 -1 0 0 0 2 4 4 11 20 31 37 37 36 35 36 39 39 35 35 33 22 22 22 22 22 22 22 22 22 11 10 10 10 9 9 10 10 9 9 9 9 9 9 9 6
-1 -1 -1 0 0 0 0 0 1 1 2 5 11 17 28 31 33 33 34 35 36 36 33 19 13 12 11 9 9 10 10 8 8 8 8 8 8 8 8 8 8 8 6 5 4 3 3 2 2 2 1 1 1 1 1
0 -1 -1 -1 -2 -1 -1 1 1 3 3 8 13 19 25 26 27 27 27 28 28 28 22 12 9 9 9 7 7 7 7 5 5 5 5 4 3 3 3 3 0 0 0 0 1 0 -1 -1 0 1 0 0 -1 -1 0
0 0 0 0 0 0 0 0 1 1 1 4 5 10 21 25 27 27 27 27 26 26 18 9 9 9 7 6 5 5 6 6 6 7 7 7 7 7 7 2 1 1 1 1 0 0 0 1 1 1 0 0 0 0 0
1 0 -1 -1 -1 -1 -1 0 -1 0 -1 0 0 1 1 3 4 9 15 22 25 25 25 22 20 14 11 6 6 6 6 6 6 6 4 4 4 4 4 4 1 1 0 1 0 1 1 1 0 0 -1 0 -1 -1 -1
-1 -1 -1 -1 -1 -1 0 2 3 3 5 8 14 18 20 22 22 13 7 6 5 5 5 5 4 3 3 3 2 0 1 0 0 0 -1 0 -1 1 0 0 0 -1 0 -1 -1 -1 -1 -1 -1 -1 0 -2 -2 -2 -1
0 0 0 0 -1 0 -1 0 0 1 2 5 11 19 20 20 18 14 10 8 7 7 7 3 3 3 3 2 1 0 0 -1 -1 0 1 0 0 0 1 1 1 1 1 0 0 0 0 0 0 1 1 1 0 0 -2
-2 -2 0 0 2 2 3 9 15 16 19 19 16 10 5 4 4 2 2 2 0 -1 -2 -2 -2 -2 -2 -2 -1 -1 0 -1 -1 -2 -2 -2 -1 -1 -1 -1 -1 -1 -1 -2 -2 -2 -2 -2 -2 -1 -1 -1 -1 -1 -2
-1 -1 1 1 0 0 0 -1 1 1 3 4 9 14 23 25 27 29 29 28 28 28 21 14 9 7 7 7 7 7 6 5 4 3 3 3 3 3 3 2 1 1 0 0 0 0 0 0 0 -1 -1 -1 0 0 0
-1 -1 -1 -2 0 -1 -1 -1 -1 2 2 5 8 14 18 22 22 17 11 6 5 5 5 5 5 5 6 6 4 3 3 1 1 -1 0 0 0 0 0 0 -1 -1 -1 -2 -2 -2 -1 -1 -1 -1 -1 -1 -1 -1 -1
-1 0 1 0 1 -1 -1 -1 -1 -1 -1 0 1 1 1 5 5 9 24 32 34 36 36 32 28 27 15 8 8 8 8 7 7 6 6 5 5 2 0 0 0 0 0 0 0 1 0 0 0 0 0 0 0 0 0
0 0 -1 -1 0 0 0 0 0 0 -1 -1 1 1 3 7 17 29 32 33 34 35 35 32 32 24 12 10 8 8 7 7 7 5 3 3 3 3 2 2 2 1 1 1 1 1 1 1 0 0 0 0 0 0 0
-1 -1 -1 0 -1 -2 -2 0 1 1 4 6 14 19 26 28 28 26 23 20 12 7 5 4 3 3 3 3 3 2 2 2 1 1 1 1 1 0 0 -1 -1 -1 0 0 -1 -1 0 0 0 0 1 1 1 0 0
1 1 1 1 1 1 1 1 0 0 2 3 3 3 5 10 19 25 34 36 36 34 33 28 16 11 8 8 8 8 8 6 5 5 5 3 3 3 3 2 1 1 1 2 2 1 1 1 1 1 1 1 1 1 1
0 0 0 1 2 1 1 1 1 1 1 1 3 3 1 0 0 1 1 0 0 0 1 1 1 1 0 0 1 1 0 0 0 1 1 1 0 0 0 1 0 1 0 1 0 1 0 1 1 1 1 1 1 3 3
0 0 0 0 0 0 0 0 0 1 2 2 3 4 6 12 18 22 29 29 28 22 18 16 10 8 8 5 3 2 1 1 1 1 0 1 0 -1 -1 0 1 2 2 2 1 1 1 1 1 1 1 2 2 1 1
0 0 0 1 1 1 1 1 2 2 2 3 10 16 21 25 25 23 17 9 6 6 4 4 3 3 2 2 2 2 1 1 0 1 0 1 1 1 1 1 1 1 1 1 1 1 2 2 2 0 0 1 1 1 1
-1 -1 -1 -1 -1 -1 -1 0 0 -1 -1 0 2 2 3 4 5 5 5 5 5 5 25 38 42 42 42 41 41 41 44 44 32 19 19 14 13 9 9 11 11 11 7 7 8 8 8 8 8 8 3 2 0 0 0
1 1 1 1 1 1 2 2 2 3 5 11 16 19 24 29 31 31 32 32 32 30 27 24 14 10 9 8 8 7 7 7 7 7 7 7 5 4 4 3 3 1 1 1 1 1 2 2 2 1 1 1 1 1 1
1 1 1 1 0 0 1 3 3 4 7 11 14 17 22 25 29 29 29 26 25 25 22 21 19 12 8 8 8 7 6 6 8 8 5 3 3 3 2 2 2 2 1 2 0 0 0 0 0 0 1 0 1 1 1
1 1 1 1 1 1 1 3 5 6 9 12 13 17 20 22 22 20 15 13 12 9 9 9 9 9 9 9 8 8 8 8 7 7 7 7 7 7 5 4 4 4 2 2 1 0 0 0 2 2 2 1 0 0 1
1 1 1 1 1 1 1 1 2 3 3 3 9 18 24 24 28 33 33 33 33 32 31 27 17 13 11 11 10 10 8 8 8 7 5 5 4 3 3 2 2 1 0 0 0 0 0 0 0 0 1 2 2 1 1
0 0 1 0 0 0 0 0 0 2 6 8 12 17 20 23 25 27 26 26 25 22 20 14 8 8 8 5 5 5 5 5 4 4 3 2 2 2 2 2 2 1 2 1 2 1 1 1 1 1 2 1 1 1 1
1 2 1 2 5 6 11 15 18 19 19 18 13 10 9 7 6 6 5 4 3 3 3 3 2 2 2 1 0 1 1 1 1 1 2 2 2 1 1 1 2 1 1 0 1 0 0 0 0 1 0 -1 -1 0 0
0 0 0 0 0 1 1 1 2 2 2 4 6 13 22 28 28 27 26 26 24 24 22 13 8 8 8 8 8 8 8 7 5 5 5 5 5 5 2 2 1 1 1 0 0 1 1 1 0 0 0 1 1 0 0
0 0 0 1 0 1 1 1 2 4 4 7 15 18 20 20 14 11 8 7 7 5 5 4 2 2 1 0 0 0 0 0 0 0 0 0 0 0 0 1 -1 1 0 1 1 1 1 1 -1 -1 -1 -1 -1 -1 0
0 0 0 0 0 0 0 1 0 1 4 7 10 15 23 25 26 26 26 25 20 16 11 11 11 11 11 11 9 7 6 6 6 6 6 6 2 2 2 2 2 1 1 1 0 0 0 0 0 0 0 0 -1 0 -2
1 0 0 0 0 2 3 3 5 13 15 18 18 17 11 8 6 6 5 3 2 2 0 0 1 1 0 0 0 -1 -1 1 1 1 1 1 2 2 -1 -1 -1 0 0 0 -1 -1 1 1 1 0 0 1 1 1 0
-1 -1 0 -1 -1 -1 -1 0 1 2 4 6 13 18 23 23 21 14 8 8 8 8 8 8 8 8 7 5 5 5 5 5 5 2 1 1 1 1 0 0 -2 -2 -1 0 -1 -1 -1 -1 -1 -1 -1 -1 -1 -1 -1
-1 -2 -1 -1 1 2 2 6 9 17 18 18 17 14 8 8 5 5 5 4 1 1 -1 -1 -1 -1 -1 -1 -1 -1 -1 -1 -1 0 0 0 0 0 -1 0 -3 0 -1 0 -1 -2 -2 0 0 0 -1 -1 0 0 0
0 0 1 1 1 1 1 2 8 12 14 19 19 15 11 7 6 6 6 6 6 6 6 5 3 3 2 1 0 -1 -1 -1 0 0 0 0 0 0 1 1 0 0 0 0 -1 -1 0 0 -1 -1 0 0 1 2 2
1 1 0 0 1 1 1 0 2 0 2 2 7 12 23 25 27 27 26 25 23 15 10 10 10 10 10 10 10 9 6 6 6 6 6 6 6 5 2 2 2 2 1 2 2 2 1 1 1 1 1 0 0 0 0
-1 1 1 -1 -1 1 2 2 2 2 3 5 6 13 20 24 24 21 18 11 9 9 8 8 8 8 8 7 5 5 5 4 3 3 1 0 0 1 1 1 1 1 0 0 0 1 1 1 1 2 2 0 0 2 2
2 2 2 1 1 2 2 3 4 4 4 5 9 17 22 30 30 29 29 29 27 25 24 17 14 13 12 11 11 11 9 8 8 7 7 7 7 7 7 5 4 3 3 2 2 5 5 2 2 2 1 2 2 2 1
0 0 1 1 1 1 2 2 3 3 3 3 7 14 22 27 29 29 29 29 28 27 25 17 16 13 13 9 9 10 10 10 10 9 8 8 8 8 8 8 8 6 6 6 3 3 3 2 2 2 3 3 2 1 1
1 1 1 1 1 1 1 1 3 3 4 8 11 17 22 22 20 19 14 11 10 8 7 7 6 4 3 3 2 2 2 2 2 2 2 1 1 1 1 1 1 2 2 2 1 0 1 -1 1 0 1 1 1 1 1
3 3 1 3 1 1 0 0 3 2 3 4 11 19 22 22 18 15 7 7 6 6 5 4 3 3 3 1 1 -1 1 1 2 2 1 1 1 1 0 0 0 0 0 0 0 1 1 -1 -1 1 1 0 0 1 2
0 0 0 1 1 2 2 0 0 1 2 3 6 11 22 37 40 42 42 42 44 44 44 38 22 22 22 22 22 22 22 10 9 9 9 9 9 9 7 7 2 2 2 2 2 2 4 4 3 2 3 1 1 1 1
-1 -1 0 0 0 0 0 0 0 0 1 0 1 2 3 7 15 28 33 33 33 36 36 34 34 31 16 10 8 7 7 8 8 6 5 3 3 2 2 1 0 0 0 0 0 0 1 1 1 1 1 1 1 0 -1
0 1 1 1 1 -1 -1 1 1 1 1 2 2 5 9 14 21 23 26 28 29 29 29 27 24 17 14 13 12 11 11 10 7 6 6 5 5 4 4 4 4 4 4 4 2 3 2 1 1 1 1 1 1 1 1
-1 0 0 1 1 0 0 1 2 4 4 6 14 16 21 24 24 22 13 7 5 5 5 5 4 4 3 3 3 3 2 2 2 2 3 1 1 1 0 0 0 1 1 1 1 0 0 -1 -1 1 1 1 0 0 0
1 0 0 0 1 1 1 1 1 1 2 2 2 2 5 8 15 18 23 29 32 32 31 26 25 23 16 10 7 7 7 7 7 7 7 7 5 4 4 1 1 1 2 2 2 3 2 1 1 1 1 1 1 1 1
0 0 0 -1 -1 1 1 0 0 1 2 2 2 1 1 1 4 5 5 5 5 5 5 5 23 30 32 33 38 40 43 43 41 35 22 22 22 22 22 22 22 22 22 8 8 11 11 9 9 8 8 6 6 6 6
0 0 -1 -1 1 1 0 0 1 2 2 2 1 1 6 6 3 2 2 1 1 1 0 0 0 0 0 0 0 0 0 1 1 0 0 1 1 1 1 0 0 0 0 1 2 2 1 1 1 0 0 0 1 0 0
0 0 0 0 0 0 0 0 1 1 1 1 1 2 2 5 8 16 19 21 24 24 23 16 12 8 8 6 6 6 4 4 3 3 3 3 2 2 1 1 1 1 1 0 0 -1 0 0 1 1 1 1 1 1 0
0 -1 -1 -1 0 0 0 0 0 0 0 0 2 2 2 4 8 15 20 24 28 32 34 32 32 29 27 22 12 12 12 11 11 11 11 10 8 8 8 8 8 8 8 9 9 6 3 3 3 3 3 3 3 2 1
1 1 2 0 0 0 0 1 1 -1 -1 2 2 3 8 14 24 29 36 41 41 41 36 34 24 13 13 11 10 10 10 10 8 8 7 6 6 6 6 6 6 5 4 3 3 2 2 1 1 0 0 0 2 0 1
0 0 0 -2 -2 -1 -1 -1 0 0 2 2 2 2 3 7 11 16 23 29 29 25 24 18 8 8 8 8 8 8 8 7 6 6 6 6 6 6 3 2 2 2 2 2 2 1 1 1 1 1 1 1 1 1 1
0 0 0 1 1 1 0 0 1 2 3 3 5 6 7 8 10 10 10 10 20 20 26 34 34 35 35 36 36 35 24 12 5 4 4 2 1 1 1 -1 -1 -1 -1 -1 -1 0 0 0 0 0 -1 -1 -1 0 0
1 1 1 0 0 -1 0 1 2 2 3 4 6 6 6 9 11 19 25 31 31 30 30 30 31 30 23 13 7 4 2 3 2 2 1 1 0 -1 -1 -1 0 0 0 -1 -1 -1 -1 -1 1 1 1 1 0 0 0
1 -1 -1 0 0 0 0 1 2 2 3 3 5 6 7 10 20 27 27 28 27 27 26 24 19 10 8 7 4 4 3 2 2 1 1 1 0 0 0 0 0 -1 -1 0 0 0 0 -1 -1 0 0 0 0 1 1
0 1 1 1 1 1 3 3 4 6 6 7 13 19 26 26 25 23 20 7 3 3 3 3 3 1 0 0 0 0 -1 0 -1 0 -1 -1 -1 -1 1 0 1 1 1 1 2 2 0 0 0 0 0 1 1 1 1
0 -1 -1 -1 0 0 2 2 4 4 5 6 8 19 23 23 18 9 3 2 1 0 0 0 0 0 0 1 0 0 0 0 0 0 0 0 0 0 1 1 1 1 1 0 -1 -1 -1 0 -1 0 -1 0 1 1 1
1 1 1 1 1 1 1 1 1 1 2 5 6 7 8 12 20 22 22 19 10 3 1 1 1 1 1 1 0 -1 0 0 0 1 1 2 2 2 2 2 3 2 3 4 4 3 3 2 2 2 2 2 1 0 0
0 0 0 0 2 2 2 3 5 5 7 10 15 18 22 22 12 5 1 0 0 0 0 0 1 1 1 1 1 1 1 1 1 1 1 1 1 1 1 1 1 1 0 0 0 0 -1 0 -1 1 0 0 -1 -1 0
1 1 1 4 4 4 5 7 8 13 15 17 15 7 3 2 1 0 1 0 -1 -1 -1 -1 -1 1 1 1 0 1 0 0 0 0 1 0 1 0 1 1 1 1 0 0 0 0 0 0 0 -1 -1 -1 1 1 1
2 2 2 3 4 4 5 9 12 17 17 17 12 7 2 0 0 0 0 -1 -1 -1 -1 -2 -2 -2 -2 -1 -1 0 0 -1 -1 0 0 0 -1 -1 -1 -1 0 0 0 -1 -1 0 0 0 -1 0 -1 0 -1 0 0
1 0 1 1 1 2 1 2 4 4 4 5 5 11 21 21 13 4 2 1 -1 -1 -1 0 1 1 1 -1 0 0 0 0 -1 -1 -1 0 0 0 0 0 0 0 1 0 1 -1 -1 -1 0 0 -1 -1 0 1 1
1 2 2 1 1 2 2 2 3 5 5 8 8 13 21 21 11 6 2 1 0 1 1 1 1 1 1 0 0 -1 1 1 1 1 0 0 1 1 2 2 2 0 0 0 1 1 0 0 0 1 0 2 3 3 2
0 0 0 -1 -1 1 1 1 4 4 6 6 6 8 26 26 15 11 7 3 1 1 1 1 -1 -1 0 0 0 -1 -1 -1 0 0 -1 -1 0 0 0 1 1 1 0 0 1 2 2 1 1 1 0 1 1 1 0
2 2 2 3 3 4 4 5 6 6 7 9 15 19 21 21 19 12 5 1 1 1 1 1 0 0 -1 -1 -1 -1 0 1 1 0 0 -1 0 0 0 0 0 0 0 0 0 -1 -1 -1 -1 0 1 0 -1 -1 -1
3 3 4 4 4 5 7 9 9 14 18 18 18 13 6 4 4 4 4 4 4 0 0 0 0 0 -1 -1 0 0 0 0 1 1 1 1 1 0 0 0 1 0 0 0 0 0 0 0 0 0 0 0 1 0 0
1 1 2 3 3 3 7 8 9 13 16 18 18 10 4 3 1 0 0 -1 -1 -1 1 1 0 -1 -1 2 2 2 1 2 2 2 1 1 1 1 0 0 0 1 0 0 0 0 0 0 0 0 0 0 0 0 0
0 1 1 1 0 1 2 2 4 4 6 8 11 18 24 24 13 5 2 1 1 0 -1 -1 0 1 1 1 0 0 0 0 -1 -1 1 1 0 0 1 1 1 1 0 1 1 1 1 1 0 1 0 1 1 2 2
2 2 2 1 2 2 4 4 5 5 6 10 10 14 21 25 28 30 31 31 31 31 23 10 4 4 3 1 1 0 0 0 0 0 0 0 0 0 0 0 0 -1 -1 -1 -1 1 0 0 0 0 0 0 0 0 0
2 3 3 4 4 5 5 7 10 13 15 17 17 15 9 7 3 1 1 1 0 0 2 2 0 0 0 0 0 0 1 1 1 1 1 0 0 -1 -1 -1 0 1 1 1 0 -1 -1 1 1 0 -1 -1 0 0 0
0 0 1 1 2 2 2 2 4 5 6 6 9 13 23 26 23 23 20 9 6 0 0 0 0 0 0 -1 -1 -1 0 1 1 0 0 0 0 0 0 0 0 0 0 0 1 1 1 0 0 0 0 0 0 0 0
2 3 3 4 4 8 8 8 13 17 17 17 8 6 3 1 1 0 0 0 0 0 0 -1 0 0 0 1 1 1 1 -1 1 0 1 0 -1 -1 0 1 1 1 0 0 -1 0 1 1 1 1 0 -1 0 0 0
2 2 2 2 4 4 4 5 7 7 7 11 17 19 23 23 20 12 5 3 3 3 3 1 1 1 1 1 1 2 1 1 1 0 1 1 1 2 2 1 1 1 1 1 1 2 2 2 1 1 1 1 1 0 2
0 0 0 0 0 0 1 2 3 3 4 6 6 6 5 5 5 9 9 17 17 12 6 4 2 2 1 1 1 1 -1 -1 -1 0 0 0 0 0 0 0 0 0 0 0 -1 0 0 0 -1 -1 0 0 0 0 0
-1 -1 -1 0 0 0 0 0 1 1 1 2 4 4 4 5 8 8 8 8 8 8 22 26 28 27 27 27 25 25 19 15 10 6 3 1 1 1 1 1 0 0 0 0 0 0 0 1 1 1 1 1 0 1 0
2 2 2 1 1 1 2 4 5 6 6 8 13 17 21 21 20 16 10 7 7 4 2 2 3 3 1 1 1 1 1 1 2 1 2 0 2 2 2 1 0 0 2 2 3 3 1 1 1 0 0 2 2 2 1
1 2 2 2 1 1 1 2 2 4 4 6 5 6 7 11 11 20 23 25 25 25 21 19 12 8 4 3 2 2 2 0 1 1 1 1 1 1 1 1 0 1 0 1 1 1 1 1 1 2 1 2 2 2 0
1 2 1 0 0 2 2 2 2 3 4 4 6 6 7 8 9 14 14 14 14 14 14 27 30 31 32 34 34 33 33 32 20 10 10 5 5 4 4 3 3 2 0 0 0 1 1 1 2 2 2 1 0 0 1
0 0 0 2 2 2 2 2 2 2 3 4 7 8 11 13 19 23 30 30 30 30 27 26 22 15 9 7 7 7 7 6 4 4 3 3 3 3 3 1 1 1 1 1 1 1 1 1 1 -1 -1 0 0 0 0
1 1 1 1 1 1 1 1 2 3 3 6 6 6 7 8 8 8 8 8 8 8 28 32 32 32 32 32 32 32 32 16 9 5 5 5 4 4 3 0 0 2 2 2 1 0 1 1 1 1 1 2 1 2 2
-1 0 0 0 0 0 0 1 2 2 3 4 4 5 7 7 11 18 25 25 26 25 25 13 11 3 3 3 3 2 2 2 2 2 2 2 2 0 -1 -1 0 0 1 0 0 0 1 1 -1 -1 1 1 1 1 1
5 5 5 5 5 7 9 12 12 16 18 18 14 7 4 3 2 2 1 0 1 0 0 0 1 1 1 1 1 2 2 2 1 1 1 1 0 0 1 1 1 1 0 1 0 1 1 1 2 2 0 0 0 0 0
2 2 2 3 4 4 5 5 9 11 14 19 19 17 8 3 1 1 0 0 0 0 1 1 1 1 1 2 1 2 2 2 1 0 0 2 2 0 0 0 0 1 0 1 0 0 0 0 1 1 0 0 1 1 1
2 2 3 3 3 4 4 6 6 11 16 19 19 16 5 2 2 3 3 2 -1 -1 1 1 1 1 1 0 0 1 0 0 -1 0 0 0 0 0 0 0 0 0 0 0 0 0 0 -1 -1 -1 -1 0 1 1 1
1 1 2 4 4 5 6 8 9 11 16 18 18 10 4 2 2 2 2 2 1 0 0 0 0 0 0 0 0 0 0 0 0 0 1 1 0 0 0 1 1 1 0 0 0 0 1 1 1 3 3 1 1 0 0
0 0 0 0 0 1 2 2 3 3 6 7 10 16 23 23 18 7 2 0 0 0 0 0 0 0 0 0 0 0 0 -1 0 0 0 0 0 0 0 0 0 0 -1 -1 0 1 1 0 0 0 1 1 1 1 1
0 1 0 0 0 0 0 0 2 3 6 6 8 9 10 16 24 40 40 27 21 16 6 3 3 3 3 3 3 3 -1 -1 2 2 2 2 2 2 2 0 0 -1 -1 0 0 -1 -1 -1 0 -1 -1 -1 1 1 0
0 1 1 1 1 2 3 4 4 5 5 8 11 15 21 21 21 11 4 2 0 0 0 0 1 1 0 0 0 0 0 0 0 0 -1 -2 -2 -1 0 -1 -1 -2 -1 -1 0 -1 -1 -1 0 0 0 0 0 0 0
1 1 2 2 3 2 2 2 4 4 5 6 7 10 10 10 17 18 22 22 20 17 3 2 0 0 -1 -1 -1 -2 -1 -1 0 -1 -1 -1 -1 -1 -2 -2 -2 -2 -2 -2 -1 -1 -1 -1 -1 -1 -2 -2 -2 -2 -2
-1 0 0 1 0 0 0 0 2 2 2 3 6 11 30 30 24 17 10 4 1 0 0 0 0 1 1 0 0 1 1 1 0 -1 -1 -1 1 -1 -1 -1 0 0 0 -1 -1 -1 -1 -1 0 1 1 1 0 -1 -1
0 1 1 1 0 0 0 0 2 2 2 3 3 8 9 9 21 37 37 27 21 17 13 4 3 3 2 2 2 2 2 0 2 2 2 1 1 1 2 1 1 1 1 2 2 2 1 1 0 0 0 0 0 0 0
0 0 1 -1 1 1 1 1 2 2 3 3 5 7 7 7 9 9 9 9 9 9 29 34 35 35 36 36 33 33 33 24 12 6 5 5 4 4 2 2 2 2 1 0 0 0 0 1 0 0 0 1 2 2 1
0 1 0 1 1 1 2 3 4 5 5 11 11 16 22 23 22 10 4 3 1 1 1 1 1 0 0 0 0 0 0 0 2 2 2 2 0 2 0 0 0 0 1 1 0 0 0 1 1 1 1 1 1 0 -1
0 0 1 1 0 0 -1 1 1 1 2 3 4 5 5 10 22 31 31 29 28 25 24 12 2 2 2 1 0 0 0 0 0 0 1 0 0 0 0 0 0 2 0 0 0 0 0 0 0 1 1 0 0 0 0
1 0 1 0 1 0 1 1 2 2 3 3 5 5 7 8 11 11 11 11 19 25 33 33 26 23 14 4 2 2 1 2 2 2 1 0 0 0 0 0 0 1 1 1 1 1 1 -1 -1 0 0 0 0 -1 -1
1 1 1 1 1 1 1 1 1 1 3 4 4 6 7 13 21 25 25 15 7 2 0 0 0 1 1 1 1 0 0 1 1 0 0 1 1 1 1 1 1 0 0 0 0 0 1 1 1 1 1 1 1 0 0
0 0 1 1 1 1 1 1 3 4 5 5 5 11 21 21 8 4 2 1 1 1 0 -1 -1 0 1 1 1 1 1 1 0 0 0 0 1 2 2 1 -1 -1 -1 0 1 1 1 1 1 0 0 0 1 -1 1
1 0 0 1 1 3 3 3 3 3 5 5 6 6 10 11 16 29 49 49 35 26 17 14 6 5 3 2 2 2 2 1 1 1 2 2 2 2 1 2 2 2 1 1 2 2 2 3 3 3 3 1 2 2 2
1 1 1 1 1 1 2 4 4 5 6 6 11 13 25 25 24 14 3 3 2 1 0 0 0 0 0 0 0 2 2 1 1 0 0 0 0 2 1 1 0 0 -1 -1 1 1 1 1 1 1 0 0 1 1 1
0 0 0 0 0 1 1 1 1 1 2 2 6 6 6 5 5 11 11 18 21 21 19 9 6 1 1 1 0 0 0 0 0 0 -2 -2 -1 -1 -1 -1 -1 -1 -1 -1 -1 -1 0 -1 0 0 1 1 1 0 0
1 0 0 2 2 2 2 2 2 3 3 4 4 6 9 13 23 30 38 38 38 35 29 26 15 9 5 3 3 3 3 3 3 3 1 1 1 1 1 0 0 0 1 1 1 1 1 1 1 0 0 0 0 0 0
1 1 1 1 3 3 3 4 4 5 7 8 10 15 21 22 22 9 4 1 1 1 0 0 0 0 0 -1 0 1 1 0 0 0 0 1 1 0 0 1 1 1 1 0 1 0 1 2 2 1 1 1 1 1 1
2 2 2 2 2 2 3 3 5 5 7 11 14 18 23 23 16 6 -1 -1 -1 -1 -1 -1 -1 -1 -1 -1 -1 -1 -1 -1 0 0 0 2 2 2 1 2 2 2 0 0 0 0 0 0 0 1 1 1 0 0 1
1 2 2 0 0 1 1 1 3 4 8 11 18 18 8 4 3 1 1 1 0 1 0 0 0 0 0 0 0 0 1 1 1 1 1 1 1 0 0 1 1 0 0 1 1 1 1 1 1 1 1 1 0 0 1
2 2 2 2 2 2 2 3 3 7 16 18 18 6 2 2 1 0 0 0 0 -1 -1 -1 -1 0 0 0 1 1 0 0 0 -1 -1 0 0 0 -1 -1 -1 -1 0 0 0 0 0 0 0 0 0 0 0 0 0
1 2 2 3 3 4 4 5 5 5 5 7 10 17 25 25 22 13 6 3 3 3 3 3 3 2 1 1 0 0 0 0 0 1 1 2 1 0 0 1 2 1 1 1 0 0 1 1 1 1 1 -1 -1 -1 -1
2 2 3 3 3 3 3 4 4 4 6 6 14 15 22 22 17 8 4 2 2 2 2 2 1 0 0 -1 1 -1 1 0 1 0 0 0 1 1 1 1 0 0 0 0 1 1 2 1 1 0 0 0 2 2 2
3 2 2 2 1 1 4 5 4 5 6 11 11 18 22 22 20 11 7 2 2 2 2 2 2 1 0 1 0 0 0 0 1 1 1 1 0 2 1 1 1 1 1 0 0 0 0 0 0 1 1 1 1 1 2
3 4 3 4 3 4 7 9 9 16 19 19 18 7 3 2 1 1 1 1 -1 -1 -1 1 0 1 0 1 0 -1 -1 -1 0 1 0 0 0 -1 -1 -1 1 1 1 1 1 1 1 1 1 -1 0 0 0 1 2
1 1 1 1 2 3 3 3 4 4 4 6 9 15 24 26 26 24 21 14 4 4 4 4 4 4 4 1 -1 -1 -1 -1 -1 -1 -1 0 0 0 -1 -1 -1 0 1 1 -1 -1 -1 0 0 0 0 0 0 -1 -1
-1 -1 1 1 1 1 1 2 2 3 3 3 3 6 6 6 10 18 25 25 24 23 14 7 3 2 2 1 -1 -1 -1 1 1 0 0 0 0 0 0 -1 0 -1 0 1 1 0 -1 -1 -1 0 0 0 1 0 0
2 2 3 4 4 4 5 6 9 13 17 17 17 10 5 2 2 0 0 0 2 0 0 0 0 0 0 0 0 -1 -3 -3 0 0 -1 -1 -1 0 0 0 0 -1 -1 -1 -1 0 0 0 0 -1 -1 0 0 -1 -1
1 1 1 2 2 2 3 5 7 10 14 16 17 16 7 3 3 1 1 1 1 2 0 1 1 1 0 0 1 1 0 0 0 1 1 0 0 0 1 0 0 -1 -1 -1 -1 0 -1 0 0 0 1 1 1 0 0
1 1 0 0 1 2 3 3 3 3 4 4 7 14 21 21 21 12 4 1 1 1 1 0 0 0 1 0 0 -2 0 0 0 0 -1 0 0 0 0 0 -1 0 0 0 0 0 0 -1 0 0 0 0 -2 -2 -1
-1 -1 1 1 1 1 1 2 2 4 4 6 9 15 20 20 18 7 4 3 3 1 1 0 0 0 1 1 1 -1 1 -1 -1 -1 0 0 0 -2 0 -1 0 -1 0 0 0 0 0 0 0 1 1 -1 -1 0 0
1 1 1 2 2 2 2 4 5 5 5 5 8 13 22 22 15 4 2 2 2 2 2 2 2 1 0 0 0 -1 -1 -1 -1 0 -1 -1 -1 0 0 -1 -1 -1 0 1 0 -1 -1 -1 -1 -1 0 0 0 0 0
1 1 -1 -1 0 0 0 0 2 2 3 3 4 4 6 13 21 21 12 3 2 1 0 0 0 0 0 0 0 -1 -1 -1 0 1 1 1 -1 1 0 0 0 0 0 0 0 -2 -2 -2 0 0 0 0 -1 -1 -1
0 0 0 1 1 1 2 3 3 3 4 4 5 6 6 8 11 11 11 11 11 11 11 24 31 31 36 36 35 29 25 19 7 4 4 4 5 4 2 2 1 0 0 2 2 2 1 1 1 1 0 0 0 0 1
1 1 1 0 0 0 2 2 2 2 3 4 5 7 7 9 14 14 14 14 14 14 37 38 38 38 38 36 36 29 16 6 6 5 4 3 3 3 2 2 2 2 2 2 2 2 2 2 1 1 0 0 0 0 0
-1 -1 1 1 1 2 3 3 2 2 5 5 7 7 7 9 9 9 9 9 9 9 9 21 29 38 40 40 40 39 39 39 17 8 7 6 6 5 4 3 3 3 3 2 3 2 1 1 1 1 1 1 1 1 1
0 1 1 1 1 1 1 1 1 1 1 2 2 2 2 3 3 3 3 2 2 1 2 0 1 1 2 2 2 2 3 4 6 6 6 6 7 8 10 19 24 27 27 22 20 16 6 6 3 3 2 2 1 0 0
1 1 1 1 1 1 1 2 2 3 5 5 6 8 8 10 10 10 10 10 10 16 25 36 36 40 41 45 45 45 28 11 11 7 5 4 4 4 2 2 2 1 1 1 1 1 0 0 1 1 0 0 0 0 0
1 1 1 1 1 1 1 2 3 3 3 3 5 8 8 10 20 20 20 28 38 38 37 31 28 22 11 6 4 4 3 3 3 2 1 1 1 1 0 1 0 1 0 1 1 1 1 1 1 1 1 0 0 -2 -2
1 1 1 1 1 1 1 2 2 3 4 5 5 6 7 9 11 11 11 11 27 36 43 43 44 44 40 20 5 3 2 2 2 1 1 1 1 -1 -1 -1 -1 -1 -1 1 1 1 1 1 1 0 1 1 1 2 0
1 1 0 1 0 1 1 1 2 3 3 3 5 6 6 10 12 12 12 12 12 12 28 48 58 58 57 46 31 18 8 7 4 3 3 1 0 0 0 1 1 0 0 0 0 0 0 0 0 0 0 0 0 1 1
0 0 1 1 1 1 1 1 1 1 1 3 4 5 7 8 11 17 17 17 17 29 37 42 46 46 46 43 43 28 11 11 11 7 4 4 3 2 2 2 2 2 2 1 1 2 2 1 0 0 0 1 1 1 1
1 0 0 0 0 0 1 1 1 1 2 3 5 7 8 8 16 25 33 39 42 42 37 29 15 5 5 4 3 3 3 3 2 2 0 0 0 0 0 0 0 1 0 0 0 0 0 1 1 1 1 0 0 1 2
-1 -1 -1 -1 -1 0 -1 -1 -1 1 1 1 2 3 6 8 8 8 8 8 8 30 41 44 45 45 45 45 43 43 43 43 43 43 43 43 26 14 7 7 5 4 3 2 1 0 0 0 0 0 0 -1 -1 -1 0
0 0 0 1 1 -1 -1 -1 0 0 1 1 4 7 14 25 29 32 35 35 34 34 33 32 32 32 32 32 32 20 11 8 5 5 4 4 4 4 0 0 0 0 0 0 2 2 2 2 2 3 1 1 1 1 1
0 0 0 -1 0 0 0 1 1 1 1 2 4 8 16 27 29 31 31 31 31 31 31 28 28 28 28 28 28 11 6 5 4 3 3 3 1 1 1 1 1 1 1 1 1 1 1 1 1 1 0 0 0 -1 1
0 0 0 0 0 0 1 2 2 2 4 5 9 19 25 26 25 24 23 20 17 10 6 2 2 2 1 0 0 0 0 0 0 0 1 1 1 0 0 0 0 0 0 0 0 0 0 0 0 -1 0 0 0 0 0
0 -1 1 0 0 -1 0 0 1 2 2 3 5 5 13 19 29 32 32 32 32 30 28 28 24 24 24 24 24 24 11 6 6 6 5 5 5 3 3 3 3 3 3 3 3 3 3 3 2 2 2 3 2 2 2
0 0 0 0 2 2 2 1 2 5 8 9 13 16 20 21 21 21 21 19 18 15 9 9 8 8 8 8 6 6 5 6 5 4 4 4 3 3 1 1 1 1 0 1 1 1 1 -1 1 1 1 0 0 0 0
1 1 1 2 1 2 2 3 3 5 6 7 11 16 22 22 22 19 16 13 7 5 3 3 3 4 4 4 2 2 3 3 4 3 4 3 3 2 2 3 3 1 1 1 1 1 2 2 2 2 2 0 1 0 1
0 0 0 2 2 1 1 1 2 1 1 1 3 4 7 11 19 19 19 19 19 19 38 38 36 33 33 32 29 29 27 19 19 13 11 11 10 7 6 6 4 4 4 4 4 4 2 2 2 2 4 4 3 3 4
0 0 0 0 0 3 3 3 3 3 3 3 5 6 11 20 20 20 29 30 31 30 29 27 25 25 17 11 11 8 8 8 8 7 6 5 4 3 3 4 4 4 2 2 3 4 4 4 3 3 3 3 3 2 2
2 2 2 1 1 1 1 1 2 5 5 6 10 15 21 21 17 13 9 6 4 3 2 2 2 1 1 2 3 2 2 2 2 2 2 2 2 2 1 1 2 2 3 2 3 1 1 1 2 2 1 1 1 1 1
1 2 2 2 2 2 2 2 2 2 2 4 6 7 10 14 24 28 29 29 29 27 27 25 24 20 13 10 10 8 7 7 6 2 2 3 3 3 3 3 3 3 3 3 2 3 3 3 3 2 2 3 3 2 1
2 1 1 1 1 1 1 1 1 1 3 2 3 4 6 11 18 18 18 18 18 18 32 32 30 29 26 25 23 19 16 11 7 4 4 3 3 3 3 2 2 2 2 1 1 2 2 2 1 1 1 1 1 2 0
2 0 0 1 2 4 3 3 3 6 6 10 16 19 21 21 18 14 8 8 5 5 4 4 4 4 4 3 3 2 2 2 2 2 2 1 1 1 0 0 2 2 1 1 2 2 2 2 1 2 1 2 1 1 1
2 2 1 0 1 0 0 0 2 3 4 4 4 4 6 13 19 19 19 19 19 38 38 31 30 28 26 24 12 8 8 7 7 7 5 3 3 3 3 1 1 2 3 2 2 2 2 0 0 0 1 1 1 1 1
1 1 1 1 2 2 3 2 3 5 5 7 12 15 22 25 26 25 24 22 13 11 7 6 4 4 4 4 3 2 2 2 3 3 3 0 0 1 2 2 1 1 1 1 1 1 1 0 0 0 1 1 1 1 1
1 2 2 2 3 1 3 3 3 3 5 5 9 13 23 31 31 29 25 20 18 12 12 12 8 5 4 4 3 2 1 1 1 1 1 0 0 0 1 1 1 1 1 1 1 1 1 1 1 1 1 1 1 1 1
1 0 1 1 1 1 2 2 2 1 3 4 5 8 9 17 28 41 43 43 42 42 38 29 18 18 11 11 10 8 7 6 4 4 4 4 4 4 4 4 2 1 1 3 3 2 2 2 2 1 1 1 1 0 1
2 1 1 1 2 2 2 1 1 3 4 3 4 7 8 11 19 30 37 37 36 33 31 28 19 11 10 9 8 7 7 4 4 4 1 1 1 2 1 1 1 2 2 2 2 2 2 2 2 0 0 0 1 1 1
2 1 1 2 2 1 1 3 3 3 3 3 4 7 9 18 18 18 18 18 18 44 44 35 33 33 27 25 25 18 15 13 12 10 9 7 6 5 3 2 2 2 2 1 1 1 1 1 1 1 1 2 1 1 1
0 1 1 1 0 0 1 1 1 2 3 4 5 6 10 19 34 34 40 41 41 41 39 35 30 25 25 25 25 13 10 5 4 4 4 4 2 1 1 1 1 1 2 3 3 2 1 1 1 2 2 2 2 1 1
1 1 1 1 1 2 2 3 3 3 6 8 12 17 21 21 21 16 15 9 6 4 4 4 4 2 2 2 2 2 2 2 1 1 3 3 2 2 1 1 1 2 2 1 0 0 1 1 1 2 2 2 2 2 2
0 2 2 2 1 1 1 0 1 0 1 1 3 4 7 17 17 17 17 17 17 35 35 34 34 33 32 32 32 29 23 23 23 23 23 23 11 7 7 7 6 6 5 5 5 5 5 5 5 5 4 2 4 4 4
0 -1 0 1 1 1 1 1 1 1 1 1 4 6 10 21 21 21 21 21 44 44 40 40 38 37 35 34 30 30 30 30 30 30 30 14 7 7 7 7 7 7 6 5 5 5 5 5 5 4 4 4 4 3 4
0 2 2 2 2 2 1 1 1 1 2 4 6 11 20 26 30 31 31 31 30 29 26 20 20 20 10 10 7 7 6 6 5 4 2 2 3 3 3 3 3 3 1 1 1 1 2 2 2 2 2 2 3 3 2
0 0 0 1 1 1 1 1 1 2 2 5 11 19 24 24 22 16 10 5 5 4 3 2 1 1 1 1 1 1 2 2 1 1 1 1 1 1 1 1 1 1 1 2 2 1 0 0 0 1 2 2 1 1 1
1 2 2 2 1 1 3 3 2 2 5 6 9 13 23 27 29 29 29 28 27 25 25 21 14 12 8 8 7 6 6 5 3 3 2 2 2 2 3 3 3 1 2 2 2 2 1 1 1 1 1 1 1 1 1
1 1 1 1 0 0 0 2 0 3 3 3 4 5 8 17 27 34 35 35 34 33 32 28 22 22 22 18 9 9 8 7 6 4 4 3 2 1 1 2 2 1 1 1 1 1 1 1 0 0 0 0 1 2 1
1 1 1 1 1 2 2 2 2 2 3 5 7 15 25 29 29 24 24 22 19 10 4 4 3 2 3 2 2 2 2 1 1 1 1 2 1 1 1 1 1 0 0 0 1 1 1 1 1 0 0 0 1 1 2
1 1 2 2 0 0 2 2 2 3 5 6 10 17 20 20 19 13 7 4 2 1 1 1 1 1 1 2 2 2 1 1 2 2 3 3 3 1 1 1 3 3 1 1 1 1 2 1 1 1 2 2 0 0 1
1 1 0 0 0 0 1 1 2 2 3 4 8 15 21 22 22 18 12 6 3 3 2 1 -1 -1 0 1 1 1 0 0 0 0 0 0 0 0 0 1 1 1 0 0 0 0 -1 -1 -1 0 0 0 1 1 0
0 0 1 1 1 0 0 0 1 2 3 4 8 17 22 22 15 10 8 6 3 2 1 1 1 1 1 1 2 1 2 2 2 0 0 0 0 0 0 0 1 1 2 1 0 0 1 1 0 0 0 0 0 0 0
-1 -1 -1 -1 -1 1 1 1 1 1 2 3 6 15 24 26 26 25 24 24 24 24 24 17 12 5 5 5 5 5 5 5 2 2 1 1 2 2 2 0 0 0 0 0 1 1 1 0 0 1 1 0 0 0 0
-1 -1 -1 -1 0 0 0 0 1 1 2 1 2 6 9 16 22 25 25 21 19 15 10 5 5 1 1 1 1 1 1 1 1 0 0 2 2 1 0 -1 0 1 1 1 1 1 -1 -1 0 0 0 0 0 0 1
0 1 1 1 2 2 2 2 4 9 14 14 17 17 17 14 10 5 5 3 2 2 2 2 2 2 2 0 1 1 1 1 0 0 0 1 1 1 1 1 0 0 0 0 0 0 0 0 0 0 0 0 0 0 0
2 0 0 0 0 0 0 0 1 2 3 7 13 19 20 20 16 8 7 7 5 3 3 3 2 2 0 0 0 2 2 1 0 1 1 1 2 2 2 1 1 0 1 0 0 0 0 -1 0 -1 -1 -1 -1 0 0
1 -1 -1 0 0 1 2 2 3 7 8 13 15 19 25 31 33 34 37 37 37 28 18 18 11 9 9 7 6 6 5 3 3 3 3 3 3 1 1 1 1 1 1 1 1 1 2 2 0 0 1 2 1 0 0
0 0 0 0 1 1 1 2 2 2 3 5 6 12 20 21 23 23 18 12 11 7 5 4 3 3 2 2 2 2 2 2 2 2 2 1 1 1 1 1 1 0 0 0 0 2 2 1 1 1 1 1 1 2 3
1 1 1 1 1 1 1 2 6 6 8 12 13 15 20 20 15 7 5 4 4 4 3 3 3 2 2 2 2 1 2 2 2 1 1 1 0 0 0 2 2 1 1 1 1 1 -1 1 1 1 1 1 0 1 0
1 -1 2 0 1 1 1 2 3 4 4 6 7 14 19 22 28 28 26 26 28 28 27 27 23 17 10 7 7 7 7 6 4 2 1 1 1 1 2 1 2 1 1 1 0 1 1 1 1 -1 1 0 0 -1 -1
1 1 1 0 0 0 0 2 2 2 2 3 3 4 6 19 19 19 19 19 19 37 37 34 32 31 29 28 28 21 13 8 6 5 5 5 5 3 3 3 3 3 3 3 3 3 3 2 2 2 1 1 1 2 1
1 1 1 1 1 1 2 2 2 1 2 2 4 4 11 21 33 33 33 32 31 31 27 23 16 16 13 12 9 7 7 7 5 4 4 2 2 2 1 0 0 1 1 1 1 1 2 2 1 0 0 0 1 1 1
1 2 1 1 1 1 1 2 2 2 4 5 7 16 27 27 27 27 26 28 26 21 13 7 5 5 4 4 3 2 2 2 1 1 1 1 1 1 2 2 0 0 2 2 1 1 1 1 1 1 1 1 1 2 0
1 3 3 1 1 1 1 1 1 2 3 6 7 15 24 24 23 15 10 6 4 3 3 2 1 2 3 3 1 1 1 1 1 1 1 1 1 1 1 1 1 1 1 2 2 2 2 1 1 1 1 1 1 1 1
1 1 1 1 1 0 0 0 1 0 1 3 3 5 12 17 23 23 17 17 13 7 5 4 3 3 1 1 1 1 1 1 0 0 1 1 0 0 -1 -1 -1 0 0 1 0 1 1 1 1 1 0 0 0 1 1
0 0 0 0 1 1 1 -1 -1 1 2 2 2 5 12 23 29 29 28 28 27 27 25 20 13 8 5 5 5 5 4 4 2 2 2 2 1 1 1 1 1 1 1 0 0 0 0 0 0 0 0 0 0 0 -1
0 0 -1 -1 -1 -1 1 1 1 1 2 3 4 12 23 23 23 17 17 17 12 6 4 1 1 1 2 3 2 1 1 1 1 1 0 -1 0 0 0 -1 -1 0 0 0 0 1 1 1 0 0 0 0 0 0 0
0 0 0 -1 0 -1 0 0 0 0 0 1 5 10 21 24 24 18 11 5 3 1 1 0 0 0 1 0 1 -1 -1 -1 -1 -1 -2 -2 -1 -1 -1 -1 -1 0 -1 -1 -1 -2 -3 -3 -1 -1 -1 -1 0 -1 -2
-1 -1 -1 -1 0 0 0 0 1 1 3 4 11 16 23 25 26 29 29 28 28 28 21 13 13 9 7 5 4 4 4 4 4 4 4 4 4 2 1 2 2 2 0 0 0 0 0 0 0 0 0 0 -1 -2 -2
0 0 -1 0 0 0 1 0 1 1 2 3 6 10 16 21 28 34 34 34 33 31 29 23 13 13 8 8 6 5 5 5 3 3 3 3 3 3 2 0 0 0 0 0 1 1 1 1 1 1 -1 -1 0 0 -1
0 0 0 0 1 1 2 1 4 3 4 4 4 5 12 15 21 28 28 33 33 35 36 36 37 37 36 32 32 32 32 32 32 18 12 10 8 7 7 5 3 3 3 3 3 3 3 0 0 1 1 1 1 1 2
0 -1 0 0 0 1 1 1 1 3 3 2 2 6 9 17 26 35 37 38 39 40 40 40 35 35 35 35 35 35 16 11 6 6 7 7 6 4 3 3 3 3 3 3 3 3 2 2 2 1 1 1 1 1 0
-1 -1 1 1 0 0 1 1 1 2 4 7 10 15 21 26 32 33 34 37 37 31 27 17 17 13 12 10 8 6 5 5 5 5 5 5 5 1 0 1 0 2 0 0 0 0 0 0 0 1 1 1 1 -1 -1
-1 -1 0 0 0 0 0 1 1 2 2 2 2 5 11 17 22 26 26 26 25 24 22 17 11 4 3 2 2 1 2 1 2 1 1 1 0 0 0 0 0 -1 2 2 2 0 0 0 0 0 -1 -1 -1 -2 -1
0 0 0 2 0 0 0 2 2 3 6 7 9 16 20 24 24 23 15 11 2 2 2 1 1 0 1 1 1 1 0 0 0 1 1 1 0 0 -1 0 0 0 0 -1 -1 -1 -1 -2 -2 0 0 0 -1 -1 -1
-1 -1 -1 -1 0 0 0 0 0 0 1 2 6 10 14 26 33 37 38 39 42 45 45 38 38 38 38 38 38 10 5 5 5 3 3 3 2 2 2 2 2 2 2 1 1 2 2 2 1 -1 -1 -1 0 0 0
0 0 -1 -1 -1 0 -1 0 1 2 3 3 9 14 22 31 35 36 36 36 35 32 23 11 11 6 6 5 4 3 2 2 1 1 -1 1 0 0 0 0 -2 -2 0 0 0 0 0 -1 -1 -1 -1 -1 -1 0 0
1 2 2 1 0 0 -1 0 2 2 4 4 8 15 28 30 30 29 28 27 27 25 19 19 12 12 12 12 9 6 4 2 1 2 2 2 1 0 1 1 1 1 1 0 0 0 1 0 0 0 -1 1 1 1 1
0 0 0 0 1 1 1 1 1 4 4 5 5 10 20 24 30 30 29 27 25 24 16 7 5 3 1 1 1 1 1 1 1 1 1 1 1 1 1 1 0 0 0 0 1 2 2 -1 -1 -1 0 0 0 0 -1
1 1 1 1 1 1 1 0 1 3 4 6 8 16 23 29 30 31 30 27 23 22 15 8 4 2 1 1 1 1 1 1 1 1 0 0 0 0 1 1 1 1 0 0 0 0 0 1 1 1 -1 -1 -1 -1 0
0 -1 -1 0 0 0 0 2 2 2 2 5 7 11 20 27 37 37 39 39 39 36 25 13 7 3 3 4 4 3 2 1 2 1 2 0 2 2 2 2 -1 0 -1 0 1 1 1 1 1 1 1 0 0 0 1
1 -1 -1 0 1 1 1 1 1 1 3 4 11 18 20 20 18 11 7 3 2 1 0 0 0 1 1 1 1 1 1 -1 -1 0 0 0 2 1 1 -1 -1 0 0 0 0 -1 0 0 0 0 0 0 0 0 0
1 1 1 1 0 0 0 1 2 3 3 6 10 14 22 24 24 22 12 7 2 1 1 1 1 1 0 1 0 1 1 1 0 0 0 0 0 0 1 1 1 1 1 1 1 1 0 0 0 1 1 0 0 0 0
1 2 2 2 1 1 1 1 2 3 3 6 11 18 23 25 25 24 18 7 3 1 0 0 0 0 0 0 0 1 0 1 1 1 1 1 1 1 1 1 1 1 1 2 2 2 0 0 0 0 0 0 2 1 1
0 0 0 0 0 0 0 0 1 1 1 2 3 5 8 16 30 36 36 34 34 33 33 28 20 20 10 5 4 4 3 1 3 1 1 0 0 0 0 0 -1 0 1 1 -1 -1 1 1 1 1 0 0 -1 -1 1
1 1 1 0 2 0 2 1 1 1 2 2 6 15 22 27 28 27 27 26 22 20 15 7 6 2 1 1 1 1 1 1 1 1 0 0 1 1 1 0 1 2 2 0 0 0 0 1 1 1 0 1 -1 0 0
1 0 1 1 1 1 0 0 1 1 1 1 3 7 11 22 34 34 36 37 37 36 35 26 7 3 3 2 2 2 2 2 2 2 1 0 0 1 1 1 0 1 1 1 -1 -1 1 1 1 1 1 0 -1 -1 -1
0 0 0 1 1 1 0 1 1 1 1 5 9 15 20 25 25 25 19 19 10 4 2 2 2 2 1 1 1 1 1 0 0 0 1 1 0 0 0 1 0 1 0 0 0 0 0 0 0 0 1 1 1 2 0
1 2 2 1 1 1 2 2 3 4 4 6 9 15 21 24 24 17 8 5 2 2 2 1 0 1 1 2 1 1 1 1 1 0 0 0 0 0 0 1 1 1 1 1 0 0 0 0 0 -2 0 0 1 1 1
0 0 0 1 0 1 1 1 2 2 3 5 7 11 23 23 21 16 7 5 2 2 2 1 0 0 1 1 1 0 0 0 0 1 0 0 0 0 0 0 0 0 1 0 -1 -1 0 0 0 0 0 0 0 0 0
2 0 0 0 1 1 1 1 1 1 0 1 1 3 5 10 10 10 10 10 10 45 48 48 43 36 32 28 22 12 12 11 8 7 6 3 3 1 1 0 -1 -1 1 1 0 -1 -1 -1 -1 0 0 -1 -1 -1 -2
1 0 0 0 0 0 0 0 0 2 2 2 8 14 23 33 36 36 35 32 32 30 24 12 12 9 5 4 3 1 1 1 0 0 0 -1 -1 0 0 0 -1 -1 -1 -2 -2 -1 -1 -1 -1 -1 -1 -1 -1 -1 -1
-1 -1 0 0 0 0 0 0 0 1 1 4 4 8 20 26 35 38 38 37 36 32 22 10 10 5 5 3 3 2 1 1 0 0 0 0 -1 -1 -1 -1 -1 -1 -1 -1 -1 -1 -1 -1 -1 -1 0 0 0 0 0
-1 -1 -1 -1 -1 -1 -1 -1 0 0 0 0 0 2 6 14 14 14 14 14 14 53 86 94 97 97 96 93 71 30 30 30 30 30 30 8 4 3 2 0 0 0 0 0 0 -1 -1 -1 -1 -1 -1 0 1 1 0
-1 -2 -2 -2 -2 -1 -1 0 0 3 5 9 17 19 24 27 27 28 27 25 24 13 5 5 5 5 5 1 0 0 -1 -1 0 0 -1 -1 -2 -1 -2 -2 -2 -1 -1 0 -2 -2 -2 -2 -2 -2 -2 -3 -2 -2 -2
-2 -2 -2 -2 -2 -2 -2 -1 -1 0 3 3 9 14 20 25 28 30 30 32 32 32 28 14 14 9 9 6 4 3 2 1 1 1 1 1 1 -1 -1 0 0 0 -1 -1 -1 -2 -2 -2 -2 -2 -2 -2 -2 -2 -2
