2 2 2 2 2 2 5 5 4 4 6 7 6 6 6 6 6 7 8 8 8 5 3 2 3 2 3 1 3 4 4 2 2 1 1 1 1 0 2 0 4 2 3 2 3 2 3 4 4 3 1 1 1 1 0
1 0 0 0 0 0 2 0 2 3 3 4 5 6 7 6 6 6 6 6 6 6 6 6 6 8 8 7 7 5 7 6 6 6 5 5 5 6 7 6 6 5 5 5 3 3 7 7 7 7 7 7 7 5 5
2 1 2 4 4 4 3 3 2 2 2 2 4 5 5 5 4 4 4 4 4 4 4 6 6 6 6 6 6 6 6 6 6 6 5 5 7 7 4 4 7 9 9 6 6 5 5 5 5 5 5 5 5 3 3
3 1 2 1 1 1 1 2 0 1 1 4 4 5 5 6 6 6 6 6 6 6 6 7 7 6 6 6 6 6 6 6 6 6 6 6 6 6 6 6 6 6 6 6 6 6 4 1 1 1 3 3 2 1 -3
-2 0 -1 0 3 3 3 3 1 4 5 5 5 9 10 10 13 13 13 13 13 13 13 13 13 12 11 10 10 10 10 10 10 10 10 8 8 6 6 5 5 5 4 1 1 1 0 2 3 3 1 0 0 1 1
2 2 2 2 3 3 3 3 3 4 4 9 13 15 17 18 19 19 22 22 22 22 22 18 16 14 14 14 8 5 6 5 5 4 4 1 1 1 4 1 2 2 2 0 0 1 1 -1 -1 -1 2 -1 -1 -1 3
2 0 0 -1 -2 -1 1 2 1 2 2 3 6 6 6 6 11 11 11 11 11 11 10 10 9 8 7 8 7 5 4 4 4 4 4 4 4 4 4 1 0 0 0 0 0 0 0 2 2 2 0 0 0 0 0
0 -3 0 -2 0 0 0 0 2 4 6 6 6 5 6 6 8 8 8 8 8 8 8 8 8 7 7 6 5 5 5 5 5 5 5 3 1 1 1 3 3 -1 -1 0 2 2 0 -1 -1 -1 -1 -1 -1 -1 0
-1 -1 1 2 1 1 1 2 4 4 4 4 4 5 7 7 8 8 8 8 8 8 8 7 9 9 9 9 9 9 9 4 3 3 3 2 1 2 2 2 0 0 0 0 0 -1 -1 -1 -1 -1 0 0 0 -1 -1
1 1 1 1 0 -1 -1 3 3 3 3 3 7 6 7 7 9 9 9 9 9 9 9 10 8 7 7 7 7 7 7 7 7 7 2 2 2 2 2 2 0 0 0 0 1 1 1 0 0 0 1 0 1 0 1
-1 -1 -1 -1 1 1 2 2 1 1 2 3 4 5 5 6 6 6 6 5 4 2 2 5 5 1 1 1 1 0 -1 -1 1 1 1 1 2 2 3 0 -3 -3 0 0 0 -1 -2 -2 -2 0 0 0 0 0 0
-1 -1 1 1 0 0 0 1 1 1 1 3 4 5 5 5 8 8 8 8 8 8 7 7 4 4 4 4 4 4 4 4 2 2 2 0 0 1 1 2 0 0 -3 0 0 0 0 0 0 0 0 0 0 0 -1
0 -1 -1 0 0 0 0 0 0 3 3 3 5 6 6 6 6 6 6 6 6 6 6 6 8 8 8 8 8 7 7 7 6 4 4 4 4 4 4 4 4 3 2 2 1 0 0 0 0 1 1 1 2 2 2
1 1 0 0 0 0 0 0 0 0 3 3 5 5 7 7 6 6 6 6 6 6 7 7 7 7 7 7 4 4 4 4 4 4 4 4 1 1 1 0 0 -1 0 -1 -1 -1 0 0 0 1 1 0 0 -1 -1
1 -1 -1 -1 1 1 1 2 2 2 4 6 6 6 6 8 8 5 5 5 5 5 5 5 3 4 3 2 0 -1 -1 0 1 1 -1 -1 0 1 1 1 0 0 0 0 0 0 0 0 0 1 2 2 1 1 1
0 -1 -1 0 0 0 1 1 1 1 1 1 7 7 7 8 8 8 8 8 8 8 8 8 9 9 9 9 9 9 9 5 4 3 2 1 -1 -1 -1 -1 -1 0 1 1 -1 -1 -1 0 1 1 1 0 0 0 -1
1 1 0 0 -1 0 1 1 1 1 3 2 3 3 4 7 7 7 7 7 7 7 7 7 4 4 4 4 4 4 4 4 4 4 2 2 1 1 1 1 -1 -1 2 2 2 1 0 0 0 0 0 0 0 0 0
0 0 2 2 1 -1 -1 -1 1 1 1 1 4 6 6 7 7 7 4 3 2 3 3 3 1 1 0 0 0 -2 -2 -2 0 1 1 1 1 2 2 1 1 1 1 1 1 1 1 1 0 0 0 1 2 2 2
0 2 2 -1 -2 -2 -1 2 2 2 1 2 1 3 1 1 1 1 1 1 2 2 2 2 1 1 0 1 2 2 1 1 1 1 1 2 -1 -1 -2 -4 -2 -1 0 -1 -2 -2 0 0 0 0 1 1 1 -2 -2
-1 0 0 0 0 -2 -2 1 1 2 1 1 1 1 1 2 2 2 2 2 2 2 1 1 -4 2 2 2 1 1 1 1 1 1 1 1 -2 2 1 1 -1 -1 -1 1 -2 0 0 0 -1 -1 0 0 -3 -3 -1
1 0 2 2 2 -3 -3 1 1 2 2 3 4 3 3 3 2 4 4 4 1 1 0 0 0 0 -1 0 1 1 1 1 1 1 0 0 0 -1 -1 -1 -1 0 -1 -1 -1 -1 -1 -1 -1 -1 -1 -1 -3 0 0
-1 1 -1 1 -2 1 0 0 0 1 1 3 2 5 4 5 5 5 5 5 5 5 5 3 3 4 4 4 4 4 4 4 3 3 3 1 1 1 1 -1 -1 -1 1 1 1 -1 1 1 1 1 1 1 1 2 2
-1 0 0 1 1 2 2 2 2 4 4 4 2 3 3 4 4 4 3 3 3 2 4 4 4 0 0 1 1 1 0 1 1 1 1 1 1 0 -1 -1 -1 -1 1 1 1 0 1 0 0 -1 -1 -1 -1 -2 -2
1 1 -1 -1 -2 -1 0 0 0 0 0 1 1 3 4 3 2 2 2 2 2 2 2 1 1 3 3 3 3 3 3 3 3 3 3 3 4 4 -1 -2 -2 -2 -1 0 1 1 1 -1 -1 -3 -2 -2 -2 -2 -2
0 -2 -2 -2 -1 0 2 2 2 3 3 3 3 3 3 3 6 6 6 6 6 6 3 3 3 1 1 1 1 1 1 1 1 1 -1 -1 -1 -1 0 0 0 0 -2 -2 0 0 0 -1 -1 -1 0 0 1 0 0
-1 -1 -1 -1 0 1 1 1 1 3 2 2 2 2 3 4 4 4 4 4 4 4 4 2 2 4 4 4 4 4 4 4 4 4 2 0 2 2 2 0 0 1 1 1 -1 1 2 2 0 0 -1 0 -1 -1 -1
1 1 1 1 1 0 -2 -2 2 2 2 2 3 2 4 2 2 2 2 2 2 2 2 2 2 5 5 4 4 4 4 4 4 4 4 1 1 1 -1 2 0 0 0 2 2 0 -1 -1 -1 -1 0 0 0 0 -1
-2 -2 -1 -1 1 1 1 2 2 2 1 1 5 5 3 3 3 4 5 5 2 2 2 5 5 1 1 1 0 0 0 0 1 1 -1 -1 -1 0 0 1 1 -2 -2 -1 1 1 -2 -2 -2 -1 -1 -1 -1 -1 -1
1 2 2 1 1 1 3 4 4 4 2 3 1 3 4 6 6 6 5 5 5 3 5 5 5 0 0 0 2 2 2 1 0 0 0 0 0 0 0 0 0 0 0 0 0 0 0 0 0 0 0 1 3 3 1
1 1 2 2 2 2 2 2 0 0 2 5 4 5 5 5 4 4 4 4 4 4 4 4 4 3 3 4 4 4 4 4 4 4 2 1 1 0 0 0 0 -1 -1 0 1 1 1 -1 1 1 1 -2 -2 1 1
0 -1 -1 1 1 2 0 -1 -1 -1 1 1 4 4 3 2 2 3 3 3 3 3 3 3 4 4 4 3 3 3 3 3 3 3 2 2 2 -1 -1 -1 -1 -1 -1 -1 -1 -2 -2 -2 0 0 0 0 0 0 0
0 0 0 -1 -1 -1 0 0 1 1 2 2 2 2 3 3 3 3 3 3 3 3 3 3 3 3 3 3 4 5 5 5 5 5 5 5 4 2 2 2 2 1 1 1 1 -1 -1 -1 0 0 0 0 0 -1 -2
0 -1 -1 -1 1 0 1 1 1 1 1 1 2 2 2 2 3 4 4 4 4 5 5 3 2 1 0 0 0 0 -1 -1 -1 0 -1 -1 -2 -2 -1 -1 -1 0 0 -1 -1 -1 1 1 1 1 0 0 0 -1 -1
0 0 0 0 1 1 1 0 3 3 3 5 5 5 5 8 5 6 5 5 5 5 5 5 5 5 3 2 1 2 2 2 0 0 1 1 1 0 -1 -1 0 0 0 1 1 1 -1 -1 -1 1 1 1 1 0 0
-1 1 0 0 -1 -1 1 1 1 1 1 1 1 4 5 4 5 6 6 6 6 6 4 4 4 3 3 1 1 1 1 1 2 0 0 0 0 1 1 2 2 2 1 0 0 0 0 -1 -1 -1 -1 0 0 1 -1
-1 -2 -3 -3 0 0 1 1 0 0 1 2 3 3 3 5 5 5 5 5 5 5 1 1 4 5 5 5 5 5 5 5 5 2 2 2 2 1 1 2 2 0 0 0 0 0 0 -1 -1 -3 -3 -2 -1 0 -1
-1 0 0 0 0 0 0 -1 -1 -1 0 1 1 2 5 6 6 6 6 6 6 6 6 4 6 2 7 7 7 7 7 7 7 7 4 3 2 2 2 0 -1 -1 -1 0 0 0 0 -1 0 -1 0 -1 -1 -1 -3
0 -1 -1 0 0 -1 -1 -1 4 4 4 5 5 5 4 3 -4 -4 5 5 5 5 5 5 4 2 1 1 0 0 1 1 1 0 -1 -1 -1 -1 -1 -1 -1 -1 -2 -2 -2 -1 0 0 0 0 -1 0 -1 -1 -1
1 1 0 -1 -1 1 2 2 2 3 3 3 4 4 5 5 8 8 8 8 8 8 8 8 5 5 7 7 7 7 7 7 5 4 4 1 3 1 2 2 2 2 0 1 -1 0 -1 0 -1 1 -1 0 0 2 2
2 -1 -1 -1 -1 1 1 1 1 1 4 4 5 4 7 6 6 6 6 6 6 6 6 5 5 1 1 1 1 1 1 2 2 2 2 2 2 0 0 0 0 2 2 0 0 0 0 1 1 1 2 2 2 1 -1
-1 -1 -1 -1 -1 1 3 4 4 4 4 4 4 5 7 7 7 7 7 7 7 8 8 6 6 10 10 10 10 10 10 4 3 2 2 2 1 2 0 0 -1 0 0 1 1 1 0 0 0 0 -2 -2 -2 1 1
1 0 0 2 2 2 2 2 4 2 2 2 3 4 3 4 6 6 6 6 6 6 5 5 5 5 6 6 6 6 6 6 4 -1 -1 1 1 1 1 1 2 2 1 1 1 1 -1 -1 0 0 0 -1 -2 -2 1
1 -1 -1 -1 -1 -1 1 1 0 0 2 5 5 5 5 7 7 6 3 6 4 6 4 4 3 3 2 1 0 0 0 -1 -1 0 0 0 -1 -1 -1 0 0 0 0 0 0 0 1 1 1 1 1 1 1 0 -1
0 1 1 0 0 4 4 3 2 3 3 3 2 2 3 3 3 5 5 3 2 2 1 1 -1 -1 1 1 -2 -2 0 0 0 -1 -1 0 0 -1 -1 -1 -1 -2 -3 -3 -3 4 -2 -2 -2 -2 -2 -2 0 0 -2
0 1 3 3 1 1 1 1 1 1 3 3 3 3 3 5 5 5 5 5 5 5 5 4 4 4 4 4 4 4 4 4 3 1 1 1 1 0 1 3 3 2 2 2 1 -1 -1 0 0 0 3 3 2 1 2
1 1 1 1 1 3 0 2 2 2 3 2 3 4 4 4 3 2 3 1 3 1 1 0 0 0 2 2 0 0 1 1 1 1 1 1 1 0 1 0 2 2 2 -1 -1 1 1 1 0 0 -1 1 1 1 0
0 1 1 1 2 2 2 1 1 4 4 4 4 5 6 6 6 6 6 4 3 3 3 3 2 2 0 0 0 0 3 3 1 0 1 1 1 1 2 2 1 1 1 -1 -1 0 1 1 1 0 0 0 1 1 1
1 2 2 2 2 1 1 1 1 2 3 5 5 5 5 4 4 4 4 4 4 4 4 4 3 3 3 2 2 2 2 2 1 1 1 1 1 -2 1 2 2 1 1 1 1 1 1 1 1 1 1 1 -1 0 0
0 1 1 -1 -1 -1 0 0 0 2 2 4 4 5 4 4 4 4 4 4 4 4 5 5 5 5 4 4 4 4 4 4 4 2 2 2 -1 -1 3 3 1 0 1 0 0 -2 -2 -2 -2 -2 0 0 -1 -1 -1
1 1 1 1 1 0 0 1 1 2 2 2 2 2 5 5 2 2 2 2 2 2 2 6 6 6 5 5 5 5 5 5 5 2 1 2 2 2 0 0 0 0 0 -1 -1 -1 0 1 1 1 -1 -1 -1 -1 -3
2 1 1 1 1 1 1 0 1 1 2 4 4 4 2 2 4 4 4 4 4 4 4 5 5 5 7 7 7 7 7 7 1 1 3 3 1 0 0 0 0 0 1 1 1 1 0 0 -2 -2 -1 -1 -1 0 0
-1 0 0 0 -1 -1 -1 0 0 2 2 2 2 2 2 4 4 4 4 4 4 4 6 6 2 2 2 2 2 2 2 3 3 2 2 1 0 0 -2 0 0 0 0 1 1 0 0 0 0 0 0 -1 -1 -1 -1
0 1 0 1 0 -1 -1 2 2 2 2 3 3 2 2 4 4 4 4 4 4 4 4 5 5 5 5 5 5 5 3 1 1 1 1 1 0 0 1 1 0 0 0 1 2 2 1 1 1 -1 -1 -1 1 -1 -1
-2 -1 0 0 1 1 1 2 2 2 2 2 2 3 4 4 4 4 4 4 4 4 4 4 2 2 1 2 2 2 1 0 0 1 2 1 0 0 0 0 0 0 0 1 1 1 1 -1 -2 -3 -3 -1 1 -1 -1
0 -1 -1 1 1 1 0 1 1 1 2 2 3 5 5 6 6 6 6 6 6 6 6 5 5 5 5 5 5 5 5 2 2 2 2 2 1 1 1 1 -1 -2 -1 -2 -1 0 0 1 0 0 0 0 -1 1 -1
1 0 0 -1 -1 -1 -1 1 -1 1 2 4 5 6 7 7 6 6 5 4 4 3 2 2 2 3 0 -1 -1 -1 -1 -1 -2 2 2 2 1 0 -1 -1 -1 -1 -1 0 -2 -1 -1 1 1 1 0 0 0 -1 -1
-2 0 0 0 -1 -1 -1 2 2 0 0 1 4 4 4 4 5 5 5 5 5 5 5 3 3 3 3 3 3 3 3 2 2 2 0 0 -1 -2 -2 -2 -1 -1 -2 -2 -2 -1 -1 -1 -3 -3 -1 -1 -2 -3 -3
-1 1 1 0 0 0 -2 -2 -2 -2 1 2 3 5 6 6 8 8 8 8 8 8 6 6 4 1 1 1 1 1 1 1 1 0 0 -1 0 -1 -2 -2 -1 0 0 0 0 3 3 -1 -1 -2 -2 -2 -2 0 -1
0 0 0 0 0 0 0 0 0 0 0 2 5 7 7 7 6 6 6 5 4 1 0 0 0 0 0 0 0 0 0 0 1 1 -1 -1 -1 -1 0 0 0 0 -1 -2 -2 -2 0 1 1 -1 -1 0 0 0 0
1 1 4 4 4 1 1 3 3 3 4 8 8 8 7 8 8 8 7 7 6 6 5 5 4 3 3 3 3 3 2 2 1 2 2 2 2 2 3 2 3 1 1 1 1 1 1 0 0 0 -1 1 1 1 0
0 1 1 -1 -1 2 2 2 3 3 3 4 6 4 6 7 7 7 7 7 7 7 6 6 5 5 5 3 1 3 3 3 0 0 0 0 0 0 0 -2 -2 -1 0 0 1 1 1 1 1 1 1 1 0 0 0
0 0 0 0 2 2 2 1 2 2 4 5 8 8 7 7 7 5 5 6 6 6 3 2 1 1 1 1 1 -1 -1 -1 0 1 1 -1 -1 -1 -1 0 1 0 1 2 2 2 -2 -1 -1 -1 0 -1 0 0 0
0 0 0 0 0 0 0 0 -1 -1 0 2 4 5 5 6 6 6 6 5 5 5 3 2 2 2 2 2 2 0 0 0 0 -3 -3 -2 0 0 0 -1 -1 -1 0 1 1 1 0 0 -2 -2 -1 1 1 1 1
1 1 2 0 0 0 0 0 2 3 4 6 6 8 8 7 7 6 6 6 6 6 6 6 5 5 3 1 2 2 2 0 0 1 1 1 1 2 3 3 0 0 0 3 3 3 2 1 0 0 -1 1 0 1 0
2 2 2 1 0 0 2 2 3 3 3 4 7 9 9 9 9 9 9 9 9 9 9 9 9 8 6 6 6 6 6 6 6 6 5 4 2 2 2 2 2 1 2 1 1 1 1 1 0 0 0 0 2 -1 2
 1 -1 1 1 1 1 1 0 3 4 4 4 4 9 11 11 11 11 11 11 11 17 19 19 19 19 19 244 244 226 226 233 233 5 3 3 3 2 2 2 2 2 1 1 1 1 1 1 1 4 4 3 1 0 0
0 0 1 1 1 1 4 4 1 1 6 6 7 7 7 8 14 14 14 14 14 14 10 9 10 8 5 4 4 4 4 4 4 4 3 3 2 2 2 2 2 0 2 1 1 1 0 0 0 0 1 2 2 0 0
-1 1 0 0 0 0 0 1 2 4 4 4 7 9 9 9 10 10 10 10 10 10 9 9 10 10 10 10 10 10 10 9 5 2 2 2 2 2 1 1 1 1 1 1 1 0 0 0 1 1 0 -1 -1 -1 1
2 1 2 1 2 1 1 1 3 3 4 3 3 3 8 9 9 9 9 9 9 9 9 8 8 8 8 8 8 8 8 8 7 4 2 1 1 1 2 2 1 1 1 2 2 2 2 2 1 2 3 3 3 1 0
1 2 2 3 3 3 0 0 0 3 6 6 6 5 5 8 8 8 8 8 8 8 9 9 10 7 5 5 5 5 5 5 4 4 4 1 1 1 0 0 0 1 2 2 1 1 1 0 0 0 0 0 3 2 2
1 0 1 1 3 1 3 3 6 6 5 5 7 8 10 12 12 12 12 12 12 12 7 7 7 8 8 8 8 8 8 8 5 4 2 1 1 1 1 1 2 0 1 1 1 1 1 1 2 2 0 0 0 1 1
1 1 0 0 0 2 2 2 3 3 7 7 8 8 9 9 9 8 8 8 7 4 4 4 4 4 4 2 4 1 1 1 0 2 2 2 1 0 0 1 2 2 2 -1 -1 -2 0 -1 0 -1 0 0 0 2 2
0 -1 -1 1 1 1 2 2 2 2 5 5 7 8 8 8 8 8 8 8 8 8 9 9 9 9 9 9 9 9 9 9 6 5 3 3 2 3 3 3 0 -1 -1 0 0 1 2 2 2 2 2 2 2 1 1
1 1 1 0 0 0 -1 3 3 3 6 7 7 6 6 7 7 7 7 7 7 7 7 7 7 8 9 9 7 7 7 7 7 7 2 2 1 0 0 0 -1 -1 0 0 1 0 0 0 0 -1 -1 -1 1 3 1
1 0 -1 -1 -1 -1 0 0 1 4 4 4 6 9 10 10 10 10 10 10 10 10 11 11 13 11 8 8 10 10 10 10 10 10 5 4 2 2 0 4 1 1 1 0 0 0 0 0 2 2 2 0 0 1 1
1 1 1 1 4 5 8 11 16 18 18 14 12 12 7 7 8 8 8 8 8 8 4 2 2 2 2 2 2 2 4 4 4 4 5 5 3 2 3 2 1 0 0 -1 -1 -1 0 1 1 -1 -1 0 1 0 0
1 1 0 4 2 4 4 8 13 17 17 17 17 14 10 9 4 4 4 4 4 4 2 2 2 2 2 2 2 2 2 2 2 6 6 6 8 8 8 8 8 8 8 5 5 5 2 2 1 1 2 2 2 1 1
1 1 1 1 5 5 7 8 9 15 15 17 14 13 12 9 5 5 5 5 5 5 4 2 2 2 2 2 2 2 2 2 2 2 5 6 8 8 8 8 8 8 6 6 4 4 2 1 1 1 1 1 -1 -1 -1
1 2 2 2 1 1 3 3 9 12 13 13 13 8 7 4 2 2 4 4 4 4 4 4 4 4 7 7 7 7 7 7 7 7 7 5 5 5 3 1 3 4 5 5 3 2 2 2 2 -3 -3 0 0 0 -1
1 1 0 1 1 2 3 7 7 8 11 12 11 11 10 4 4 4 4 4 4 2 2 8 8 8 8 8 8 8 6 5 5 5 5 5 5 5 4 2 2 2 2 2 2 0 0 -1 1 1 2 2 1 1 0
-1 1 0 2 2 2 4 4 4 10 10 14 14 12 9 4 4 4 4 4 4 4 4 5 5 5 5 5 5 5 7 8 9 9 9 9 9 9 9 5 4 4 1 0 0 0 1 1 1 0 0 0 3 0 0
-1 0 0 1 0 1 3 4 6 7 12 12 10 10 10 7 1 1 1 3 6 6 6 6 6 6 6 11 11 9 9 9 9 9 9 9 6 4 3 3 2 2 2 1 1 0 0 1 1 0 -1 -1 -1 2 2
2 1 1 2 8 8 15 15 8 6 3 2 3 1 4 4 7 7 7 7 7 3 3 3 3 3 1 1 1 1 1 1 2 2 0 0 2 2 2 2 2 2 1 1 1 2 2 0 0 -2 1 0 0 0 0
4 4 3 3 2 2 4 6 6 11 12 13 12 12 8 6 6 5 5 2 2 3 3 3 3 3 3 4 4 5 7 7 7 7 7 7 4 3 2 2 2 2 2 1 1 1 1 1 2 2 0 -1 -1 -1 0
2 -1 0 -1 -1 -1 1 4 6 11 18 18 18 14 12 6 3 3 3 3 3 3 3 4 4 4 4 4 4 4 6 6 4 2 1 -1 -1 2 2 1 1 1 2 2 2 2 2 -1 -1 -1 -1 0 1 1 1
-1 -1 0 0 0 0 5 6 8 15 17 17 16 15 11 7 7 7 7 7 7 4 4 4 4 4 4 4 4 4 3 2 3 3 3 1 1 1 0 0 0 0 1 1 1 1 2 2 0 -1 0 -1 0 0 0
-1 -1 -2 1 1 1 1 5 7 8 12 13 13 10 9 4 4 2 2 2 5 5 3 3 2 1 1 1 2 2 2 -2 -2 -1 -1 -1 -2 -2 0 1 1 1 1 0 0 0 0 0 0 0 0 -1 -1 -1 0
0 1 1 1 0 2 2 3 3 9 9 11 9 8 6 5 1 3 3 3 3 3 3 3 3 4 6 4 4 4 2 2 2 2 2 0 2 2 2 0 0 2 2 2 1 -2 -3 -2 0 0 1 -2 -2 -2 -1
1 0 0 0 -1 2 2 2 4 10 15 15 15 14 9 6 5 5 5 5 5 5 5 5 5 5 5 5 5 5 2 2 3 5 4 4 4 2 3 3 3 3 0 0 0 -1 -1 -1 -1 -1 -1 0 -3 -2 -2
-1 -1 0 0 0 0 -1 -1 0 0 2 3 8 9 27 32 32 32 32 31 31 31 31 18 6 5 5 5 4 1 1 0 0 0 0 0 0 0 3 3 1 1 1 1 1 1 3 3 1 1 0 0 0 0 1
1 1 1 0 0 0 -3 -3 0 2 2 11 13 14 16 20 20 15 8 8 8 8 8 8 8 3 1 0 0 0 0 0 0 0 2 2 3 5 5 4 4 3 3 3 3 4 3 3 0 0 1 1 3 1 1
1 -2 -1 -1 -1 -1 -1 3 8 8 13 15 15 15 7 6 6 6 6 6 6 6 2 2 2 2 2 2 2 2 4 4 4 4 4 4 4 4 2 2 4 4 4 2 1 1 2 2 2 2 2 2 2 1 1
1 1 0 0 -1 -1 0 0 0 3 11 11 12 15 16 16 15 6 3 3 3 3 3 3 3 2 2 2 2 2 2 2 3 3 3 4 4 2 2 2 3 3 3 2 2 0 2 2 2 2 1 1 1 0 -2
-5 -2 -2 0 0 0 1 1 2 12 15 15 15 14 11 4 4 4 2 2 2 4 4 2 2 2 2 0 0 0 1 1 1 1 1 1 0 -1 -1 -2 -1 -1 -1 -1 -1 -1 0 1 1 -4 -4 -3 -1 -1 0
-2 1 1 1 1 1 1 1 2 2 11 17 19 19 12 9 3 3 3 3 3 3 1 1 1 1 1 1 1 1 1 1 2 2 2 2 2 2 2 2 5 5 4 1 1 1 2 1 1 0 0 0 0 0 0
-1 -1 -2 -2 -1 0 0 0 1 1 2 6 13 18 19 21 21 12 7 3 3 3 3 3 3 3 2 2 2 2 2 2 2 2 2 2 0 0 2 2 2 -1 1 1 1 2 2 2 2 2 2 -1 -2 -3 -3
0 0 -2 -2 -2 0 2 3 2 3 8 18 19 19 14 6 1 1 1 1 1 1 1 1 1 1 1 1 1 2 3 3 3 1 1 1 1 1 1 0 0 0 0 -1 -1 0 0 0 -1 -2 -2 -1 -1 0 -2
-2 -2 -2 -2 -1 -1 2 4 8 9 14 19 19 11 7 4 -1 -1 -1 1 1 2 2 2 3 2 2 2 2 2 2 3 3 1 1 2 2 2 2 1 1 -1 -1 -1 -1 -2 -2 -2 -1 -2 -1 -3 -3 -3 -3
8 9 14 19 19 11 7 -2 -1 -1 -1 2 2 2 3 3 3 3 1 0 0 -3 -3 -2 -1 0 0 0 1 1 -2 -2 -1 -1 2 2 0 0 1 1 1 0 2 6 12 16 18 16 14 5 4 4 4 4 4
-1 1 1 1 3 3 3 8 10 13 13 13 10 5 5 2 1 1 2 3 4 4 4 4 5 5 6 6 4 0 0 1 2 2 0 0 0 -1 -1 1 1 1 1 1 1 -1 -1 -1 0 0 0 0 0 0 0
3 5 11 13 15 15 15 15 10 7 3 3 3 4 4 4 5 5 5 5 5 1 1 1 0 3 0 0 0 0 1 0 0 0 2 2 2 1 1 0 0 2 2 2 1 -1 -1 -3 -3 -1 1 1 1 -1 2
2 2 3 3 3 6 12 12 12 14 14 12 12 11 8 6 3 3 3 0 0 2 3 2 4 2 2 2 4 4 1 1 1 0 0 0 2 1 2 2 2 2 0 0 0 1 1 1 1 2 2 1 1 1 1
0 0 1 1 2 0 2 2 4 4 3 3 6 9 14 15 18 18 15 9 7 7 7 7 7 7 7 1 1 1 4 4 4 4 4 4 4 4 4 4 10 10 10 10 10 10 10 9 9 9 9 9 9 9 9
0 1 1 2 2 5 5 6 11 13 15 16 15 14 11 5 5 5 5 5 5 5 3 4 4 4 4 4 4 4 4 4 6 8 10 10 10 10 10 10 10 10 8 8 6 6 6 5 4 4 4 3 2 2 2
1 1 2 3 4 6 7 12 14 14 13 12 11 10 8 4 4 4 4 4 4 4 3 1 1 1 1 1 1 1 5 5 5 5 4 5 5 5 6 5 5 3 2 2 2 1 2 0 1 0 1 1 1 1 1
1 2 2 2 2 2 3 5 6 8 9 13 13 8 6 6 6 6 6 6 6 6 3 3 3 3 3 3 3 3 4 7 7 8 8 8 8 8 8 8 4 4 3 3 3 3 2 2 2 2 2 3 3 2 2
1 2 1 -1 -1 1 1 0 0 0 5 5 6 9 11 12 12 12 10 9 4 2 2 0 0 4 4 3 3 3 3 3 3 5 9 9 9 9 9 9 4 3 3 3 3 3 3 1 2 2 2 -2 -2 1 1
1 1 2 3 3 3 3 7 10 10 9 9 5 5 5 5 1 4 4 4 6 6 6 6 5 5 5 5 5 3 2 2 2 2 1 1 1 1 1 0 2 2 2 0 -1 -1 0 1 2 2 2 1 1 0 0
0 3 2 3 3 3 3 3 6 12 12 10 10 6 5 3 3 3 3 4 5 6 7 7 7 7 6 6 0 -1 0 -1 -1 -1 3 4 3 1 1 1 1 1 3 3 3 2 1 1 -1 1 1 1 0 0 0
2 5 5 5 10 10 8 8 7 3 3 3 1 1 2 3 4 4 4 4 3 3 3 3 1 0 1 2 2 0 0 0 0 0 0 -1 0 0 1 2 2 2 1 1 -1 0 0 0 -1 -1 1 1 1 -1 1
2 2 2 1 1 4 4 8 8 13 15 15 14 13 9 8 4 4 4 4 4 4 4 4 4 4 4 4 4 4 5 8 8 5 5 5 5 5 5 5 4 3 3 3 3 2 2 2 2 1 1 1 2 1 1
2 2 2 3 3 3 3 5 6 10 10 11 10 9 6 6 4 3 3 3 6 6 6 6 6 6 6 5 7 5 6 5 5 4 2 4 2 3 2 3 0 0 0 0 0 0 2 2 2 2 1 1 1 1 -1
1 2 2 2 2 0 0 0 0 2 4 4 5 16 25 25 24 23 16 5 5 5 5 5 5 5 5 5 5 5 5 5 5 5 4 5 5 5 5 3 3 2 2 2 2 2 2 2 2 1 1 1 0 0 0
3 1 1 1 2 2 3 3 4 3 3 3 11 15 21 21 20 10 9 9 9 9 9 9 9 6 5 5 5 5 5 5 5 3 3 4 5 5 5 4 4 4 3 3 3 3 3 3 1 1 1 1 1 1 1
0 2 2 2 2 2 4 4 9 14 17 17 15 11 6 2 2 2 2 2 2 3 3 4 4 4 4 4 4 4 4 3 2 2 2 2 2 2 2 2 2 2 3 3 3 2 3 2 1 1 2 3 2 2 0
1 1 0 0 0 2 2 2 2 2 3 8 14 17 22 22 14 6 4 4 4 4 4 4 2 2 2 2 2 2 2 4 5 5 5 5 2 1 1 3 3 3 2 1 1 -1 1 -2 0 0 1 1 1 -1 0
-1 -1 -1 -1 -1 -1 -1 -1 1 -1 0 0 0 2 2 2 2 2 2 2 1 0 0 0 -1 -1 -1 -1 1 0 1 0 2 0 1 1 1 1 -1 1 0 0 0 0 0 -1 -1 1 1 1 3 4 4 13 18
-1 -1 0 0 0 -1 2 0 2 6 7 11 16 17 20 20 14 9 6 3 3 3 3 3 4 4 5 5 2 2 2 0 0 0 0 0 0 2 0 -1 -1 0 0 2 0 0 0 0 2 0 2 0 0 0 1
1 0 1 1 2 2 2 2 5 10 12 15 15 12 5 5 1 1 3 3 2 2 1 3 3 3 2 1 1 1 0 0 0 0 1 1 1 0 0 0 1 1 1 -1 -1 1 1 2 2 2 0 2 2 2 0
1 1 -2 -2 -4 -3 -3 0 0 0 1 2 4 15 23 27 29 34 34 31 31 31 27 13 13 8 6 6 5 3 3 1 0 0 0 0 0 0 0 0 0 0 3 4 6 6 6 6 6 6 2 2 -1 -1 0
-1 -1 -1 0 1 3 5 7 10 12 13 15 15 7 7 5 3 3 3 3 3 3 1 1 1 1 1 1 1 1 1 1 2 3 5 5 5 5 3 3 3 0 -1 -1 0 0 -1 -2 -2 -1 0 -1 -1 -1 0
-1 -1 -1 0 0 3 6 10 10 14 14 13 13 6 6 3 3 3 3 3 3 3 2 2 2 -1 -1 1 1 1 3 3 3 3 3 2 2 1 2 1 2 1 1 -1 -2 -1 2 2 0 0 0 0 0 0 -4
0 1 1 2 4 8 8 9 9 9 8 7 7 6 4 4 4 2 2 2 2 4 4 4 4 4 4 4 3 3 4 4 5 5 5 5 5 5 5 5 3 3 1 -1 -1 -1 -1 -2 -1 -1 2 2 -1 -1 -1
0 1 -2 2 2 5 5 6 11 12 12 15 15 14 13 9 3 3 3 3 3 3 3 2 2 2 2 2 2 2 2 4 4 5 5 5 5 5 4 2 0 0 0 0 -2 -1 -1 -1 -1 -1 0 0 0 1 1
-1 -1 -1 2 5 5 5 9 9 14 14 14 13 12 8 5 3 3 3 3 3 3 3 2 2 2 3 1 3 3 4 4 4 4 4 4 0 0 0 0 -1 -2 -2 -1 -1 -1 0 0 0 -1 1 0 1 0 1
3 8 11 13 13 12 10 6 6 6 3 3 3 1 3 4 4 4 7 7 6 4 2 1 1 1 0 1 1 1 1 0 -1 -1 -1 0 0 0 -1 -1 0 0 -2 -2 -1 -1 -1 -1 -1 -1 -1 0 0 0 0
1 1 1 0 5 3 3 3 7 8 10 10 11 10 8 6 6 6 6 6 6 6 2 2 4 4 4 4 4 4 5 6 6 6 6 6 6 6 4 1 1 2 2 -1 -1 0 0 0 0 1 1 1 0 0 0
0 -2 0 0 1 2 2 3 4 5 7 7 7 3 3 3 3 3 4 4 4 4 4 6 3 3 3 1 1 1 1 1 0 0 0 1 1 1 1 0 1 2 2 3 -1 -1 -1 -1 -2 1 1 1 2 1 1
-1 0 0 0 0 -1 2 2 4 7 7 7 8 8 6 5 3 3 3 3 3 3 2 2 2 2 2 2 5 6 6 6 6 6 6 6 4 2 2 2 0 0 1 1 0 0 1 2 2 1 1 1 1 0 0
1 1 1 2 4 5 7 7 7 6 6 4 2 3 1 3 4 7 7 7 4 3 3 3 3 1 -1 -1 -1 0 1 1 1 1 1 1 -1 -1 -1 -1 -2 -2 -2 0 0 0 -1 -1 -1 0 0 0 0 0 -2
-1 -1 -1 2 1 1 1 2 4 7 9 9 8 6 2 2 2 2 1 1 1 1 1 1 1 6 6 0 0 0 0 0 0 1 1 1 -3 -3 -1 -1 -1 0 0 -1 -2 -2 -2 -2 -2 -2 -2 -2 -2 -1 -1
2 1 2 4 7 10 11 11 6 4 4 2 2 1 1 2 5 6 6 6 3 2 1 -1 -1 0 1 1 -2 -2 -2 -3 -3 -3 0 1 1 0 0 0 0 0 -2 -1 -1 1 1 1 -1 -2 -2 -2 -1 -1 -1
-1 -1 2 2 4 6 7 9 9 4 4 4 1 4 2 4 4 4 4 4 4 6 6 6 4 3 3 3 3 -1 -1 -1 0 0 -1 -1 -1 1 2 2 2 0 -1 -2 -2 -2 0 0 -1 -1 -1 0 -1 0 0
2 5 2 2 2 2 3 3 6 10 14 16 16 11 11 4 4 4 4 4 4 4 6 6 6 6 6 6 6 6 8 8 8 8 8 8 8 8 5 5 4 4 2 2 2 2 1 0 0 0 0 2 2 2 0
0 1 1 1 1 3 4 6 7 9 13 13 13 11 7 5 4 4 5 5 5 5 5 5 5 5 6 7 8 7 5 5 4 5 4 4 2 2 0 2 1 1 1 1 1 1 1 1 2 2 2 2 2 0 1
3 3 4 3 4 6 6 11 14 15 14 16 14 13 10 9 8 8 8 8 8 8 4 4 7 7 7 7 7 7 7 7 7 8 8 8 8 8 8 7 4 4 4 4 4 3 5 5 5 4 3 3 2 2 1
3 1 1 2 3 3 4 7 8 11 15 16 15 13 11 10 5 5 5 5 5 5 4 4 7 7 7 7 7 7 7 8 9 9 8 8 8 8 8 8 8 8 8 6 6 4 4 3 4 3 4 2 2 2 0
0 3 3 3 3 3 3 6 11 13 13 13 10 9 7 7 6 6 6 7 7 11 11 9 7 7 6 6 4 4 4 4 1 1 2 3 3 3 2 2 2 2 3 1 3 3 3 3 3 3 4 2 2 2 2
3 3 5 5 4 4 8 9 13 13 16 13 12 6 4 4 4 2 2 3 8 8 7 6 5 4 3 4 3 2 0 2 1 2 2 2 2 2 3 3 2 -1 -1 -1 2 2 0 -1 -1 2 2 0 0 0 2
0 0 1 1 3 3 4 4 4 8 9 16 17 17 17 11 6 6 6 6 6 6 6 3 2 2 2 2 2 2 2 7 7 7 7 7 7 7 7 8 8 8 8 8 8 8 6 5 5 3 2 2 2 2 0
1 1 1 0 0 0 -1 -1 -1 -1 1 4 7 19 20 23 23 14 7 7 7 7 7 7 7 6 6 6 6 6 6 6 6 6 5 4 3 3 3 2 1 0 0 2 2 0 0 0 -1 -1 -1 1 1 1 -1
1 2 2 3 3 3 2 2 2 6 7 13 14 17 21 21 14 11 8 6 6 6 6 6 6 6 4 4 4 4 4 4 4 4 4 4 4 4 4 4 5 5 4 4 4 4 4 4 1 1 0 0 0 0 0
0 0 0 0 2 2 3 5 13 18 18 19 19 13 9 8 3 3 2 3 2 3 4 6 4 5 5 5 4 4 2 1 1 1 2 2 2 1 1 2 2 0 -1 0 0 0 1 0 -1 -1 1 1 1 1 1
0 0 1 1 1 1 1 2 2 3 6 13 14 17 21 21 19 13 8 4 4 4 4 4 4 4 4 4 4 4 4 4 4 4 6 6 7 7 7 1 1 1 1 1 1 1 1 1 1 1 2 2 1 0 1
2 2 2 0 0 0 1 1 1 0 0 5 6 8 20 24 30 32 34 35 35 35 35 35 23 12 9 5 5 5 3 3 3 2 2 2 2 2 2 2 2 2 2 6 6 6 6 6 6 6 8 8 8 8 8
2 2 0 0 0 1 1 1 0 0 5 6 8 20 8 8 4 4 2 2 3 3 2 2 2 2 2 2 2 1 0 1 1 1 0 0 0 0 -1 0 0 1 1 1 2 0 1 1 1 -1 -1 1 1 1 0
1 1 1 1 1 1 1 1 1 2 5 8 13 17 20 21 21 16 13 6 6 3 2 2 3 4 5 6 6 6 6 5 5 5 6 4 6 2 2 1 1 1 1 2 0 0 0 0 1 1 -1 -1 -1 1 1
-1 1 1 2 2 2 2 1 1 1 4 7 14 16 18 18 18 16 8 7 4 2 2 2 2 2 2 2 2 2 2 2 2 2 2 4 4 4 4 4 4 4 4 7 7 6 6 6 6 6 6 6 3 0 1
-1 0 3 3 0 0 1 1 1 3 6 11 18 18 20 20 12 7 5 5 5 5 5 5 5 5 5 5 5 5 5 5 5 5 5 5 5 5 5 5 5 5 4 2 2 2 1 0 0 0 0 0 -1 -1 -1
-3 0 0 0 0 0 1 1 1 1 5 5 11 14 20 20 20 14 5 4 0 0 0 2 2 2 2 2 2 2 5 9 9 9 9 9 9 9 4 3 1 3 2 2 2 0 0 0 1 0 -1 -1 0 0 0
-2 -2 -2 -1 -1 -1 1 0 2 4 4 4 4 4 4 3 2 2 2 2 -1 -1 1 4 4 4 4 4 4 8 23 28 31 34 34 33 28 26 16 9 7 2 4 2 1 1 0 0 0 0 -2 -2 -2 -2 -1
1 0 -1 -1 0 1 1 2 3 3 3 2 4 3 3 3 2 3 4 6 6 6 6 6 6 9 14 23 25 25 24 24 24 24 23 8 2 1 1 0 1 0 0 0 0 0 1 -2 1 0 0 0 1 2 2
-1 0 0 1 0 -1 -1 0 2 2 2 2 2 2 2 2 2 3 3 3 3 3 3 3 13 23 23 23 23 23 23 23 16 6 3 1 1 1 1 0 0 0 -1 -2 -1 0 0 1 1 1 2 1 -1 -1 0
1 1 0 0 0 0 1 1 3 3 3 3 1 2 2 6 6 6 16 21 26 26 26 22 21 9 4 3 3 2 0 -2 0 0 0 0 0 0 1 2 3 3 3 2 1 0 0 0 0 0 -1 -1 -1 -1 -1
-1 -1 -1 -1 -1 -1 1 2 4 4 4 4 2 3 3 7 15 23 23 22 10 2 0 0 0 0 1 0 0 0 2 2 2 1 3 4 4 3 1 1 1 1 0 1 0 0 0 0 0 0 -1 0 0 0 -1
-1 0 -1 -1 -2 -2 -1 3 2 2 2 3 4 3 2 2 2 6 7 11 13 16 16 7 1 0 0 0 2 1 1 0 0 1 1 1 -1 -1 4 4 2 2 1 0 0 1 1 0 0 0 0 -1 -2 -1 -1
-2 0 0 1 2 2 2 1 2 2 2 2 1 2 5 7 17 21 21 18 7 1 1 0 1 0 1 0 -1 -1 1 1 2 2 3 3 2 1 1 1 1 0 -1 -1 -1 0 0 0 0 0 1 0 -2 -2 -1
0 0 1 1 3 1 1 1 2 4 2 4 8 15 21 21 13 7 3 1 0 -2 -1 -2 -1 0 0 1 1 1 0 -1 0 1 1 1 1 1 1 0 0 0 1 0 0 0 -3 -3 -3 -2 0 0 -1 -1 -1
3 2 2 3 3 2 2 2 2 4 5 10 15 19 20 20 8 4 3 2 1 1 3 3 2 2 1 1 -1 0 0 0 0 1 1 1 1 0 1 0 0 0 0 0 0 1 1 3 0 0 0 0 1 0 1
2 1 1 2 2 1 1 2 3 3 3 3 3 5 4 5 8 14 14 7 3 2 2 0 0 0 0 0 -1 -1 1 1 -1 -1 0 0 2 -2 1 1 1 1 2 2 2 1 1 1 1 0 0 -1 -1 -1 2
2 2 2 2 1 1 2 3 5 6 6 6 6 2 2 8 10 11 11 5 3 3 3 2 1 2 1 1 1 0 1 1 1 1 3 4 4 2 2 3 3 2 2 2 2 2 3 3 2 2 2 3 3 2 2
-1 0 0 0 0 1 3 3 4 5 5 5 2 2 3 7 7 7 19 19 9 3 3 3 2 1 0 -1 -1 -1 -1 1 -1 1 1 1 1 1 1 0 -1 -1 -1 -1 -1 0 1 1 0 0 1 1 0 0 0
3 3 3 4 4 4 4 5 4 3 3 3 4 4 4 7 12 17 19 19 16 10 4 4 1 1 0 0 0 1 4 4 2 2 4 4 3 2 1 1 1 0 0 1 1 1 1 1 0 -1 0 0 0 0 -3
4 4 4 5 5 4 4 4 3 2 3 10 10 14 24 28 28 28 28 24 23 13 8 6 5 2 3 3 3 3 4 7 7 7 5 4 2 3 0 2 0 1 0 1 -1 1 0 1 1 1 2 2 2 2 0
3 3 3 5 6 6 3 3 3 4 6 6 13 17 20 20 17 8 4 4 2 2 1 1 2 2 3 3 7 9 7 6 5 5 5 2 2 1 2 1 2 2 2 2 1 1 0 0 1 1 2 2 2 1 1
3 4 4 4 3 3 3 3 3 3 4 4 4 7 9 10 20 21 21 17 8 5 5 2 2 2 1 1 1 1 1 1 3 4 4 4 4 3 3 2 2 3 3 3 2 1 2 0 3 1 1 1 1 2 0
3 3 3 5 5 5 5 6 2 4 4 4 4 4 5 6 6 6 6 6 6 6 23 27 31 34 37 42 43 46 46 17 4 4 7 7 6 5 4 4 2 2 2 2 1 2 2 2 2 2 2 2 4 5 6
3 3 5 5 5 3 1 1 5 5 5 6 9 14 20 24 27 27 23 22 16 7 6 5 3 3 2 3 3 3 3 3 3 4 3 1 1 5 5 4 4 3 3 2 2 2 2 2 3 3 3 4 4 4 2
2 4 4 4 4 5 5 5 6 6 6 6 6 1 1 4 8 8 16 23 26 27 27 25 21 14 7 4 4 2 3 2 0 0 1 1 1 2 2 3 3 3 3 3 2 2 1 0 1 1 1 3 1 0 0
3 3 4 3 2 2 2 3 3 4 6 8 18 19 22 22 16 9 6 3 3 3 3 3 3 3 3 3 3 3 3 3 3 4 4 4 6 6 3 2 1 2 2 2 1 1 1 2 1 1 1 -1 2 2 1
0 1 1 1 2 2 2 1 1 4 4 5 1 4 4 8 13 19 27 31 31 25 21 13 6 5 4 3 1 1 1 0 0 1 1 1 1 1 1 1 1 1 1 1 0 -1 0 1 1 1 0 -1 0 0 1
1 1 1 2 2 1 1 1 3 5 5 5 3 3 3 5 5 1 0 1 2 3 6 8 8 4 2 2 2 1 -1 -2 -2 -3 -2 -2 -2 -1 -1 -1 0 -2 -1 -2 -2 -2 -1 0 0 -1 -1 -1 0 0 0
2 1 1 0 -1 -1 -1 1 2 3 3 4 4 5 4 2 2 2 2 2 2 2 2 5 6 6 6 6 6 6 15 15 16 16 16 16 13 5 4 3 1 2 2 2 2 0 2 0 0 0 0 2 0 0 0
-1 2 2 2 2 2 2 3 1 3 2 2 2 3 3 7 8 9 11 12 14 12 9 7 7 5 5 4 3 3 3 3 3 3 2 2 2 2 2 1 1 1 2 1 2 1 0 0 0 0 -1 -1 -1 -1 -1
1 1 1 0 1 0 2 2 3 3 3 5 5 4 4 3 3 3 5 6 7 7 10 10 14 18 19 18 16 15 11 8 7 5 4 4 5 5 5 3 3 3 1 1 1 2 1 1 1 1 1 0 1 0 0
2 0 0 0 0 1 2 2 4 4 5 7 7 7 7 7 4 3 3 3 3 3 3 4 4 4 4 4 4 4 4 14 17 18 18 18 18 18 18 18 22 22 18 9 5 5 4 4 4 5 5 4 3 3 2
1 1 1 1 3 2 2 2 3 3 3 4 4 4 4 2 4 5 6 6 6 6 6 6 6 13 14 14 14 14 14 14 19 19 17 15 13 8 7 7 6 6 6 6 6 4 4 3 3 2 2 0 2 0 0
0 1 1 1 0 3 0 2 2 2 6 6 7 5 5 5 5 5 5 5 5 5 5 5 5 5 5 5 5 5 5 16 17 17 17 17 17 17 15 14 8 7 6 3 2 2 2 2 2 2 2 3 3 3 1
-1 -1 -1 -1 -1 0 2 2 2 4 6 6 6 4 4 4 4 1 1 4 4 10 10 12 12 19 20 20 18 12 10 7 7 7 4 4 4 4 3 1 1 1 2 2 2 -1 1 1 2 2 2 2 -1 1 -1
2 1 5 3 3 3 2 2 4 4 6 8 13 16 20 20 16 13 7 4 4 4 1 1 1 1 1 0 0 1 1 1 1 1 1 3 3 2 0 0 0 0 1 0 1 0 1 1 2 2 -2 -2 -1 1 1
2 3 3 3 3 3 3 3 2 2 4 4 6 13 20 22 22 8 4 3 3 1 1 1 1 2 2 1 1 1 0 -1 0 1 2 2 2 2 -1 2 2 2 1 1 1 3 3 3 -1 -1 -1 1 1 1 -2
1 1 2 2 3 3 3 3 1 1 6 7 8 14 22 22 19 5 4 2 1 1 1 1 0 1 -1 0 0 0 0 -1 -1 -1 -1 -1 -1 0 0 -3 -3 1 1 2 1 1 1 0 0 0 -1 -1 0 0 0
3 3 2 2 2 2 3 4 4 3 3 8 11 16 31 36 36 28 21 15 6 6 4 1 1 1 0 -1 -1 0 0 0 1 1 -3 -3 0 0 1 1 3 -1 -1 -1 1 1 1 1 2 2 0 -1 0 1 1
-1 -1 0 0 0 1 3 3 2 1 1 1 1 4 4 6 11 20 25 25 25 25 16 13 4 1 1 2 2 0 0 1 1 0 -1 -1 0 0 0 0 0 -1 -1 -1 0 2 2 0 0 0 -1 -1 1 1 1
0 0 -1 0 0 0 0 2 2 2 5 5 5 3 3 3 3 4 12 12 12 12 23 41 41 65 66 66 65 62 37 15 6 3 6 6 6 5 2 2 2 1 1 1 2 2 1 -2 1 -1 2 0 0 -2 -2
-1 -1 0 0 0 1 2 3 3 2 2 2 2 2 3 10 10 19 24 24 14 7 3 2 -1 -1 -1 -2 -2 -1 0 0 0 0 1 -2 1 -3 1 -2 1 -1 -1 -1 -1 -1 -1 -2 0 0 0 0 0 0 0
1 1 2 2 2 1 2 2 4 4 4 4 2 1 1 1 1 2 5 6 11 17 19 23 22 9 5 2 2 2 -1 -1 -1 -1 -1 -1 -3 -3 -2 -2 -2 -2 -2 -1 -2 -2 -2 -2 -1 -2 -2 -2 -2 -2 -4
0 1 1 1 1 1 3 4 4 3 3 3 1 1 5 5 5 5 9 20 20 8 4 3 2 2 2 1 1 -2 2 3 3 1 -1 1 -1 -1 -1 -1 0 -1 0 0 1 1 1 1 0 0 -1 0 1 1 1
0 0 -1 -1 -1 1 -1 -1 -1 0 2 4 5 5 0 0 -1 3 3 3 3 3 11 19 19 15 5 4 1 1 0 2 0 1 0 -1 -1 1 1 0 0 0 0 0 -1 -1 0 2 0 0 0 0 -1 0 0
-1 1 2 2 2 0 0 1 3 4 5 5 5 5 5 4 4 4 4 4 4 4 4 5 5 5 5 5 5 5 5 15 18 22 22 22 22 22 22 14 12 6 5 4 4 4 3 3 1 3 2 2 2 2 1
0 0 0 1 1 3 3 4 4 3 3 3 3 3 4 6 11 12 12 11 8 4 4 4 2 2 2 2 0 0 0 1 2 1 1 1 0 0 -1 -1 -1 0 0 0 0 0 1 4 2 2 2 2 1 2 -3
0 1 1 1 0 0 0 0 2 2 2 5 5 5 5 5 4 4 9 9 9 9 9 16 16 15 8 7 6 5 5 4 2 2 1 1 1 1 2 2 2 4 2 2 1 1 1 1 1 2 2 2 2 1 1
2 2 -2 2 1 2 3 3 2 2 3 5 5 6 6 6 5 5 5 5 4 4 6 6 6 6 6 12 12 8 4 3 1 -2 -2 3 3 2 2 1 1 1 2 2 3 3 2 2 2 1 0 0 1 2 2
1 2 2 2 1 2 1 1 1 2 3 3 3 3 2 2 4 5 9 9 14 14 11 5 2 2 1 1 1 2 2 2 1 1 2 2 1 0 0 4 4 1 1 2 3 2 3 2 4 2 4 2 2 1 2
3 2 2 2 0 3 3 3 5 5 5 5 5 3 3 6 7 9 9 4 3 4 3 3 1 1 3 3 4 4 4 5 4 4 2 0 0 4 4 5 2 2 2 2 3 2 3 2 0 0 0 0 0 0 0
0 0 1 1 1 2 0 1 1 3 3 3 3 3 1 1 1 3 3 3 3 3 3 3 15 15 10 5 0 0 0 0 2 2 0 0 1 1 1 1 1 1 2 2 2 0 2 2 2 0 0 0 2 2 1
0 1 3 4 3 3 3 3 4 4 4 2 2 2 3 3 3 10 18 18 10 8 4 3 2 3 1 2 2 2 2 0 0 0 1 3 3 2 2 2 1 1 1 2 0 1 1 1 1 1 0 0 0 0 0
0 -2 0 -2 -3 -3 -2 0 0 0 1 3 4 3 3 -1 -1 3 3 3 4 5 8 14 14 13 11 10 5 2 2 2 3 3 3 4 2 2 2 1 4 2 2 1 1 1 -1 -1 1 1 1 -1 -1 -1 0
2 2 2 0 1 1 3 3 2 2 4 5 4 3 3 1 3 3 8 8 8 8 8 8 14 17 17 17 17 17 17 18 18 14 10 9 7 7 6 6 4 4 6 7 7 6 5 5 4 4 3 3 1 1 3
0 1 0 2 1 2 2 5 3 3 3 3 3 3 4 6 9 19 19 16 10 5 3 2 2 2 1 -1 1 0 0 0 1 1 1 2 2 2 0 0 0 -1 0 -1 1 2 2 1 1 2 2 2 1 1 0
2 2 2 2 0 0 5 5 2 2 2 3 3 4 4 10 22 25 35 35 35 34 27 25 16 9 6 6 5 4 5 4 1 1 1 2 2 1 -1 1 -1 1 1 1 1 0 3 3 3 1 0 0 0 0 0
0 0 1 1 0 0 2 2 2 1 1 2 4 13 21 21 17 10 3 2 0 0 0 0 1 1 1 1 1 2 2 3 2 0 0 0 1 -2 0 -2 -1 -1 -1 -1 -1 0 0 1 2 2 2 2 2 2 0
1 3 3 3 4 6 3 3 0 2 2 4 6 19 20 20 7 4 1 1 1 1 1 1 1 1 0 1 1 1 1 1 1 1 1 2 2 0 0 0 0 0 -1 -1 0 1 1 1 1 1 1 1 0 -1 0
0 -1 0 3 4 4 4 2 2 1 1 0 0 1 1 7 7 13 30 31 31 23 22 22 22 9 6 5 2 1 1 1 0 -1 -1 -1 -1 0 0 0 0 1 1 1 1 2 2 2 1 1 1 2 2 2 2
1 1 0 -1 -1 2 3 3 2 2 1 1 1 5 6 6 13 16 22 22 20 11 6 5 3 3 2 3 2 2 2 2 3 2 2 2 2 2 2 2 2 0 2 0 0 0 0 0 0 0 0 0 0 -1 -2
1 2 3 3 3 3 3 3 4 4 4 3 2 3 6 9 10 13 16 17 17 17 8 4 4 4 0 0 0 1 1 3 3 2 2 2 2 2 2 2 1 1 1 1 1 0 0 -1 -1 1 1 1 1 1 1
1 2 2 2 2 2 2 1 3 3 4 6 12 15 20 20 19 9 5 4 3 4 2 3 1 1 0 0 1 1 1 0 0 0 -1 0 0 0 -1 -1 1 1 0 -1 -3 -3 -1 -1 -1 1 1 1 0 0 0
1 1 1 3 3 4 5 5 5 5 5 3 2 2 4 5 12 12 12 25 27 28 30 32 30 30 30 21 8 4 4 3 4 2 2 2 2 2 -1 -1 -1 0 0 2 0 1 1 1 1 2 1 1 1 2 2
-1 -1 1 1 1 1 1 3 3 4 3 4 5 5 7 3 4 2 4 6 6 7 16 19 20 21 21 17 5 5 3 5 2 1 1 0 0 0 1 2 2 3 3 2 1 0 0 0 2 2 2 2 2 2 -2
3 4 4 5 5 5 4 4 3 3 3 6 10 17 20 22 22 12 7 6 7 4 3 3 3 2 3 2 3 3 3 1 1 1 2 2 2 1 1 -1 0 0 0 0 -1 -1 -1 0 0 0 2 1 1 1 2
-2 -2 3 4 4 2 2 3 3 3 3 5 6 14 20 21 20 19 15 14 10 7 5 4 4 2 3 3 3 3 3 1 2 2 2 -1 -1 2 2 2 1 -1 -1 -1 -1 -1 -2 -1 -1 0 1 1 1 -2 0
2 2 2 2 1 1 2 5 5 5 4 5 4 3 3 5 11 15 17 17 14 7 3 2 3 0 1 1 1 -1 -1 -1 1 2 2 1 1 0 0 0 0 0 0 0 1 2 2 0 -1 0 1 1 1 0 -1
0 0 1 1 1 1 4 4 4 4 2 1 1 2 2 7 8 11 15 16 16 11 6 6 3 3 3 1 1 2 2 2 1 1 1 1 1 1 1 2 1 1 1 0 1 0 0 0 0 0 -1 -3 -3 -1 1
2 2 2 2 2 2 2 3 5 5 5 4 4 2 3 5 15 30 30 28 26 20 17 17 17 6 5 4 4 4 0 -1 0 2 2 1 1 -2 0 -2 0 -1 -1 -1 2 2 1 -1 -1 0 0 1 1 1 -1
0 2 -1 0 0 0 1 2 2 2 2 4 5 5 5 3 4 4 11 13 13 11 5 4 3 2 2 2 2 2 1 1 1 1 1 1 1 2 3 3 -1 -1 -1 0 1 1 0 0 -1 1 -1 0 0 1 1
1 1 0 0 2 2 1 1 2 4 4 4 6 6 6 5 5 5 5 5 5 5 5 4 4 4 4 4 4 4 4 15 23 23 23 23 23 23 24 24 15 10 5 5 5 5 5 5 4 2 2 1 2 2 2
-1 -1 1 3 2 2 2 2 2 3 5 5 6 5 5 5 5 5 5 5 5 5 5 7 7 7 7 7 7 14 17 20 20 20 20 20 20 20 16 15 10 6 4 4 4 5 4 5 4 5 2 1 1 2 2
1 -2 -2 -2 0 1 1 3 4 4 5 8 8 8 5 5 4 4 4 4 4 4 4 4 6 6 6 6 6 6 6 6 18 24 24 24 24 24 24 24 24 22 18 14 14 11 11 10 9 9 6 5 4 3 3
1 1 1 1 2 1 0 0 0 0 0 1 1 1 1 6 6 6 6 5 4 4 4 3 3 4 4 4 4 6 6 6 6 6 6 6 6 1 1 3 3 7 10 10 10 12 17 19 19 15 9 8 5 5 4
3 1 3 2 4 2 5 4 4 4 7 7 7 7 6 3 3 3 3 3 3 3 3 3 3 3 3 3 3 3 15 21 21 21 21 21 21 21 21 16 7 5 2 2 2 2 2 2 1 1 1 1 0 2 0
0 0 1 1 0 0 1 2 3 5 5 5 5 5 5 3 2 2 2 4 6 6 6 6 6 6 17 21 21 21 21 21 21 18 12 6 4 4 4 4 3 0 3 3 3 2 2 2 1 2 2 2 0 0 1
1 1 2 1 2 3 3 4 6 6 7 5 5 5 6 6 2 2 2 2 4 5 5 5 5 5 5 20 26 38 38 37 36 31 27 20 12 5 5 5 5 5 5 5 3 2 2 2 3 3 3 0 2 2 3
2 1 1 1 1 1 1 2 2 2 2 4 4 6 6 3 3 3 3 3 3 3 3 6 6 6 6 6 6 18 24 24 24 24 24 24 24 22 11 7 6 6 6 3 3 3 3 2 2 2 2 3 3 1 1
-1 1 1 1 1 0 0 1 2 4 4 4 4 6 6 4 4 3 3 3 3 3 2 2 2 2 2 2 2 15 22 22 22 22 22 22 22 28 28 22 22 13 7 4 2 2 2 2 1 1 1 2 2 3 2
1 1 1 1 1 1 -1 -1 2 4 4 4 4 4 4 4 2 4 6 6 6 6 6 6 16 26 26 38 39 39 37 35 27 12 7 6 5 5 2 2 2 2 1 1 1 0 0 1 2 1 2 1 2 3 3
1 1 0 0 0 0 0 0 0 0 2 2 2 3 3 2 2 2 2 2 2 8 11 11 11 11 11 11 18 19 19 19 19 19 19 19 16 13 9 9 9 9 9 9 6 2 2 2 2 2 2 3 3 2 2
-1 -1 0 0 0 0 0 0 0 0 1 2 3 3 5 6 10 10 10 10 10 10 14 15 15 15 15 15 15 12 11 8 8 8 8 8 8 8 3 3 3 3 3 3 3 4 2 4 5 5 5 5 5 4 2
2 -1 -1 1 1 1 0 0 0 0 1 1 2 2 6 7 10 10 10 10 10 10 15 15 15 15 15 15 15 9 6 6 6 6 6 6 6 5 5 5 5 5 5 3 1 3 1 3 1 2 2 2 1 1 3
0 0 1 1 0 0 0 0 0 2 3 3 3 7 9 13 13 13 12 12 9 7 6 3 2 2 2 1 1 1 1 1 0 0 1 2 1 1 0 0 0 0 1 0 -1 -2 -2 -2 -1 0 1 1 1 -1 -2
-1 -1 -1 -1 0 0 0 0 2 2 2 3 5 5 5 6 10 11 11 11 11 11 11 12 14 14 14 14 14 14 10 10 10 10 10 10 10 7 5 5 5 5 5 5 5 5 4 3 3 3 5 5 5 3 3
1 1 0 0 1 1 1 1 2 2 4 4 4 4 5 4 4 3 3 3 3 0 -1 -1 1 2 2 2 1 1 2 2 1 1 2 4 2 2 0 0 0 1 1 1 1 1 1 0 0 0 0 -1 -2 -2 -2
1 0 -1 0 2 3 2 2 2 2 3 5 6 6 10 10 10 9 9 7 7 7 6 3 3 4 5 4 4 1 3 3 4 4 4 3 3 3 3 2 2 2 2 2 2 2 1 1 1 1 0 -2 -2 1 1
0 0 0 2 2 1 1 1 1 1 2 2 2 3 3 7 7 7 7 7 7 7 10 11 11 11 11 11 11 11 11 10 10 10 10 10 10 10 6 5 5 5 5 5 5 5 4 4 4 5 3 4 3 4 3
0 -1 0 0 1 2 2 2 1 1 1 2 2 5 7 7 7 7 9 11 11 11 11 11 11 10 8 6 6 6 6 6 6 6 6 6 4 4 3 3 3 3 4 4 4 5 6 6 4 4 4 2 3 3 3
-1 1 1 0 0 0 2 2 2 3 4 4 5 6 8 8 8 8 7 6 6 5 0 -1 0 2 3 3 4 4 4 2 2 2 2 4 3 3 3 3 3 3 2 3 3 3 1 1 2 3 3 1 -1 1 0
-1 2 2 2 2 1 1 1 1 1 2 2 3 3 3 5 7 7 9 9 9 9 9 9 9 9 9 10 10 10 10 10 10 10 6 6 5 6 5 5 4 3 3 3 2 2 2 2 2 2 2 2 2 0 0
2 2 0 0 1 1 1 1 0 0 2 3 2 3 3 5 5 5 5 5 5 5 9 9 9 9 9 9 9 9 9 8 8 6 6 3 3 2 3 3 3 3 3 2 2 2 5 1 0 0 0 1 5 1 1
2 2 1 1 1 2 2 2 2 5 5 5 5 6 6 8 6 6 6 5 4 4 4 5 3 3 2 2 2 3 3 3 3 3 1 1 0 3 2 2 2 3 3 1 1 2 2 2 2 1 1 1 0 2 0
1 2 2 2 2 1 0 0 0 1 1 2 2 2 5 6 6 6 6 6 6 8 9 9 9 9 9 9 7 7 7 7 7 7 7 6 4 6 3 2 2 2 3 3 2 1 0 -1 -1 1 1 2 2 2 1
1 1 1 1 0 0 0 3 4 4 4 6 6 6 9 10 10 10 10 6 6 6 3 3 3 2 2 4 4 3 1 1 1 1 2 2 2 1 1 1 0 0 0 0 0 1 1 1 0 0 1 1 1 1 -1
-1 0 0 0 3 3 3 2 2 3 3 4 4 5 6 7 7 7 7 7 7 8 8 8 4 3 3 3 3 3 1 1 1 1 -1 -1 0 1 1 1 1 -1 -1 -1 0 -1 1 2 2 3 3 3 0 0 0
0 0 0 0 0 0 0 0 3 1 3 2 4 4 5 6 6 6 6 6 6 6 6 6 6 6 6 6 6 6 6 5 2 2 2 2 2 2 2 4 2 0 0 1 1 2 2 0 0 2 2 2 0 0 0
1 1 1 3 1 3 1 1 1 1 1 4 4 4 5 6 7 6 5 5 5 5 5 5 9 9 9 9 9 9 9 6 4 4 4 4 2 2 0 0 1 1 1 1 1 1 1 1 0 0 0 0 0 0 0
1 1 1 1 1 1 2 2 2 2 2 4 5 5 5 2 2 2 2 2 2 9 9 9 9 9 9 9 9 9 9 9 9 9 9 9 4 3 3 2 2 2 0 0 0 -1 0 1 1 0 -2 0 0 1 1
0 2 2 2 1 1 1 1 1 2 3 3 3 3 5 6 6 6 6 6 6 6 6 10 10 10 10 10 10 7 5 5 5 5 5 5 2 2 1 1 2 2 2 1 1 1 3 3 2 2 1 1 1 2 2
1 2 0 1 1 2 2 2 3 5 4 4 4 6 6 7 6 7 6 4 4 4 2 0 1 0 1 2 3 3 0 0 0 2 1 1 0 0 1 1 1 1 2 2 2 2 2 2 2 0 0 0 0 0 0
1 1 -2 -2 1 1 1 1 2 2 1 1 2 3 5 6 6 6 6 6 6 9 9 9 9 9 9 9 9 4 4 4 4 4 4 4 2 2 2 2 2 2 2 2 0 0 0 0 0 0 0 2 2 2 2
0 -1 -1 2 2 2 0 0 0 0 2 0 0 0 3 7 7 7 7 7 10 10 10 10 10 10 10 6 4 4 4 4 4 4 4 4 2 2 2 2 2 2 2 0 0 0 0 0 0 0 2 2 2 2 2
0 0 0 1 1 0 0 0 1 1 1 1 3 6 7 9 13 13 13 13 13 13 7 5 5 5 3 3 3 3 3 3 3 3 3 3 3 2 2 2 1 1 1 0 2 2 2 0 0 1 1 1 0 0 1
0 0 1 1 1 -1 -1 0 1 3 3 4 4 7 8 10 11 11 9 5 5 5 3 1 1 1 1 1 2 1 2 1 1 -1 -1 0 0 0 1 2 2 1 1 1 1 0 1 0 1 1 1 1 -1 -1 -1
2 3 2 2 2 -2 3 1 2 2 3 4 6 8 9 10 11 11 11 11 11 11 11 11 8 8 8 8 8 8 8 2 2 2 2 2 2 2 2 3 2 0 0 1 1 1 1 -1 -2 -2 0 0 2 2 2
1 1 0 0 0 1 1 1 2 2 2 1 2 3 4 7 9 11 11 11 11 11 11 11 9 9 9 9 9 9 9 9 9 9 6 3 2 2 2 2 1 1 1 2 2 0 0 2 2 2 0 -1 -1 -2 0
-1 0 2 1 1 1 1 2 0 2 2 3 5 7 9 9 9 9 9 9 9 7 5 2 2 2 0 0 0 1 2 2 2 4 4 1 1 1 1 1 1 1 0 0 0 0 1 2 2 1 1 1 1 0 0
1 1 1 2 2 2 2 2 3 3 4 5 7 10 10 10 9 8 8 5 4 4 4 3 2 3 3 3 4 4 1 1 2 2 2 0 0 0 0 0 2 2 3 2 2 2 2 2 2 3 3 3 3 3 2
1 2 2 2 1 1 1 3 3 2 1 2 4 6 10 11 11 11 9 9 5 4 3 2 1 1 1 1 1 0 -1 -1 -1 -1 -1 1 0 1 0 2 0 1 1 1 1 2 0 0 0 2 2 0 0 0 0
0 0 0 -1 -1 1 3 3 3 3 4 4 5 8 9 9 10 10 8 6 6 5 4 3 2 2 3 3 3 3 3 2 2 2 2 2 0 0 0 1 2 2 1 1 1 3 1 3 1 1 -1 -1 1 1 1
1 1 1 4 4 2 2 2 2 2 4 5 5 6 7 9 9 9 9 9 9 9 9 9 9 7 7 7 7 7 7 7 5 2 2 4 5 4 4 1 1 3 3 3 2 3 3 4 4 4 2 2 2 1 2
1 1 2 2 2 1 1 4 4 3 2 3 3 3 5 7 8 10 10 10 11 11 8 6 5 5 4 3 4 3 4 3 3 2 2 3 3 3 3 3 3 3 3 3 2 2 1 1 1 1 1 2 2 2 1
2 3 3 3 3 4 4 4 4 5 7 8 9 8 8 8 6 8 5 5 4 4 4 2 3 3 3 4 4 3 1 1 2 2 1 1 1 3 2 2 1 1 1 2 2 2 1 1 1 2 2 1 0 0 1
0 0 0 0 0 0 1 1 2 4 4 7 7 8 7 7 7 7 7 6 6 6 3 3 3 3 4 2 3 3 3 2 2 2 2 2 1 1 1 1 0 0 1 2 2 1 1 0 -1 -1 -1 0 0 0 0
0 1 1 -1 -1 1 2 2 3 3 4 3 5 5 5 5 5 5 5 5 5 2 2 2 2 2 2 2 2 1 1 2 2 2 2 2 2 1 0 0 0 1 1 0 0 0 1 0 0 0 0 0 0 0 0
0 1 1 -2 -2 -2 -1 -1 0 0 1 2 4 7 8 8 8 6 2 2 3 3 2 1 1 1 1 1 1 1 1 -1 -1 -1 -2 -1 -1 0 0 0 3 3 2 -1 -1 -1 1 1 1 1 2 2 2 2 2
0 1 1 1 1 1 1 3 3 3 3 4 5 5 5 4 3 2 1 1 2 2 2 0 4 3 3 0 0 2 2 2 1 1 1 1 -1 0 0 1 1 1 1 1 1 0 -2 -2 -3 -3 -2 -2 -2 0 0
2 1 1 -1 0 -1 -1 -1 3 3 3 3 5 5 5 6 6 6 6 6 6 6 6 4 3 0 -1 -1 -1 -1 -1 -1 1 1 1 0 0 0 1 0 1 1 1 -2 -2 2 2 -1 -1 2 2 0 -1 -1 -1
0 0 0 -1 -1 0 1 0 0 -2 0 1 2 4 6 7 7 7 7 7 7 13 14 14 14 14 14 14 14 11 9 8 8 8 8 8 8 4 3 3 3 3 3 3 3 2 1 1 1 2 2 0 0 0 1
1 2 2 0 0 0 3 3 2 0 1 1 2 5 5 8 8 11 11 11 11 11 11 11 12 12 12 12 12 12 12 7 6 2 2 2 2 2 2 1 0 0 0 1 0 -1 -1 0 1 2 2 2 3 1 1
2 2 2 2 2 2 1 0 0 1 3 3 3 9 9 13 13 13 13 13 13 13 8 6 6 6 6 6 6 4 3 3 3 3 1 1 1 0 0 3 3 -1 -1 0 0 0 0 0 0 0 1 0 -2 -2 -1
0 1 0 1 0 0 0 1 2 1 3 3 5 5 9 9 9 9 7 6 5 2 2 1 1 1 2 2 1 1 1 2 2 2 0 0 2 2 1 0 1 1 2 2 2 2 1 1 1 0 0 2 3 2 1
-1 1 1 1 1 0 0 0 0 -1 1 1 1 2 4 5 9 9 9 7 7 4 4 2 2 2 1 1 1 1 1 1 -1 -1 1 1 -2 -2 -1 0 0 0 1 -1 1 -1 1 0 1 0 0 0 0 0 0
1 -2 0 -2 -1 -1 1 1 1 -1 0 0 1 3 3 6 6 7 7 7 7 7 7 4 4 6 6 6 6 6 6 4 2 3 2 3 2 -1 -1 2 2 -1 -1 -1 -2 -2 -1 -1 0 1 1 0 0 0 -1
1 0 0 0 -1 -1 -1 -1 1 1 0 0 2 3 6 7 7 4 4 4 4 4 4 4 1 1 1 1 1 1 1 2 1 1 -2 -2 -2 1 1 1 -1 -1 0 0 0 0 -1 0 0 0 0 0 -1 -2 -3
1 2 2 2 2 2 2 2 1 1 3 3 5 6 6 9 9 8 5 4 3 3 0 0 0 2 0 0 0 -1 -1 0 1 1 0 0 0 0 1 2 2 -1 -1 1 1 -1 -1 1 1 1 2 2 0 0 0
0 1 -2 -1 -1 0 1 1 1 3 3 4 6 6 6 5 3 3 3 3 3 3 3 2 2 2 2 2 2 2 0 0 0 0 0 0 0 2 2 2 2 2 1 1 2 2 0 0 0 1 1 1 1 0 0
-1 -1 1 1 3 -1 3 2 2 2 2 4 6 6 6 8 8 10 10 10 10 10 10 10 3 3 3 3 3 3 3 3 3 3 3 3 3 3 3 2 1 2 2 2 2 2 1 1 1 1 1 4 2 2 1
0 0 4 4 4 4 2 2 2 1 3 3 4 5 5 6 9 9 9 9 9 9 9 9 14 14 12 12 12 12 12 12 12 7 4 4 4 4 4 4 3 2 2 2 2 2 2 2 3 3 0 0 3 4 4
0 0 0 0 0 0 1 2 3 4 6 4 5 5 9 10 10 13 13 13 13 13 13 9 8 8 8 8 8 8 6 6 6 6 6 6 6 6 3 3 3 3 3 3 3 4 3 3 3 3 3 2 1 1 1
0 -1 -1 2 2 1 1 1 4 4 5 5 7 7 8 10 11 11 11 11 11 11 10 8 8 8 8 8 8 8 3 1 1 1 1 1 1 1 1 1 1 0 0 1 2 2 2 1 3 1 1 1 1 1 1
0 1 2 2 2 2 2 2 3 2 3 2 4 4 7 7 10 12 12 12 12 12 10 6 5 4 4 3 2 2 2 3 3 2 2 2 1 4 0 1 1 2 2 2 1 2 3 3 2 2 1 1 2 2 1
4 2 2 2 1 0 1 2 4 5 5 5 5 6 8 9 9 9 5 3 1 3 2 2 0 0 1 1 1 1 2 2 3 3 1 1 1 2 0 2 0 2 0 -3 -3 -2 2 2 -1 -1 1 1 1 2 2
1 1 1 2 3 3 3 3 3 3 3 3 6 6 6 12 13 13 13 13 13 13 13 14 14 14 14 14 14 5 4 4 4 4 4 4 4 4 4 4 4 4 4 2 2 1 3 1 2 2 2 2 3 0 2
1 1 1 3 2 2 1 1 3 3 6 7 7 7 8 11 11 11 11 11 11 11 7 7 7 7 7 7 7 7 4 3 3 3 1 1 1 1 1 1 1 1 1 1 0 1 1 1 0 0 0 2 1 1 1
2 2 1 2 1 1 1 2 2 2 2 5 5 6 10 11 11 11 11 11 11 11 7 7 7 7 7 7 7 7 4 4 4 4 3 2 3 2 4 4 4 3 1 1 2 3 2 2 2 4 4 2 2 1 3
2 2 2 3 3 3 3 3 3 3 3 4 4 7 11 12 11 11 11 11 11 11 8 8 8 6 3 3 4 4 2 2 3 3 4 1 1 1 4 4 3 3 1 1 1 2 4 4 3 3 3 1 1 1 1
3 3 2 2 1 1 2 4 4 4 4 5 7 7 9 11 11 11 11 11 11 11 7 5 4 4 4 4 3 2 2 4 4 1 1 1 1 1 1 1 1 3 2 3 2 2 2 2 2 1 -1 1 3 3 3
1 1 2 2 2 2 2 2 3 4 5 5 6 7 8 12 14 14 14 14 14 14 9 8 7 7 7 7 7 7 4 4 4 2 3 3 3 3 1 1 0 0 0 2 2 2 2 2 2 2 2 2 3 1 3
3 3 3 3 5 5 2 2 3 4 4 5 5 8 8 11 8 7 6 5 5 4 4 4 4 4 4 2 2 2 2 2 2 2 1 0 0 3 3 2 2 2 2 2 2 2 0 -1 0 2 2 2 3 1 3
3 1 3 4 4 4 2 1 1 5 5 8 8 7 7 10 10 9 8 6 5 5 4 2 2 1 1 1 1 3 3 3 2 1 2 3 3 3 2 2 2 2 2 1 2 2 2 0 0 2 3 2 2 2 2
2 2 2 4 1 4 2 2 2 4 5 7 8 8 10 12 13 13 8 7 6 4 4 2 4 2 1 0 0 0 0 0 1 1 1 0 0 0 0 1 0 -1 -1 1 2 2 1 1 3 3 0 0 0 4 4
0 0 1 1 1 0 0 -1 -1 1 1 1 2 4 5 7 12 15 15 15 15 15 15 14 8 8 7 4 4 4 4 4 4 4 3 1 0 0 0 0 0 0 0 2 0 0 0 2 2 3 1 1 1 -2 0
1 1 0 0 0 0 0 0 2 2 3 4 5 5 8 8 10 10 10 10 10 10 10 7 5 5 4 0 0 1 2 3 3 0 0 0 0 1 1 -2 -2 -1 0 1 1 1 2 1 1 1 1 1 0 0 0
2 2 2 2 2 2 0 0 0 1 1 3 3 3 5 7 9 11 11 11 11 11 11 9 6 4 4 4 4 4 4 1 1 1 2 1 1 1 1 1 1 2 -1 0 0 1 1 1 0 1 0 0 0 0 -2
2 1 1 0 0 2 2 3 2 2 2 4 6 7 7 8 10 10 4 4 5 5 3 3 3 3 2 2 2 2 2 -1 -1 1 1 0 0 0 1 0 0 0 0 0 0 0 -1 -1 -1 1 3 3 1 1 1
1 1 2 2 2 1 1 0 0 4 4 4 4 6 8 8 8 6 5 4 5 1 2 2 2 2 2 2 3 2 2 0 0 -2 1 2 2 0 0 0 0 0 2 2 2 0 0 0 1 1 1 1 2 1 1
-1 -2 0 0 1 2 2 3 3 3 2 2 2 6 7 7 8 8 5 5 2 2 2 1 0 1 0 0 0 1 1 1 1 1 2 2 2 1 1 1 1 1 1 1 1 1 1 1 1 1 1 1 1 2 2
1 1 1 1 1 0 1 1 1 1 0 1 3 4 6 6 6 6 6 6 6 7 8 8 8 8 8 8 7 7 7 7 7 7 7 7 3 3 3 -1 -1 0 1 0 -2 -2 0 0 0 0 1 1 0 0 0
0 1 1 2 1 1 0 0 0 2 2 3 5 5 7 7 9 9 9 9 9 9 7 6 6 6 6 6 6 6 2 2 1 1 0 0 0 -1 -1 -1 0 0 0 0 0 0 0 0 0 1 1 2 1 -1 -1
0 -4 1 -4 2 1 1 1 1 1 1 2 4 7 7 9 11 11 11 11 11 11 6 4 4 4 4 4 4 4 3 3 3 3 3 0 0 0 -1 2 -1 2 0 2 0 1 0 1 1 1 1 2 3 3 2
-1 -1 -1 -1 -1 -2 -2 -2 0 0 1 1 1 1 6 6 6 6 6 6 6 10 15 15 15 15 15 15 13 11 11 11 11 11 11 4 0 0 0 0 0 0 0 0 1 1 0 0 0 0 0 -2 -2 -1 -1
-1 -1 -1 -1 -1 1 1 1 2 3 3 2 2 4 6 6 5 5 5 5 5 2 -2 -2 -2 -2 -2 -1 -1 0 -1 -1 -1 -2 0 0 0 0 -1 -1 -1 -1 1 1 -1 -1 -1 -1 0 0 0 -2 -2 -2 -1
0 -1 0 -1 0 0 0 0 0 0 1 2 3 4 5 5 3 3 3 3 3 3 3 0 0 0 0 0 0 0 0 -2 -2 -2 -2 -2 -2 -2 -1 1 1 2 -1 -1 -1 -1 -1 -2 -2 -2 0 0 -4 -4 -4
