1 0 0 0 1 0 1 1 2 2 4 4 3 3 3 2 3 2 3 2 4 3 3 3 1 0 1 -1 0 0 0 2 1 1 0 0 1 1 1 0 0 0 -1 -2 -2 -1 2 1 1 1 1 2 2 2 1
-1 -1 0 -2 0 0 0 1 1 1 0 0 2 3 4 4 1 1 1 1 1 1 1 5 5 5 5 5 5 4 4 4 3 3 3 5 4 4 3 3 5 5 3 3 3 4 4 4 4 4 4 4 4 1 1
-2 -2 1 1 0 0 3 3 2 2 2 2 3 2 4 4 4 4 4 4 4 4 4 4 3 3 3 3 3 3 3 5 4 5 4 6 4 4 3 3 3 4 4 4 4 3 3 3 3 3 3 3 3 2 2
-2 -1 -1 0 0 0 1 1 1 1 2 2 2 3 4 5 6 6 6 6 6 6 6 4 4 4 3 4 5 5 2 2 4 4 4 4 4 4 4 4 1 1 1 1 1 1 1 2 2 2 1 1 1 1 3
0 0 0 1 1 1 4 4 3 3 3 4 5 6 7 9 10 10 10 10 10 10 10 9 9 9 8 7 5 5 5 5 5 5 5 6 6 5 5 4 3 1 1 1 1 3 1 1 0 0 1 1 1 1 0
0 0 1 2 2 2 2 2 2 5 6 8 9 10 10 12 12 12 11 11 11 11 11 11 10 10 9 9 8 8 5 4 2 2 2 1 1 1 1 1 2 1 2 2 2 2 1 1 1 2 4 4 1 0 1
0 0 0 0 1 1 1 1 2 2 3 3 3 3 4 5 7 7 7 7 7 7 5 5 4 5 6 7 7 6 3 3 3 3 3 3 3 1 1 1 3 1 1 1 1 1 1 1 1 2 1 1 1 -1 1
1 1 0 0 1 2 3 3 3 3 4 5 5 6 6 6 6 6 6 6 6 6 6 7 7 6 6 5 1 1 1 1 1 1 1 3 3 3 2 2 2 2 1 1 1 1 3 3 1 0 1 1 1 1 1
2 1 1 1 1 1 2 2 2 5 5 5 6 6 6 5 4 4 4 4 4 4 7 7 5 4 4 4 4 4 4 4 3 2 2 2 2 2 2 3 1 1 0 0 0 1 1 1 0 0 0 0 0 0 0
2 2 1 0 0 1 1 1 3 3 4 3 4 3 4 4 4 4 4 4 4 4 7 7 7 6 5 5 5 5 5 5 5 5 3 3 3 3 2 2 1 1 1 1 0 0 0 1 2 2 3 3 3 1 1
2 2 2 2 2 2 2 1 1 2 2 2 3 4 4 4 4 4 4 5 5 4 4 3 3 3 1 1 2 2 0 0 2 2 2 1 0 0 1 1 1 0 0 1 2 2 1 0 0 1 1 2 2 1 1
3 3 2 2 2 2 1 1 1 2 3 3 3 6 6 6 6 6 6 6 6 6 5 5 7 7 7 7 7 7 7 2 1 2 2 2 2 2 1 1 -1 4 3 3 2 2 2 2 1 2 1 2 0 0 0
1 1 2 2 1 0 0 2 2 2 1 1 6 6 5 4 3 3 3 3 3 3 3 3 3 3 3 3 3 6 6 6 7 7 2 2 2 2 2 2 2 3 3 3 3 3 1 2 1 2 2 2 1 1 1
1 1 1 1 2 2 0 0 0 2 2 3 5 4 4 4 7 7 7 7 7 7 7 5 7 6 6 5 3 3 3 3 3 3 3 2 2 2 2 2 4 4 1 1 0 1 1 1 3 0 0 -1 -1 -1 2
0 0 1 2 3 2 2 2 4 4 4 4 4 4 4 7 7 4 4 4 4 5 5 5 4 3 3 3 3 3 2 2 1 1 1 1 0 0 0 0 1 0 1 1 1 1 2 2 4 4 3 3 2 2 2
1 2 1 2 2 2 1 1 2 2 3 4 4 5 6 6 6 6 6 6 6 6 6 6 6 6 6 6 6 6 6 5 3 3 3 1 3 1 1 0 1 0 2 2 2 2 0 2 0 1 1 1 1 1 1
2 1 0 0 0 3 3 3 3 3 3 4 4 5 6 8 8 8 8 8 8 8 6 6 6 4 4 4 4 4 4 4 4 4 3 3 3 3 3 2 2 2 2 1 1 0 0 0 0 1 0 1 1 1 1
2 2 2 2 1 1 1 1 1 1 3 4 4 4 5 5 5 5 4 3 3 4 4 4 3 1 1 1 1 -1 -1 1 1 1 1 1 1 1 2 2 1 1 1 3 3 1 1 1 1 1 1 1 1 1 -1
-1 1 1 2 2 1 1 2 3 3 3 3 3 3 0 0 3 3 3 3 3 3 3 3 3 3 3 3 2 2 2 2 2 1 1 1 1 2 2 1 0 0 1 1 1 1 1 -1 -1 -1 -1 -1 1 2 2
1 1 0 0 0 1 1 1 1 1 1 2 2 2 2 2 -2 -2 -2 -2 -2 -2 2 2 5 4 4 3 2 2 2 2 2 2 1 1 1 1 1 1 1 1 1 1 1 1 1 1 1 1 1 1 0 0 0
-2 0 0 2 2 3 1 2 2 3 3 3 4 4 4 4 4 2 2 2 3 2 2 1 1 0 2 1 1 1 2 2 2 0 -2 -2 1 1 2 3 3 1 1 0 2 2 2 1 1 1 1 2 2 1 1
-1 1 1 1 1 1 1 0 0 2 3 4 4 4 4 5 5 5 5 5 5 5 3 3 4 4 4 4 4 4 4 4 4 3 1 1 1 1 0 1 1 1 1 0 0 0 1 2 2 2 0 2 2 2 1
1 1 2 0 0 0 2 2 2 2 2 3 3 3 4 3 6 4 5 4 3 2 2 2 2 2 3 3 3 3 3 1 0 0 0 2 2 1 1 1 1 0 1 0 1 2 2 1 1 0 2 0 2 1 1
-1 0 0 0 0 0 0 0 0 1 1 1 3 1 2 2 3 3 3 3 3 3 3 3 3 3 3 3 4 4 4 4 4 4 2 2 2 2 2 0 1 0 1 1 1 1 0 -1 -1 0 3 2 2 1 1
1 2 2 2 2 2 0 -1 -1 2 2 2 2 2 2 3 4 4 4 4 4 4 4 3 2 2 2 2 2 2 2 2 1 2 1 1 1 1 0 0 0 0 1 1 1 2 2 0 0 -1 -1 -1 -1 -1 0
2 2 2 1 2 1 1 0 1 2 2 3 2 3 2 2 2 2 2 2 2 2 2 3 3 3 1 1 1 1 1 1 1 2 2 2 2 1 1 1 1 1 1 1 1 1 1 1 1 0 0 2 2 0 0
0 0 0 1 0 0 0 1 1 1 1 2 3 4 3 4 8 8 8 8 8 8 8 8 8 5 3 0 0 0 0 0 0 0 0 2 2 2 1 1 0 1 1 1 1 1 2 2 1 0 0 0 1 1 -1
1 0 0 1 1 0 0 0 1 1 1 1 1 4 3 4 3 2 2 3 4 3 2 2 2 1 1 1 -3 -3 -3 0 0 0 1 1 1 0 0 0 -1 -1 -1 -1 -1 0 0 0 0 0 0 1 1 1 1
0 0 1 1 1 2 2 2 3 2 3 3 3 3 3 3 5 5 4 4 3 3 3 1 1 2 2 2 0 0 1 1 2 1 1 -1 0 0 0 0 0 1 1 1 0 0 0 0 0 0 0 0 -1 -1 -1
2 0 0 0 1 2 2 2 2 1 2 2 2 2 3 3 3 3 3 3 3 3 2 2 2 3 2 1 1 1 1 1 1 1 1 1 1 -1 -1 -1 -1 -1 1 1 -1 -1 -2 -2 -2 -1 -1 -1 -1 0 0
0 0 -1 -1 0 0 0 0 0 -1 -1 1 1 2 3 2 3 3 4 4 4 4 4 4 4 2 2 2 2 2 2 2 2 2 2 1 0 0 0 0 0 0 0 0 0 0 0 0 0 0 0 0 0 -2 -2
0 1 1 0 0 0 0 0 0 1 1 1 3 3 1 1 4 4 4 4 4 4 4 4 4 4 1 1 1 0 0 0 0 0 0 0 0 0 1 1 1 1 1 -1 -1 -2 -3 -3 -2 0 0 2 2 0 0
-2 -1 1 0 0 0 0 0 0 3 3 1 1 2 2 3 2 3 2 3 3 3 3 3 1 0 -1 -1 0 0 0 0 -1 -1 -1 -1 0 0 0 0 0 0 0 0 0 0 0 0 0 0 0 0 0 0 0
1 1 2 2 2 3 3 3 4 4 4 5 5 5 5 5 5 4 4 4 4 6 6 5 5 5 3 2 2 1 1 1 1 0 1 1 2 1 1 -1 -1 -1 -1 -1 1 -1 -1 -1 -1 -1 -1 -1 -1 -1 -1
0 -1 -1 -1 1 -1 0 0 1 1 1 4 4 4 4 3 3 3 2 4 5 5 2 2 3 3 3 2 1 1 0 0 1 1 1 -1 -1 -1 -1 -1 0 -1 0 0 0 0 -1 -1 -1 -1 -2 -2 -1 -1 1
1 1 0 0 0 0 0 0 1 1 3 4 3 4 4 5 6 6 6 6 6 6 6 9 9 5 5 5 5 5 5 5 5 5 5 4 3 3 1 0 -1 0 -1 0 0 0 0 1 1 1 1 1 1 1 1
1 1 1 1 0 0 0 1 1 2 3 3 3 2 2 3 5 5 5 5 5 5 6 6 7 5 7 8 8 8 8 8 8 8 3 3 1 1 3 3 1 1 3 3 1 1 1 1 1 2 1 1 0 0 0
2 2 2 2 1 1 2 2 2 2 3 4 5 5 5 5 8 8 7 7 7 7 6 5 4 4 3 3 1 1 1 1 1 0 2 2 2 1 1 1 2 2 2 1 0 1 0 1 2 2 0 0 1 2 2
0 0 -1 0 1 2 2 3 3 3 3 3 3 4 4 6 6 6 6 6 6 6 6 6 4 4 6 6 6 6 6 6 4 1 2 0 1 1 1 0 0 1 1 1 1 2 2 3 3 3 3 1 1 1 3
1 1 3 3 2 1 1 1 1 1 2 2 3 3 5 5 5 5 5 5 5 5 5 5 4 4 4 4 4 4 4 2 2 2 3 2 0 0 1 1 2 2 2 2 2 1 1 1 1 1 1 1 3 2 2
0 0 0 2 2 2 1 1 1 3 3 4 7 7 7 8 8 8 8 8 8 5 5 5 4 3 3 3 3 3 3 6 6 2 2 4 4 2 1 0 0 0 1 1 0 0 1 1 1 1 1 1 1 1 2
1 2 2 2 3 3 3 2 2 3 3 4 4 4 4 4 1 1 1 1 1 1 2 5 5 5 4 4 4 4 4 4 2 1 1 1 1 1 0 -1 -1 1 1 1 1 1 1 1 1 1 1 2 2 2 0
2 0 0 -2 -1 -1 2 2 2 2 3 3 5 4 4 2 2 4 4 4 5 5 4 3 3 3 3 2 2 2 1 1 1 1 1 1 2 2 2 1 0 0 1 1 1 0 1 1 1 2 1 1 1 0 0
2 0 2 2 2 1 1 1 2 3 3 3 2 2 2 2 1 1 2 1 1 1 0 0 0 -1 0 0 0 0 -1 -1 -1 -1 -1 -2 0 0 2 0 0 0 0 -1 -2 -2 -1 -1 -1 0 0 0 1 1 1
0 0 1 -1 -1 -1 -1 3 3 3 3 0 2 2 2 1 1 1 1 1 1 1 2 3 5 5 -2 -2 -2 -2 -2 -2 0 0 0 0 0 0 0 0 -2 0 -1 -1 -1 -1 -1 -1 -1 1 1 1 0 0 0
0 0 2 0 2 1 0 0 0 0 1 1 1 1 2 2 3 2 2 2 1 1 1 0 -2 0 1 1 0 -2 -2 -2 -1 0 0 1 -2 -1 -1 -1 -2 -2 -3 0 -3 0 -1 -1 -1 -1 -1 -1 -2 -2 -1
2 1 0 0 0 0 2 4 4 4 2 4 4 4 5 5 5 5 3 5 3 3 3 4 4 3 2 1 1 1 1 1 0 0 0 0 0 0 1 1 1 0 0 0 1 1 1 1 0 2 0 0 0 0 0
1 1 1 1 1 1 1 1 1 1 2 2 5 5 5 4 3 3 3 3 3 3 3 3 3 3 5 3 0 0 0 2 3 3 2 2 2 2 1 1 1 1 1 1 0 0 0 0 1 1 1 1 1 1 0
-1 -1 -1 -1 -1 -1 0 -1 0 1 4 4 4 4 4 4 4 4 4 4 4 5 5 4 3 3 3 3 3 3 3 3 3 3 3 3 1 1 1 1 1 2 2 0 -1 -1 0 0 0 0 0 0 1 2 2
0 2 0 2 -1 2 2 2 2 3 3 1 1 2 3 3 3 3 3 3 3 3 3 3 5 4 4 4 4 4 4 4 3 3 3 2 1 -1 -1 0 0 0 0 1 1 1 1 0 0 0 0 0 -1 -1 0
0 0 1 2 2 2 0 2 2 2 2 2 3 3 3 3 3 3 3 3 3 3 3 3 2 2 2 2 2 2 2 2 2 1 1 1 0 0 0 0 1 1 1 3 3 0 0 -1 1 0 2 0 1 0 0
0 0 -1 -1 -1 2 0 1 0 1 -1 1 1 3 3 4 4 4 4 4 4 4 4 4 2 2 2 2 2 2 2 2 3 0 0 0 1 2 2 1 1 1 1 0 0 0 1 1 0 0 0 0 0 0 2
-2 -2 0 0 0 -1 1 1 1 2 2 3 1 4 3 3 3 3 3 3 3 3 3 2 2 2 2 2 2 2 2 2 2 2 1 0 0 0 1 1 0 0 0 0 1 0 0 0 0 0 1 0 0 0 1
2 2 2 3 3 1 0 1 2 2 2 2 2 2 2 3 3 3 3 3 3 4 4 4 3 0 -1 0 0 0 2 2 2 0 0 0 0 0 0 0 0 0 -1 -1 -1 -2 0 0 0 -1 -1 -2 -2 -2 0
1 1 1 0 2 2 2 0 0 1 3 3 3 4 5 5 4 4 4 4 4 4 4 4 4 4 4 4 4 4 4 4 2 1 1 3 3 1 1 1 1 1 1 1 -3 0 0 0 1 -1 0 -1 0 1 1
1 -1 -1 -1 0 0 1 2 2 2 2 2 4 4 4 6 5 5 4 4 4 5 3 3 1 1 1 1 2 2 1 0 0 -1 -1 1 1 1 0 -2 -2 1 1 1 0 1 1 1 1 -1 0 0 0 -1 -1
-2 -2 -2 -1 -1 0 0 0 1 1 2 2 2 4 4 4 4 4 4 4 4 4 4 4 3 3 3 3 3 3 3 2 1 0 0 -1 0 -1 -2 -2 -1 -1 -2 -2 -1 -1 -1 -1 -1 -2 -2 -2 0 0 -1
-1 -1 -1 1 1 0 0 2 2 2 2 2 2 2 6 5 5 5 5 5 5 5 4 4 5 5 4 4 4 4 4 4 2 2 2 2 0 -1 -1 0 0 0 1 2 2 2 1 -1 -1 -1 2 -1 0 0 0
-1 -1 -2 0 -1 0 0 0 0 1 1 3 4 4 3 3 3 3 3 3 4 4 3 3 0 0 0 0 0 0 0 0 0 -1 -1 -1 -2 -2 0 0 0 -1 -1 -1 -1 -1 -1 -1 -1 1 -1 -1 -1 1 1
1 1 1 2 2 2 2 2 2 2 5 5 6 6 6 6 8 5 6 6 6 4 3 3 1 1 1 3 2 2 2 0 0 0 1 1 0 0 2 2 2 2 3 3 2 2 1 1 1 1 2 2 3 2 2
3 1 3 3 3 1 0 1 0 1 2 3 3 3 2 2 5 5 5 5 5 5 3 3 4 4 4 1 1 1 1 0 2 0 1 -1 0 -1 0 -2 0 -2 0 -1 2 1 1 1 1 1 0 0 -1 -1 -1
2 2 1 1 0 0 0 1 1 1 3 3 6 6 6 6 6 6 3 3 2 1 2 2 2 1 1 1 1 1 1 -1 1 0 0 0 1 1 0 0 0 0 1 1 1 1 1 1 0 0 0 0 0 1 1
1 1 1 1 1 1 0 0 0 0 1 3 4 3 5 4 5 6 6 5 5 5 3 3 3 0 0 1 2 2 2 2 1 0 0 0 0 0 0 1 1 1 0 0 0 0 1 1 1 0 0 0 0 0 0
0 0 0 0 1 1 1 1 1 2 2 2 2 2 2 5 5 5 5 5 5 5 5 5 3 3 2 2 2 1 1 1 0 0 0 0 1 0 1 1 1 1 1 -1 -1 1 1 1 1 1 1 1 -1 -1 -1
1 0 2 1 1 1 1 1 1 1 1 2 3 4 4 4 5 5 5 5 5 5 5 4 4 5 5 1 1 1 1 1 1 1 2 2 2 4 4 1 1 1 0 0 0 2 -1 -1 -1 0 0 0 0 0 0
 0 0 0 0 0 0 0 1 4 2 2 2 3 5 7 7 7 7 7 7 7 7 3 3 3 4 4 33 33 33 289 289 285 46 46 46 46 46 46 46 46 0 0 0 0 0 0 0 0 2 2 -2 -2 -1 0
-1 -1 1 1 1 1 1 2 2 3 3 3 4 4 6 6 5 5 5 5 5 5 5 4 5 2 4 4 4 4 4 4 4 3 0 0 0 0 0 0 0 0 0 0 -1 -1 -1 -1 0 -1 0 0 0 -2 -2
1 -1 2 0 1 0 0 0 2 2 2 2 4 4 5 5 5 5 5 5 5 5 6 6 5 5 5 5 5 5 5 5 3 1 1 2 2 2 2 2 2 2 1 0 1 0 0 0 0 -1 0 0 0 0 -1
0 0 0 -1 -1 -1 -1 -1 1 2 2 2 3 3 4 4 3 3 3 3 3 3 5 5 3 3 3 3 3 3 3 4 4 0 0 1 1 0 -3 -1 -2 -1 -1 1 -1 -1 -1 -1 0 0 0 2 0 1 0
0 1 1 3 1 3 0 -1 -1 3 5 6 6 3 3 5 5 5 5 5 5 5 4 4 4 3 3 3 3 3 3 3 3 1 1 1 1 1 0 0 0 0 0 1 1 2 1 1 -1 -1 0 0 1 1 1
-1 1 -1 -1 -1 -1 1 1 1 2 4 5 6 5 5 5 6 6 6 6 6 6 4 4 3 2 2 2 2 2 2 2 5 5 2 1 0 1 1 1 1 1 1 1 1 1 1 1 1 0 0 0 1 -1 0
0 2 -1 0 0 1 1 2 3 3 4 4 5 6 6 6 6 4 4 4 3 3 3 2 0 0 0 0 0 0 1 0 0 0 0 -1 3 2 2 2 0 0 0 1 1 0 0 -1 -1 -1 -1 0 0 0 1
1 0 0 -1 1 0 0 0 2 2 2 2 4 4 5 5 3 3 3 3 3 3 4 4 4 3 2 2 2 2 2 2 3 3 1 1 1 1 -1 0 -1 0 1 1 1 0 2 1 2 1 0 -1 -1 -1 0
-2 2 -2 1 -2 -1 -1 4 4 4 2 2 3 4 5 5 5 5 5 5 5 5 5 5 4 6 6 6 4 4 4 4 4 4 4 2 0 0 0 1 1 1 0 0 3 3 1 0 0 0 0 0 0 0 0
0 -1 0 1 1 0 0 2 2 2 3 3 4 4 4 3 3 3 3 3 3 3 6 6 6 7 7 6 6 6 6 6 6 6 6 3 0 -1 -1 1 2 2 2 0 0 0 0 1 1 2 2 0 -1 -1 -1
1 1 1 1 3 4 4 4 7 8 8 8 7 7 4 4 6 6 6 6 6 6 2 2 2 2 2 2 2 2 0 0 0 0 3 2 2 1 0 0 0 2 2 1 1 1 1 -1 -1 -1 0 0 0 0 1
0 0 1 1 1 0 0 0 6 9 10 12 12 9 8 8 3 3 3 3 3 3 2 2 2 2 2 2 2 2 2 2 2 1 1 1 2 2 2 2 2 2 2 1 2 1 0 0 0 1 2 2 0 -2 0
2 0 0 0 2 2 2 2 5 6 8 10 11 10 8 7 4 4 4 4 4 4 4 4 4 4 4 4 4 4 4 4 0 0 1 2 2 2 2 2 2 2 2 2 1 1 1 -1 -1 -1 0 1 2 2 2
2 2 2 2 1 0 0 3 5 6 6 7 7 7 6 4 2 2 3 3 3 3 3 3 3 3 2 2 1 1 1 1 1 1 1 1 1 0 0 -1 1 1 1 1 1 1 -1 -1 0 0 0 0 -2 -2 -1
2 1 1 1 1 2 2 2 2 3 4 6 6 6 5 2 2 2 2 2 2 2 3 4 4 4 4 4 4 3 2 2 2 2 2 2 2 2 1 0 0 0 1 0 0 0 0 0 0 1 1 1 0 0 0
0 1 0 1 3 3 3 2 1 1 4 7 9 9 6 5 5 5 5 5 5 5 1 1 1 1 1 1 1 1 4 4 1 1 1 1 1 1 1 1 1 1 0 0 0 0 -1 0 0 0 1 1 1 -1 -1
0 0 0 2 2 1 1 2 2 2 5 7 7 7 6 2 2 2 2 2 1 1 1 1 1 1 1 2 2 3 3 3 3 3 3 3 2 2 0 1 1 1 1 0 0 1 1 1 1 -2 -2 -2 1 1 2
0 0 1 2 3 6 7 7 5 3 5 2 2 1 1 3 3 1 1 1 3 0 2 -2 1 1 1 1 1 2 1 1 1 1 -1 -1 -1 0 1 1 1 0 0 2 2 0 -1 -1 0 0 0 1 -1 1 1
-2 0 0 0 0 0 2 2 3 5 6 7 7 7 6 5 3 1 1 1 1 3 3 3 3 3 3 2 2 3 3 3 3 3 3 3 3 2 1 1 1 1 0 0 -1 -1 -1 1 -1 -1 -2 -1 0 0 -2
0 -1 -1 -1 0 1 1 2 4 7 14 14 16 16 9 4 1 1 1 1 1 1 1 3 3 3 3 3 3 3 3 3 1 -2 0 0 1 1 1 0 -1 -1 0 0 0 0 0 0 1 0 0 0 2 2 0
1 0 0 0 1 1 1 1 8 13 14 13 17 13 8 8 8 8 8 8 8 3 3 3 3 3 3 3 3 2 2 2 1 1 1 1 0 1 1 2 1 2 0 0 0 -1 0 0 0 0 -1 -1 -1 0 0
0 0 0 3 3 2 2 2 3 10 12 14 14 9 6 5 2 2 2 2 1 -1 -1 0 1 1 1 1 1 1 0 0 0 0 0 0 0 1 1 0 0 0 0 1 1 0 0 -2 -2 -2 0 0 1 2 2
1 1 0 0 0 2 2 3 5 6 10 10 8 8 5 3 2 2 3 3 3 3 3 2 2 0 0 0 0 0 0 1 1 1 1 1 0 0 0 -1 0 0 0 -1 -1 0 0 0 0 0 -1 -1 -2 0 -1
1 1 1 1 1 1 2 2 5 6 8 7 10 10 8 5 1 1 1 1 1 1 1 1 1 1 1 1 1 1 1 1 0 0 0 0 2 2 -1 -1 -2 -1 -1 0 2 2 -1 -1 -1 0 -1 0 -2 -2 -2
2 2 1 0 1 1 1 1 2 2 2 4 5 15 22 30 30 29 28 28 28 27 26 10 5 5 3 3 3 3 3 2 1 1 1 1 1 1 1 0 2 1 1 0 0 0 0 0 0 0 1 1 1 1 0
1 -1 0 0 0 1 1 1 1 3 5 9 14 17 23 23 13 10 5 5 5 5 5 5 5 3 1 0 0 0 0 0 0 0 1 3 3 1 1 2 3 3 2 2 2 1 1 1 1 1 1 1 0 1 2
0 0 0 2 2 2 2 3 6 10 11 17 17 13 6 3 3 3 3 3 3 3 2 2 2 2 2 2 2 2 1 1 1 1 1 1 1 1 2 1 0 0 0 1 1 -1 -1 1 1 1 1 1 1 0 0
1 0 1 0 1 0 1 0 1 0 1 3 9 11 21 21 13 8 1 1 1 1 1 1 2 3 3 3 3 3 3 3 1 1 1 2 1 2 1 1 1 0 1 1 1 2 -1 0 0 0 1 0 0 0 -1
0 0 0 1 1 0 0 0 1 10 15 17 15 12 6 1 1 2 2 2 1 1 1 0 1 1 1 1 1 0 0 0 1 1 0 0 0 0 0 -1 -1 -1 0 0 0 1 1 -1 -1 0 1 1 1 1 1
-3 -2 -1 -2 -1 1 1 1 2 4 9 10 16 16 9 5 4 4 4 4 4 4 4 5 5 5 5 5 5 5 5 5 4 3 3 3 3 3 3 3 3 1 1 1 1 1 2 2 2 -2 -2 1 1 1 -1
-1 -1 0 1 0 -1 -1 -1 0 1 1 3 8 16 20 21 21 9 6 5 5 5 5 5 5 3 2 2 2 2 2 2 3 3 2 2 0 0 0 0 1 1 1 1 3 0 2 0 -1 -1 0 0 -1 -1 0
1 0 2 1 1 0 -2 0 3 5 11 15 18 18 14 6 4 4 4 4 4 4 4 8 8 8 8 8 8 3 2 0 0 1 2 2 1 0 0 0 0 0 0 2 2 0 0 0 0 1 0 0 0 -1 -1
0 -1 0 0 1 2 3 3 4 12 14 14 14 9 5 3 2 2 2 2 1 1 1 2 2 2 2 1 1 1 1 1 2 2 2 2 1 0 -1 -1 0 0 -1 -2 -2 -2 0 1 1 0 0 0 0 0 1
4 12 14 14 14 9 5 1 1 2 1 1 0 0 2 2 2 -1 -1 1 1 1 1 0 0 -2 -2 -1 -1 -1 -1 1 2 2 0 -1 0 -1 1 1 1 1 2 5 11 16 18 16 14 5 2 2 2 2 2
1 1 1 3 3 4 7 8 9 10 16 16 9 7 5 4 4 4 2 3 2 3 2 3 2 2 2 2 1 1 1 1 2 1 1 1 2 2 2 2 2 2 1 1 0 1 3 3 2 2 3 3 1 1 0
1 2 6 6 9 14 14 8 7 5 4 2 2 2 2 3 5 5 2 2 1 3 2 2 -1 0 0 3 3 3 2 2 2 -1 -1 2 4 2 2 2 1 2 1 2 2 3 4 3 3 3 3 1 1 1 1
5 3 4 2 4 5 6 8 9 11 10 10 9 7 6 6 4 4 4 4 2 2 3 3 3 3 2 2 2 2 3 3 2 2 2 3 3 3 3 2 1 1 2 2 2 2 2 2 2 2 2 3 3 1 1
1 1 1 2 2 2 2 2 3 1 4 4 5 5 5 8 11 12 12 8 6 6 6 6 6 6 6 1 1 1 5 5 5 5 5 5 5 5 5 5 5 5 5 5 5 5 5 4 4 4 4 4 4 4 3
0 0 1 2 2 2 4 3 4 6 9 8 8 8 8 7 7 7 7 7 7 7 1 1 3 3 3 3 3 3 3 3 4 3 3 3 3 3 3 3 3 3 2 2 2 2 2 2 2 2 3 3 3 3 1
2 0 1 1 3 4 5 6 7 8 7 8 8 8 8 5 5 5 5 5 5 3 3 3 4 4 4 4 4 4 3 3 3 3 4 4 4 3 1 1 1 1 0 1 1 1 0 0 3 3 2 2 2 2 2
0 0 2 3 3 3 2 2 4 6 7 7 8 8 8 7 5 5 5 5 5 5 2 2 2 2 2 2 2 2 4 4 4 4 4 4 4 4 4 4 3 2 2 2 2 2 2 2 0 0 1 1 2 2 2
-1 1 1 1 1 1 1 1 2 3 2 2 2 4 7 8 9 8 8 5 4 3 3 2 2 3 3 3 3 3 3 3 3 3 3 3 3 3 3 3 3 3 3 3 2 1 1 1 1 1 0 0 1 1 1
3 2 2 2 2 2 2 3 3 3 6 6 6 6 6 3 3 3 2 2 2 2 2 4 4 4 2 2 1 1 1 3 3 1 1 1 1 1 -1 -1 2 3 3 2 1 0 1 1 1 1 1 1 1 1 2
1 1 4 4 3 2 3 2 5 5 6 6 6 5 4 3 1 0 0 0 2 2 2 -1 -1 1 3 3 3 2 2 2 2 1 1 1 1 1 1 2 3 2 1 1 2 2 2 2 2 1 1 1 0 0 0
1 1 3 6 6 6 5 5 4 4 3 3 1 0 1 2 3 3 2 1 1 0 0 0 1 1 0 0 0 0 0 -1 -2 -2 2 2 1 1 -1 1 1 1 0 0 -1 -1 -1 2 1 1 1 1 1 1 1
-1 -1 -1 1 1 1 1 1 3 3 3 9 9 8 6 6 2 2 2 2 2 2 1 1 1 1 1 1 1 1 2 2 2 2 2 2 2 2 2 1 0 0 0 0 0 -1 -1 0 0 -1 -1 -1 -1 1 0
1 0 -1 -1 -1 1 1 1 1 3 4 5 5 5 5 4 4 3 2 2 2 2 2 2 2 2 2 2 1 2 1 0 0 0 0 0 1 1 1 0 1 0 1 1 1 -1 -1 -1 0 0 0 0 -1 -1 -2
0 2 2 0 0 -1 -1 -1 0 1 1 4 4 14 19 19 19 17 12 6 1 1 1 1 1 1 3 3 3 3 3 3 3 2 1 2 2 2 1 1 1 2 2 2 0 0 -1 -1 1 1 -1 -1 0 0 0
0 0 0 1 1 1 -2 -2 1 1 1 1 8 14 19 19 19 7 6 6 6 6 6 6 6 2 2 3 3 3 3 3 3 2 2 1 1 1 2 2 0 0 0 0 -2 -2 2 3 2 1 0 0 0 0 0
1 1 0 0 0 2 3 5 6 11 17 17 15 8 5 1 1 1 1 1 1 0 0 0 2 2 0 0 0 1 2 2 2 1 1 0 0 -1 -1 -1 1 1 0 0 0 0 0 0 0 0 0 0 0 0 -1
0 -1 -1 1 1 1 3 4 4 4 4 5 11 11 16 16 12 5 4 4 4 4 4 4 3 3 3 3 3 3 3 3 3 3 2 2 2 2 2 2 2 2 1 1 1 1 1 1 0 -1 -1 0 0 0 0
0 1 1 -1 -1 1 2 1 2 2 2 2 1 2 2 2 1 0 1 1 1 2 -1 0 0 2 2 2 0 2 0 1 1 1 1 1 0 1 1 2 2 2 2 1 2 3 3 2 2 2 3 4 5 10 12
2 2 2 1 2 3 3 3 3 3 5 11 15 16 18 18 14 8 2 0 0 0 0 1 1 1 4 4 2 2 2 2 3 2 2 0 1 0 0 0 0 2 2 2 0 0 0 1 1 1 1 1 1 1 1
2 2 2 2 1 3 3 4 6 10 14 14 14 11 5 5 5 5 3 3 3 4 2 4 3 3 2 0 1 1 2 2 2 1 1 1 1 1 1 1 1 1 1 1 1 1 1 1 0 0 0 1 0 0 0
0 0 2 0 1 1 1 1 1 2 1 4 4 13 21 25 30 32 32 32 30 28 20 10 10 6 6 6 4 4 3 4 2 1 1 1 1 1 1 1 1 1 1 1 2 2 2 2 2 2 1 0 0 1 1
1 1 1 3 3 5 5 5 7 7 8 12 12 4 3 3 3 3 3 3 3 3 2 2 2 1 1 1 1 1 1 1 3 3 2 2 2 2 1 2 1 0 -1 -1 -1 0 0 0 0 -1 -1 0 0 0 0
0 0 0 2 2 2 5 7 8 10 12 12 9 5 2 2 5 5 5 5 5 5 3 3 2 1 2 1 1 1 1 3 1 2 1 1 1 1 0 0 0 -1 0 -1 0 -1 0 -1 0 0 0 0 0 0 0
1 1 1 2 3 9 10 10 12 10 10 8 8 6 7 3 1 1 2 2 2 2 2 2 2 2 2 2 2 3 4 4 7 7 7 7 7 7 5 2 1 -1 -1 0 1 0 0 0 0 0 0 -1 -1 2 2
-1 0 1 1 1 1 2 3 7 10 10 12 14 14 9 4 3 3 3 3 3 3 3 2 2 3 3 3 3 3 3 3 2 2 2 2 2 2 1 1 0 0 0 1 1 0 0 -1 0 -1 -1 -1 -1 -1 -1
1 1 1 0 0 2 5 7 8 9 13 13 13 10 6 3 3 2 2 2 2 2 1 1 1 1 2 0 2 0 1 1 1 1 1 0 -1 -1 -2 -2 0 0 0 0 0 0 0 0 0 1 1 0 0 0 0
3 3 5 5 5 5 4 6 4 4 1 1 3 4 4 2 2 2 1 1 1 0 1 1 1 0 0 0 -1 -1 -1 0 0 -1 -2 -2 -2 1 -1 -1 -1 1 1 1 0 -1 -1 1 1 -2 -2 -1 -1 0 1
1 1 0 -1 -3 -3 0 1 1 3 3 5 6 6 6 2 2 2 2 2 2 2 2 2 2 2 2 2 2 2 2 3 3 3 3 3 3 3 1 -1 -1 0 0 -1 -1 1 1 0 0 0 0 0 0 0 -1
-1 -1 -1 1 1 1 3 1 3 3 3 3 3 4 3 0 0 1 1 0 0 2 2 1 1 0 0 1 1 0 0 0 0 0 -1 0 0 0 -1 -1 0 0 0 0 0 -1 -2 -2 -2 0 0 0 0 0 0
0 0 0 2 2 -1 -1 -1 3 3 3 5 6 6 0 0 3 3 3 3 3 5 5 5 5 5 5 5 3 3 2 2 2 2 2 2 1 0 0 0 0 -1 0 1 1 0 0 0 0 0 0 1 2 2 1
0 0 0 0 2 3 3 4 4 4 4 4 3 3 2 1 1 1 1 1 0 0 0 0 -1 -1 -1 0 0 0 0 1 1 1 1 0 0 -1 0 -1 -1 -2 -2 0 0 0 -2 -2 0 0 0 0 -1 -1 0
-1 -1 -2 -1 -2 -1 -1 -1 0 2 5 6 5 5 2 0 0 0 0 0 0 0 0 0 0 0 0 4 4 4 4 4 4 0 -1 -1 -1 -1 -2 -1 -2 -2 -2 -2 -2 -2 -2 -2 -2 1 -1 -1 -2 -2 -2
1 1 2 2 4 4 5 6 6 6 3 2 2 -1 -1 1 1 1 1 1 1 0 -2 -2 -2 -2 -2 -2 -2 -2 -2 -1 -1 -1 -1 0 0 0 -1 -1 -1 -1 -1 -2 -2 -2 -2 -1 -2 -2 -3 -3 -3 0 0
-1 -1 -1 -1 1 0 2 3 5 3 4 2 2 -1 0 0 0 0 0 0 0 1 1 1 1 1 1 0 0 0 -1 -1 -1 -1 -1 -1 -2 0 0 0 -2 -2 -2 -1 -1 -1 -1 0 0 0 0 0 0 1 0
0 0 1 0 1 1 1 1 1 4 6 7 12 12 7 4 3 3 3 3 3 3 3 3 3 3 3 3 3 2 1 -1 -1 -1 -1 -1 -1 1 1 1 0 -1 -1 0 1 1 0 0 0 0 0 -1 -1 -1 -2
-1 -1 0 0 0 0 1 2 1 2 6 6 6 6 4 1 1 1 1 2 2 2 2 2 2 2 3 3 3 2 2 2 1 -1 -1 0 0 1 -1 0 0 0 0 0 0 -1 0 0 1 1 1 1 1 1 1
1 0 0 3 3 3 3 3 4 6 7 8 8 7 7 5 5 5 5 5 5 5 5 4 4 4 4 4 4 4 4 2 2 2 2 2 2 2 2 2 2 3 2 2 2 2 0 0 2 2 2 0 1 -1 -1
1 1 1 1 2 3 3 4 4 5 5 8 8 7 6 6 5 5 5 5 5 5 3 3 3 3 3 3 3 3 3 4 4 4 1 1 1 1 1 1 1 2 2 0 -1 -1 0 0 0 0 2 2 1 1 1
2 2 2 1 1 1 1 3 4 5 6 6 7 7 6 5 3 3 3 3 4 1 2 1 2 2 2 1 -1 1 0 0 0 1 1 1 1 2 2 2 2 0 0 0 0 2 2 1 1 1 0 0 0 -1 -1
1 1 1 0 1 4 4 4 4 5 5 6 6 5 4 4 4 3 1 1 2 2 2 2 0 0 -1 -1 -1 0 0 0 0 0 0 -1 -1 -1 0 0 2 2 0 0 -2 -3 -3 -2 -2 -2 -2 -1 -1 -1 -1
-1 0 1 1 0 0 0 1 1 2 3 7 9 11 11 9 7 7 7 7 7 7 7 1 1 1 1 1 1 1 1 2 3 3 3 3 3 3 3 2 2 2 2 2 2 2 2 0 0 1 1 0 -1 0 0
0 0 -2 -2 0 0 0 -2 0 2 3 4 6 15 16 16 16 9 5 5 5 5 5 5 5 5 2 2 2 2 2 2 2 2 1 1 1 0 0 0 0 0 0 0 0 0 0 2 2 2 -1 -1 -1 -1 -1
-1 -1 -1 -1 -1 -2 -2 1 3 3 6 11 14 15 14 14 11 5 4 2 2 2 2 2 2 2 2 2 2 2 2 2 2 2 2 2 2 1 1 1 1 1 1 0 1 0 1 0 0 0 0 -1 -1 -1 0
0 1 1 1 1 1 1 6 6 8 13 16 16 9 5 1 1 4 4 1 0 0 0 1 0 1 1 1 0 0 1 1 1 1 1 0 0 0 0 0 0 0 0 0 0 0 0 0 -1 -1 2 2 2 0 0
0 0 0 1 1 0 0 0 2 2 2 7 9 12 16 16 13 7 4 2 1 1 1 1 1 1 1 1 1 1 1 1 1 1 2 2 3 3 3 1 -1 -1 0 0 1 1 1 0 -1 -1 -1 0 0 0 -2
1 1 1 1 2 2 -1 -1 -1 -1 -1 3 5 9 16 21 22 36 36 39 39 33 33 23 20 8 5 3 3 2 3 2 3 2 1 1 1 1 1 1 1 1 1 0 0 0 0 0 0 0 0 1 1 1 1
1 1 1 2 2 -1 -1 -1 -1 -1 3 5 9 16 1 1 1 1 1 -1 -1 -1 0 0 0 0 0 0 1 0 0 0 2 2 -1 -1 -1 -1 -2 -1 -1 0 0 0 0 2 2 2 0 0 -1 0 0 1 0
3 1 1 -2 -2 0 0 1 0 1 1 6 8 14 17 18 19 19 9 7 5 4 3 3 3 2 2 1 2 0 2 3 3 1 0 1 -2 1 -2 -1 -1 -1 0 0 0 0 -2 -2 -2 1 2 2 2 2 1
0 -1 0 0 0 -1 -1 -1 2 2 2 7 15 17 20 20 18 15 9 3 1 1 1 1 1 1 1 1 1 1 1 1 1 1 1 2 2 2 2 2 2 2 2 2 1 2 2 2 2 2 2 2 1 -1 -2
0 0 -2 -2 -2 -1 -1 -1 0 0 1 8 15 18 18 14 10 6 2 2 2 2 2 2 2 -2 -2 -2 -2 -2 -2 -2 0 1 1 -1 -1 -1 -1 -1 -1 0 0 -2 -2 -1 -1 -1 -2 -1 -2 -1 -1 -1 -2
-4 -3 0 -3 -2 -3 -2 -3 -1 -1 1 3 4 9 10 12 12 5 3 0 -1 -1 -1 1 1 1 1 1 1 1 1 1 0 0 0 0 0 0 -1 -2 -2 -2 -1 -1 -1 -1 -1 -1 -2 -2 -2 -2 -2 -3 -3
0 1 1 -2 -2 -2 -1 -1 -1 1 0 1 3 3 2 2 0 0 0 0 1 1 1 1 1 1 1 1 1 5 16 21 21 21 21 21 21 21 15 5 5 5 5 5 5 3 3 1 -1 -1 0 0 0 -1 -1
0 -1 -1 0 0 0 -1 1 1 1 1 1 3 3 2 2 2 2 2 4 4 4 4 4 4 7 11 17 17 17 17 17 17 17 13 5 1 1 1 1 1 -1 -1 0 0 0 0 0 1 1 0 0 1 1 -1
0 0 -1 -1 -1 0 0 0 0 0 0 2 2 2 0 0 0 1 1 1 1 1 1 1 14 21 21 21 21 21 21 16 11 5 1 0 -2 -2 -2 -1 -1 1 1 1 0 -1 -1 -1 -2 -2 2 2 -1 -1 -1
-1 -1 0 0 0 0 2 2 2 3 3 2 0 2 2 3 3 3 10 27 27 26 21 14 14 6 1 0 -2 -2 -2 -1 -1 -1 -2 -2 0 0 0 -1 -2 -2 0 1 2 1 -1 -1 -1 -1 -1 -1 -1 0 -1
0 0 0 0 0 -1 0 0 0 1 1 1 1 1 4 4 9 20 20 11 4 1 1 1 1 2 2 0 0 0 0 1 0 1 1 2 2 2 0 0 0 -1 -1 -1 -2 -2 -1 -1 -1 0 1 1 1 -1 -2
1 0 0 0 1 0 1 0 1 1 2 2 2 2 2 2 2 2 6 8 14 14 10 5 4 2 1 1 1 0 0 -1 -1 1 1 1 0 0 0 2 2 3 1 0 0 0 0 0 1 2 3 3 1 0 0
-1 0 2 2 0 -1 -1 0 2 1 1 1 1 1 3 9 13 18 18 4 1 -1 -2 -2 1 1 -1 -1 -1 -1 0 1 1 1 2 2 2 1 0 0 -1 -1 -1 -1 -1 -1 -1 -1 -1 -1 -1 0 0 0 0
-1 -1 -1 -1 -1 0 0 0 0 1 0 1 8 11 15 15 6 4 2 2 2 -1 -1 -1 -1 0 -2 0 -1 -1 0 -1 3 2 2 1 1 1 -1 -1 0 0 0 -1 -1 -1 -1 0 0 0 -1 -1 -1 -1 -1
-1 1 1 0 0 0 1 1 2 2 5 8 14 19 19 8 3 2 1 1 1 1 -1 -2 -2 -2 -1 -1 -2 -2 0 0 0 -1 -2 -1 -1 -1 -1 0 0 -1 1 -1 1 2 2 1 -1 0 -1 0 1 2 1
0 2 2 2 3 3 3 2 2 2 0 0 1 3 3 6 7 8 8 3 3 1 1 1 2 2 3 2 3 3 3 3 3 2 0 0 0 0 0 0 1 1 3 3 1 1 1 2 1 2 2 2 1 -1 -1
-1 1 2 2 0 0 0 0 1 3 3 3 2 1 1 2 7 7 4 3 1 1 1 1 1 0 0 0 0 0 0 0 1 1 1 -1 -1 -1 2 0 0 0 0 0 -1 0 0 0 0 2 0 0 -2 -2 -1
0 0 1 1 1 1 0 0 3 3 3 4 4 2 2 4 4 4 11 11 5 3 1 1 1 0 0 0 0 1 -2 1 -1 -1 -1 -1 0 0 2 2 1 1 1 2 2 2 2 1 2 1 1 -1 -1 1 1
1 1 1 1 1 1 1 2 2 1 1 1 1 1 3 5 7 16 16 10 6 3 2 1 0 1 0 0 0 0 1 1 1 1 0 1 1 1 1 1 -1 -1 1 1 1 -1 -1 -1 -1 2 2 2 2 2 2
1 3 4 4 4 2 2 2 2 3 2 3 6 15 25 26 26 24 15 15 15 8 3 2 0 0 1 1 3 0 3 2 2 2 2 2 -1 -1 3 3 0 0 2 2 0 0 0 0 0 0 1 -1 1 1 1
1 1 1 -1 -1 1 2 2 3 1 3 3 9 12 20 20 10 6 2 1 0 0 -1 0 0 1 2 2 2 4 1 1 1 0 2 0 0 0 0 0 1 1 2 0 1 0 0 0 1 1 1 0 0 -1 -1
0 0 0 -2 0 0 0 0 0 1 3 3 1 1 1 6 18 20 20 8 0 0 1 1 1 0 0 0 0 0 2 2 -1 -1 -1 0 1 1 0 -2 -2 -2 0 0 0 -1 -1 -4 -4 -1 -1 -1 -1 -3 -3
0 0 1 1 0 0 0 0 0 0 0 1 1 1 2 3 3 3 3 3 3 3 13 25 34 38 38 34 29 23 23 6 5 3 3 3 3 3 2 2 -2 -2 -1 -1 -2 -2 -1 -1 -1 -1 -1 1 0 1 0
1 0 0 0 1 0 0 0 0 1 2 3 5 11 15 18 18 16 16 16 9 5 3 -1 -1 0 1 0 1 0 -2 -2 1 1 1 1 1 -1 -2 -2 -1 -1 -1 -1 -1 0 1 0 -1 -1 -1 -1 -1 -1 -1
1 0 0 0 -1 -1 -1 0 0 0 0 0 0 0 1 2 5 5 10 18 18 16 16 16 16 5 3 2 1 1 1 1 1 0 0 0 0 0 0 1 0 0 0 2 2 -1 -1 0 1 0 -1 -1 -1 -1 -1
-2 -1 1 1 2 2 2 0 0 1 2 4 7 14 14 9 3 3 1 1 1 0 0 1 1 0 0 -1 2 0 0 0 -1 -1 0 2 0 1 1 1 0 0 0 0 -2 -1 -1 -1 -1 -1 -2 -2 -2 -2 -1
-1 1 0 0 0 2 2 2 2 2 2 3 3 3 6 11 13 22 22 23 23 23 23 7 4 3 3 3 2 1 1 1 2 -1 0 -1 -1 -1 0 0 0 -2 2 1 1 1 2 2 1 0 -1 0 -2 1 2
0 1 2 2 0 0 0 1 2 1 2 2 2 2 2 2 2 2 2 2 2 4 5 7 5 4 3 2 2 -2 0 0 0 0 0 0 1 1 1 0 0 0 0 1 0 0 0 0 1 0 0 0 0 0 1
-1 -1 0 1 1 1 1 0 0 0 0 2 2 2 2 2 -1 -1 -1 -1 -1 -1 1 3 6 6 6 6 6 6 10 10 11 11 8 8 4 3 2 -1 -1 2 2 1 1 1 2 2 -1 -1 -1 0 0 0 -1
-1 -1 -2 -2 -2 -2 0 0 1 0 1 1 1 0 0 3 5 7 7 6 6 7 7 5 2 1 2 1 1 -1 -1 -1 -1 0 1 1 -2 -2 -1 0 0 0 1 1 -3 -3 -3 -1 -1 -1 -1 -1 -1 -1 -2
-1 -1 -1 -1 -1 -1 -1 -1 0 1 2 2 2 3 3 1 1 1 2 2 6 6 8 8 12 12 12 7 5 2 2 2 2 0 3 -1 3 2 2 2 2 1 1 1 1 1 0 0 0 0 0 -1 -1 2 2
0 1 2 1 3 0 0 0 1 1 1 1 1 1 1 2 2 3 3 3 3 3 3 3 4 4 4 4 4 4 4 9 11 15 15 15 15 15 15 15 9 6 5 5 5 5 2 1 1 1 1 0 -1 -1 0
0 -2 -1 -1 1 1 1 -1 -1 0 1 2 2 2 3 3 5 3 6 6 6 6 6 6 6 9 15 15 15 15 15 15 15 12 10 6 6 5 4 2 2 2 3 3 1 1 0 1 0 0 0 1 1 1 1
1 1 0 0 0 1 1 0 0 1 1 0 0 2 2 3 5 5 5 5 5 5 2 2 2 2 2 2 2 2 2 12 13 13 13 13 13 13 10 5 4 2 2 2 2 0 2 1 1 0 0 1 1 1 0
-1 -1 0 0 1 1 1 1 1 1 0 1 2 2 1 1 3 3 3 3 3 7 7 10 10 13 13 13 9 5 5 4 4 1 0 0 0 0 0 0 0 0 -1 0 0 2 0 0 0 -1 0 1 2 2 1
5 4 2 2 2 2 3 4 4 4 6 9 11 13 17 17 15 7 4 3 2 2 2 2 1 1 2 2 2 2 1 1 0 1 2 3 3 3 3 3 1 3 3 3 2 2 2 1 1 2 2 2 2 2 2
1 2 1 1 1 3 3 3 3 3 4 4 6 9 15 18 18 8 4 4 2 2 2 1 2 1 1 1 1 1 2 1 2 2 2 2 2 2 1 1 1 0 1 1 1 2 1 2 1 3 2 2 2 2 2
0 0 3 3 3 2 2 2 3 2 3 3 6 13 18 18 11 6 4 2 3 1 2 1 2 1 1 0 1 0 0 1 1 0 0 0 0 0 0 0 0 0 -1 -1 0 1 2 2 1 1 1 1 1 0 -1
0 0 1 1 1 2 2 2 2 2 3 6 7 10 20 32 32 18 12 12 5 1 1 1 1 0 0 0 0 0 -1 0 0 0 1 1 1 -1 1 1 1 2 0 1 1 1 2 2 2 2 2 2 1 1 0
1 -1 -1 0 2 0 1 1 1 1 1 2 1 1 1 4 13 17 29 29 25 15 15 7 5 3 2 2 1 1 1 0 1 1 1 1 2 2 2 0 0 1 1 0 0 -1 -1 -1 -1 1 1 2 2 2 1
 1 1 1 1 1 2 2 2 2 1 2 1 1 1 0 3 5 8 10 10 10 10 25 44 64 95 295 301 301 301 32 9 5 3 3 3 3 3 3 3 3 3 3 2 1 1 1 1 0 0 0 1 1 1 0
0 0 1 2 2 2 1 1 1 1 1 1 1 2 2 5 10 13 19 19 15 5 4 3 3 3 0 0 0 0 0 0 2 2 1 -1 0 -1 0 2 2 1 1 1 1 -1 -1 0 0 1 0 1 1 1 1
1 1 -2 -2 1 1 2 2 4 5 5 5 5 4 4 4 4 4 7 7 11 13 16 20 19 10 5 1 0 0 0 0 0 1 1 1 1 1 1 0 0 0 0 0 0 0 1 -2 0 0 1 1 0 0 0
-1 -1 1 1 -1 -1 1 1 1 1 2 3 2 3 1 1 1 1 4 12 12 5 2 2 0 -1 -1 0 0 1 1 1 1 0 0 0 1 1 1 0 0 0 1 2 2 2 2 2 2 1 1 0 0 0 -1
1 1 2 1 1 0 0 1 3 3 3 3 3 4 3 3 3 5 5 5 5 5 9 16 16 8 4 2 2 2 1 1 2 3 3 1 -1 -1 0 1 0 2 2 3 3 3 2 1 1 1 1 1 1 1 1
0 0 -1 -1 0 1 1 1 1 0 0 0 0 2 2 2 1 1 1 1 1 1 1 2 2 2 2 2 2 2 2 9 15 15 15 15 15 15 15 8 7 3 2 1 2 1 1 0 0 1 1 1 1 -1 -1
0 -1 0 0 1 1 3 3 3 2 2 1 1 5 5 5 8 8 8 7 4 2 2 1 1 1 1 1 1 1 1 0 0 -1 0 -2 -1 -1 -1 1 1 1 1 -1 -1 0 0 0 0 1 1 1 1 0 0
1 1 0 0 0 1 1 -1 -1 -1 1 1 1 2 2 2 3 3 5 5 5 5 5 12 12 9 4 4 2 2 1 1 1 0 1 1 1 1 0 0 1 1 1 1 1 0 -1 -1 0 1 1 1 2 2 1
0 -2 -1 -1 2 2 2 0 1 1 1 1 2 2 2 2 -1 -1 -1 -1 0 2 2 2 2 2 2 11 11 7 4 2 0 1 0 0 -1 -1 0 0 0 2 2 1 0 0 0 -1 0 -1 -1 -1 -2 0 1
1 1 -2 -2 -1 -1 -1 0 1 1 1 1 1 2 2 3 3 6 6 6 9 9 7 4 2 2 2 1 0 0 0 1 1 1 0 0 0 0 0 1 1 0 0 0 0 -1 -1 -1 1 2 2 2 2 -1 0
1 1 1 1 2 2 2 2 2 2 3 4 4 3 3 5 6 6 6 4 4 4 3 3 1 1 1 1 1 2 2 2 3 1 4 1 2 2 3 3 3 2 3 1 1 1 1 1 1 1 1 1 1 1 1
1 1 0 1 0 1 0 0 0 1 1 1 1 2 0 3 2 3 3 3 3 3 3 3 15 15 6 2 2 1 1 1 1 0 2 0 0 0 0 -1 -1 0 0 0 0 0 1 1 1 1 1 1 1 0 1
0 1 2 1 2 3 3 3 3 4 5 4 3 3 4 4 4 9 13 13 9 2 2 2 2 2 1 1 1 1 1 1 1 0 0 1 2 2 3 2 1 1 1 1 1 1 2 2 2 1 1 1 -1 -1 -1
-1 -1 0 0 0 0 2 2 2 2 2 2 2 4 4 2 2 3 3 4 5 7 8 12 12 11 11 6 4 3 3 3 3 2 3 3 3 2 2 2 3 3 3 3 3 2 2 2 2 2 1 1 2 3 3
2 2 2 2 1 1 1 1 2 2 2 0 2 2 2 2 2 2 5 5 5 5 5 5 14 18 18 18 18 18 18 14 9 6 5 5 4 4 4 4 4 3 3 3 4 4 3 2 0 -1 -1 0 0 1 1
1 1 0 1 0 1 1 2 3 3 3 2 2 1 1 5 11 15 15 13 7 3 1 1 1 1 -1 -1 -1 -1 2 0 0 0 -1 0 -1 2 -1 -2 -2 -2 1 1 1 0 -1 -1 -1 -1 0 1 3 3 1
3 2 2 2 1 2 3 3 3 2 2 2 2 5 5 12 18 27 27 26 22 18 18 18 9 7 7 7 7 7 7 2 2 2 2 2 2 2 2 -1 1 1 2 3 2 3 2 2 1 1 2 2 2 0 0
3 2 2 2 2 2 2 2 2 2 2 3 3 10 16 16 11 7 1 1 1 5 3 3 2 2 2 2 2 1 1 1 2 2 2 2 2 2 1 -1 -1 0 2 2 1 1 1 1 2 2 2 4 1 2 2
0 0 1 2 2 2 1 1 1 1 1 2 3 15 15 7 4 2 1 0 0 0 0 1 2 2 1 0 1 0 1 -2 1 1 2 1 2 1 0 0 0 0 0 1 1 1 1 1 1 1 1 1 1 2 2
0 0 0 0 0 0 2 2 2 1 1 1 1 2 1 1 1 5 17 19 19 19 19 19 19 4 3 3 1 0 0 0 0 0 1 1 -1 -1 0 0 0 0 0 -1 -1 -1 0 1 1 1 1 1 1 0 0
1 1 1 2 -2 1 1 1 2 2 2 -1 2 2 3 6 11 20 20 20 8 5 4 3 2 2 1 1 1 2 2 2 2 2 1 1 1 1 2 1 1 1 1 1 0 0 0 0 0 0 0 1 0 2 0
0 0 -2 -2 -1 1 1 1 1 2 2 2 2 2 3 6 8 13 14 14 14 10 6 4 4 3 1 2 0 1 1 1 3 3 3 2 0 0 0 0 0 0 0 0 0 2 2 0 0 0 0 1 1 1 1
1 0 0 -1 -1 -1 -1 1 2 1 2 5 8 14 15 15 8 6 2 -1 2 2 2 1 1 1 1 1 1 1 0 0 0 -1 0 0 0 -1 -3 -1 -1 -1 -1 -2 -2 -2 0 0 0 0 -1 -1 -1 -1 -3
-2 -1 -1 0 2 2 0 0 2 2 2 1 1 1 2 3 9 9 9 16 17 17 17 17 17 17 17 10 3 2 2 2 2 2 2 0 0 1 1 1 -1 -1 -1 -1 -1 -1 0 0 0 -1 -2 -2 -2 -1 0
-1 -1 0 0 0 0 -1 0 -1 1 1 1 2 3 3 1 1 2 2 0 0 6 8 11 11 6 6 4 2 2 2 1 2 -1 0 -2 0 -1 -1 -1 1 1 0 0 -1 -1 -1 -1 -2 -2 -1 -1 -2 -2 -1
0 -1 -1 -1 -1 1 0 1 0 2 2 5 6 12 16 16 10 3 0 0 0 0 -1 -1 -1 0 1 1 1 -1 -1 1 1 -1 -2 -1 0 0 0 -2 -2 -2 1 1 0 0 0 0 0 0 1 0 0 0 0
0 0 0 1 1 0 0 0 0 0 1 4 8 9 16 18 16 14 7 7 6 4 3 1 1 1 1 1 1 -1 -1 0 0 1 1 1 1 1 -1 -1 -1 -1 -1 -1 -5 -5 -2 -1 -1 -2 -2 -2 -2 -2 -2
1 1 2 -1 1 1 2 3 3 2 1 2 2 2 2 3 5 15 15 10 7 5 4 2 2 2 1 1 1 2 3 3 3 1 1 1 0 0 0 0 -1 -1 -1 0 0 -1 -1 -1 -1 -1 0 0 -2 -2 -2
0 0 1 2 2 2 2 2 4 4 4 3 2 2 3 4 8 14 14 13 11 7 6 5 4 5 3 3 3 3 2 1 1 1 1 1 1 2 2 2 1 1 0 0 0 2 2 2 3 3 3 2 2 2 -1
-1 -1 -1 -1 -1 0 2 2 3 0 3 3 3 1 1 4 12 12 8 8 8 8 8 8 8 4 1 1 1 -1 -1 0 0 0 -1 -1 -1 -1 -1 -1 -1 -1 -1 -1 -1 -1 -2 -1 -1 -1 -1 -1 -1 -1 -1
1 1 1 2 2 0 0 0 0 -1 0 2 2 2 2 2 2 4 8 8 3 3 1 1 1 1 0 1 2 2 1 -1 1 1 1 1 0 -1 -1 -1 -1 -1 0 0 0 0 0 0 0 0 0 -1 1 -1 -1
-1 0 0 0 0 1 0 0 0 1 1 1 1 0 3 1 1 1 1 1 1 1 1 2 4 4 4 4 4 4 4 17 21 21 21 21 21 21 15 8 7 4 4 3 3 2 2 2 2 1 2 2 2 0 0
1 1 1 -1 -1 -1 1 1 2 0 2 0 2 2 2 0 0 0 0 0 0 0 2 7 7 7 7 7 7 11 13 17 17 17 17 17 17 9 7 5 3 3 2 2 1 1 1 1 2 1 1 1 1 3 1
2 0 0 0 0 0 2 2 1 1 1 2 2 2 3 4 5 5 5 5 5 5 5 2 2 4 4 4 4 4 4 4 15 27 27 20 20 20 20 14 11 7 6 6 6 4 4 4 4 3 2 2 2 1 1
0 1 1 1 0 0 0 -1 0 0 0 0 0 1 2 2 2 2 -1 -1 0 1 1 1 2 2 1 0 0 0 1 3 3 3 3 3 1 1 1 1 1 3 7 7 7 11 12 15 15 7 6 5 2 2 2
1 0 0 0 0 0 0 0 0 1 1 2 3 4 4 1 1 1 1 1 1 0 0 4 4 4 4 4 4 4 11 17 17 17 17 17 17 17 15 6 5 3 3 3 -1 -1 1 2 2 0 0 1 1 -1 -1
0 0 0 0 0 0 0 1 1 1 1 1 1 1 2 2 1 1 1 3 4 4 4 4 4 4 12 12 12 12 12 12 12 6 4 4 2 1 1 1 2 2 1 1 1 1 1 1 1 1 1 1 1 1 0
1 1 1 1 -1 -1 2 2 2 2 2 1 1 3 3 2 0 0 0 0 0 2 2 2 2 2 2 14 21 21 21 21 21 21 21 8 7 2 2 2 2 2 2 2 0 1 1 3 3 1 1 1 2 2 2
1 1 0 1 0 1 1 1 1 0 0 0 1 1 1 1 1 1 1 1 1 1 2 2 2 2 2 2 2 10 21 21 21 21 21 21 12 6 6 5 2 2 2 2 2 2 3 3 1 0 -1 -1 -1 -1 0
1 1 1 1 1 1 1 -1 1 0 1 2 3 2 3 2 1 0 0 0 0 2 2 2 2 2 2 2 2 10 21 21 21 21 21 21 21 21 11 11 11 7 4 3 -1 -1 1 2 1 0 0 -1 1 1 1
1 2 1 1 0 1 1 1 1 1 1 1 1 1 2 2 2 3 3 3 3 3 3 3 16 26 26 23 20 20 20 20 12 5 3 3 3 3 3 3 0 0 0 0 0 1 1 1 1 1 0 0 0 0 0
0 0 0 1 1 2 1 0 0 1 1 1 1 2 2 2 2 2 2 2 2 4 4 4 4 4 4 4 8 9 9 9 9 9 9 9 21 23 23 23 23 23 23 23 18 14 14 14 14 14 14 10 6 5 5
2 1 1 1 0 1 -1 1 -1 2 0 3 0 0 0 2 6 6 6 6 6 6 8 10 10 10 10 10 10 19 19 19 19 19 19 19 19 14 14 14 14 14 14 14 12 11 11 9 8 6 6 5 4 4 4
0 0 0 0 2 1 1 1 1 0 0 2 2 2 3 4 7 7 7 7 7 7 12 12 12 12 12 12 12 18 18 18 18 18 18 18 16 16 16 16 16 16 16 11 10 8 8 8 6 4 4 4 3 3 2
-1 1 1 1 1 1 1 1 0 3 1 3 3 3 6 8 8 8 8 8 9 10 9 8 8 8 8 6 3 3 3 3 3 1 1 1 1 1 2 1 2 1 1 0 0 0 -1 -1 -1 0 2 1 1 -1 -1
1 1 3 1 1 1 1 1 1 2 1 2 2 2 2 3 5 5 5 5 5 5 5 8 14 14 14 14 14 14 14 17 17 17 17 17 17 15 14 14 14 14 14 14 11 10 10 6 6 5 4 4 1 1 3
0 0 0 0 1 2 1 0 0 1 1 1 4 4 4 3 5 5 5 5 3 3 4 4 2 2 2 2 2 2 2 2 3 2 2 2 2 1 1 1 0 1 1 1 1 1 0 1 1 1 1 0 -1 -1 -1
0 2 2 3 1 1 1 2 2 2 2 2 2 3 4 4 7 7 7 7 6 8 9 9 7 5 5 5 4 5 5 5 5 5 4 3 2 2 2 2 2 2 1 1 1 2 2 1 0 0 0 2 0 0 0
1 1 1 0 0 1 1 -1 -1 -1 1 1 1 1 4 4 4 4 4 4 4 4 4 7 7 7 7 7 7 7 8 11 11 11 11 11 11 11 11 10 8 8 8 8 8 8 8 7 7 5 5 5 5 4 4
1 1 3 3 3 1 1 1 1 1 1 2 0 2 3 3 3 3 5 5 5 5 5 5 5 6 6 5 5 5 5 5 5 5 8 8 7 6 5 5 5 6 3 3 3 4 4 4 4 3 3 3 3 1 1
1 1 1 1 2 2 0 -1 -1 1 1 4 3 3 3 3 4 6 6 8 8 8 7 5 5 4 6 5 5 5 3 5 5 6 6 1 1 2 2 2 1 1 1 0 0 0 0 0 2 2 1 1 1 1 1
-1 -1 -1 -1 0 0 0 0 0 2 2 2 2 2 3 4 4 4 6 6 6 6 6 6 7 8 9 9 9 9 9 9 9 9 8 8 6 6 5 4 4 4 4 4 4 2 2 1 3 1 3 1 1 1 2
1 1 2 1 1 1 0 -1 -1 1 1 1 0 4 2 2 0 0 0 0 0 0 4 4 4 4 4 4 4 6 9 9 9 8 7 6 4 4 4 2 2 4 4 3 2 2 0 0 1 1 2 2 2 2 2
1 3 0 0 0 0 0 2 3 3 2 2 2 2 5 5 7 5 5 5 4 4 4 4 3 3 3 3 4 1 2 2 2 2 1 2 0 0 0 2 2 0 0 2 2 0 0 0 0 1 1 2 2 2 -1
1 1 0 1 3 3 2 1 2 2 3 2 3 2 3 3 6 6 6 6 6 6 4 4 4 4 4 4 8 8 8 8 8 8 8 7 5 5 5 4 2 2 2 2 4 4 3 3 3 2 2 1 1 1 0
0 0 1 1 0 0 1 2 2 2 2 3 3 3 4 7 7 7 7 8 8 8 4 4 2 1 2 1 3 0 1 1 1 1 1 2 2 1 0 1 2 2 2 1 1 0 1 0 0 0 0 1 1 1 1
0 0 1 1 1 0 1 1 1 1 1 2 2 2 3 5 6 6 6 6 6 6 6 6 7 7 6 5 3 0 0 1 2 2 3 2 1 0 0 0 0 0 0 0 0 2 1 1 1 1 0 0 0 0 0
1 2 2 -1 -1 -1 4 4 0 0 2 3 2 2 2 2 3 3 3 3 3 3 3 5 5 5 5 5 5 5 5 5 4 4 4 4 4 4 4 4 3 2 3 1 2 1 0 0 1 5 4 4 2 2 2
1 1 1 0 0 0 2 2 2 2 3 3 2 2 2 3 4 4 4 4 4 4 4 4 4 6 6 6 6 6 6 7 7 6 4 3 2 2 2 2 2 1 0 0 1 1 1 1 1 0 0 -1 -1 1 1
1 1 1 1 0 2 -1 2 0 2 3 3 1 1 2 2 2 2 2 2 2 3 9 9 9 9 9 9 9 9 6 6 6 6 6 6 6 5 2 5 3 3 2 2 2 2 0 1 1 1 1 1 1 1 1
3 0 0 -1 -1 -1 0 2 2 1 1 1 1 1 3 4 4 4 4 4 4 4 4 5 6 12 12 12 12 12 8 8 8 8 8 8 4 2 3 3 3 3 2 2 1 1 1 1 2 2 2 1 1 1 1
2 1 1 1 1 1 1 2 2 1 1 2 3 2 3 5 7 7 6 5 6 5 3 1 1 3 3 3 2 2 2 2 2 2 2 2 2 2 2 1 1 1 2 2 1 1 0 0 0 -1 1 1 1 1 0
-1 -1 -1 -1 -1 -1 0 1 1 -1 -2 -1 0 0 1 1 1 1 1 1 1 5 6 6 6 6 6 6 6 5 5 5 5 5 5 5 1 0 0 0 0 0 0 0 -2 -2 -2 -2 -2 -2 -1 1 2 1 2
0 0 1 1 0 -1 -1 -1 -1 -1 0 1 2 2 0 -2 -2 -2 -2 -2 3 3 3 3 3 3 3 5 6 6 6 6 6 6 6 4 2 2 2 2 2 2 0 -1 -1 -1 -1 -1 -1 -1 -1 -1 -1 0 1
-2 -2 -1 -1 -1 -1 -1 2 1 1 0 0 1 1 1 3 6 6 6 6 6 6 10 10 10 10 6 6 6 6 6 6 6 2 1 -1 -1 -1 0 0 2 2 0 0 0 0 0 0 -1 -1 -1 -2 -2 -2 -2
-2 0 0 0 0 0 0 0 0 -1 0 1 2 2 3 7 8 8 10 8 5 4 4 1 1 1 2 1 0 0 0 0 0 0 0 0 0 0 0 1 0 -2 -2 -1 -1 -1 0 0 -2 -2 -1 0 1 1 1
-1 0 0 0 0 0 -1 -1 -1 0 -1 0 2 3 3 3 5 5 5 5 5 5 7 9 8 8 8 8 8 8 8 7 3 2 2 2 2 1 1 1 1 1 0 0 -1 1 1 1 0 -1 0 -2 0 0 0
0 0 0 0 0 0 -1 -1 1 1 1 0 0 0 1 3 3 2 2 2 2 2 2 9 14 14 14 9 3 3 3 3 3 3 6 6 6 3 1 0 0 0 0 0 0 0 0 1 1 1 1 3 3 1 0
0 1 0 1 1 1 0 -2 0 0 1 1 3 3 2 2 2 2 2 5 10 10 6 4 4 3 1 1 1 0 0 1 1 1 -1 -1 -1 -2 -1 -1 -1 -1 -1 -1 0 -1 -1 -1 -2 -1 -1 -1 -1 -1 0
0 0 1 0 1 1 1 2 1 2 1 2 2 5 5 6 8 9 8 8 5 5 2 2 1 1 1 3 3 1 1 0 2 2 2 1 1 1 -1 -1 2 3 3 1 1 0 0 1 1 4 1 1 1 1 1
1 1 0 0 0 0 0 0 2 2 2 2 3 3 4 6 10 11 12 12 9 9 5 3 2 2 0 0 0 0 1 0 1 1 1 1 0 0 0 0 0 0 1 1 -1 -1 -1 -1 1 1 1 -2 -1 0 0
2 1 1 1 1 1 1 3 2 2 2 1 1 2 4 4 8 10 10 8 7 6 3 3 3 3 2 2 1 1 1 1 0 4 3 3 3 3 3 3 3 0 2 2 2 1 0 0 0 0 0 0 2 2 2
2 2 0 0 0 2 2 0 0 1 2 2 2 5 5 5 7 7 7 7 7 7 7 8 8 8 8 8 8 8 8 8 5 5 3 4 3 4 3 3 3 1 0 0 1 1 2 1 1 1 0 0 0 -1 -1
1 1 1 1 1 0 -1 -1 -1 0 1 1 1 1 1 1 3 4 4 4 9 9 9 8 6 5 3 3 2 0 0 0 1 1 2 2 2 1 1 1 1 2 3 3 2 1 0 0 2 2 1 0 0 0 1
2 1 1 2 2 2 4 4 2 2 2 6 6 6 6 6 5 6 5 4 3 4 4 4 4 3 3 1 1 1 0 3 0 0 0 0 2 2 1 0 -1 0 1 1 0 0 0 1 0 0 0 0 0 0 0
2 1 1 1 1 1 1 1 1 3 2 3 4 5 5 6 7 7 7 8 5 5 5 4 3 3 3 3 3 4 3 3 0 3 1 1 1 2 2 2 2 2 1 0 0 0 1 2 1 1 0 0 1 1 0
-2 -1 -1 -1 1 1 1 1 2 2 2 2 3 3 3 3 3 3 3 3 3 2 1 1 1 1 1 1 1 0 0 1 1 1 1 1 1 1 1 0 0 0 -1 -1 -1 0 0 0 1 0 0 0 -1 0 0
-1 1 1 -2 -2 -2 -2 -2 -1 -1 -1 1 1 1 2 4 4 4 4 4 3 2 2 0 2 1 1 0 0 0 1 0 1 0 0 -1 0 0 1 1 1 1 1 1 1 1 0 0 0 0 0 0 0 0 0
-1 -1 -1 0 0 0 0 0 -1 -1 2 2 3 7 7 6 5 5 3 1 1 1 0 2 0 2 2 2 2 1 1 -2 -2 -2 0 1 1 1 1 0 0 0 -1 -1 1 1 1 1 0 0 0 1 1 1 1
1 0 0 0 0 1 1 1 1 1 2 1 2 3 3 1 1 4 4 4 4 4 4 4 3 3 4 4 4 4 4 4 2 2 1 1 0 -1 -1 0 0 0 0 0 0 0 0 1 1 1 1 1 1 0 0
1 0 0 0 0 0 0 1 1 1 0 1 1 2 2 4 4 4 4 4 4 4 7 7 7 7 7 7 7 11 13 14 14 14 14 14 14 8 8 8 8 8 8 8 5 4 3 3 3 3 1 1 1 1 1
1 1 1 1 1 1 1 0 1 -1 2 2 2 2 2 2 4 6 6 6 6 6 6 10 13 13 13 13 13 13 13 10 9 6 5 4 4 3 3 3 2 2 2 3 2 2 2 3 3 3 2 1 0 1 2
1 1 1 1 1 2 2 3 3 3 4 0 1 1 3 6 6 6 6 6 6 11 11 10 10 10 10 10 10 8 6 4 1 4 2 2 2 2 2 1 1 1 1 1 0 0 0 0 0 0 0 1 1 2 1
0 -1 -1 -1 0 0 2 2 2 1 2 2 3 4 4 4 4 9 9 8 7 6 3 3 3 3 3 3 0 0 0 2 0 2 2 2 1 1 1 1 2 0 0 0 0 0 0 0 1 1 1 1 -1 -1 -1
0 0 2 2 2 2 2 1 1 1 1 1 3 3 5 4 5 5 6 6 7 7 6 5 4 3 3 3 3 0 0 0 0 0 2 1 2 1 2 0 -2 -2 2 2 1 0 1 1 1 1 1 0 1 1 2
0 1 1 1 1 1 1 1 1 1 2 2 2 2 2 5 5 5 5 5 5 5 5 6 6 6 6 6 6 6 6 6 4 4 3 2 3 2 0 0 1 2 1 0 0 2 3 2 2 0 0 0 1 1 0
0 0 1 1 1 2 2 2 3 1 2 2 2 3 3 6 6 8 8 8 8 8 5 4 4 3 3 3 3 2 2 0 0 1 1 1 0 2 2 2 0 0 -1 1 -1 2 2 2 1 -1 1 0 1 1 1
2 2 2 3 3 3 2 2 2 2 2 2 3 4 5 5 8 7 7 5 5 5 2 2 2 3 2 2 2 2 2 2 1 -1 -1 3 3 3 3 3 3 3 2 2 2 0 0 0 1 1 4 4 4 3 3
1 1 -2 -2 -2 0 2 0 2 2 2 3 3 5 4 4 3 3 3 3 3 3 3 1 1 1 1 1 1 1 2 2 2 2 2 2 2 2 2 1 1 1 2 2 2 2 2 2 1 1 2 2 2 1 1
2 2 2 3 3 1 0 0 0 2 2 3 3 3 3 3 5 6 6 6 6 6 6 9 9 9 9 9 9 9 9 9 4 4 4 4 4 4 2 2 2 2 2 2 2 2 2 2 2 3 3 2 2 2 2
0 3 3 2 1 2 2 2 2 1 0 0 1 2 5 3 3 3 3 3 3 3 3 3 5 9 10 15 15 15 15 15 15 11 9 9 9 9 9 9 5 2 2 2 2 2 2 2 3 3 3 3 3 4 2
1 1 1 1 1 2 2 2 0 2 2 2 4 3 3 3 3 4 4 4 4 4 4 10 12 12 12 12 12 12 6 5 5 5 5 5 5 5 3 3 3 3 3 3 3 3 1 3 3 4 4 4 2 2 2
3 2 2 1 1 1 1 1 2 2 2 4 4 4 4 5 6 6 6 6 6 6 6 5 5 5 5 5 5 5 4 4 4 4 4 4 4 4 4 5 5 2 2 1 2 1 2 2 2 3 2 2 2 2 1
2 2 2 1 1 2 2 2 0 1 1 1 3 3 3 3 5 7 7 7 7 7 7 7 7 6 5 4 2 2 2 2 2 2 2 2 2 2 2 2 2 2 1 1 1 1 1 1 2 2 2 2 1 2 2
3 2 1 2 1 1 1 2 2 4 3 3 3 5 5 5 7 7 7 7 5 1 1 2 2 2 -1 -1 1 2 2 2 1 1 1 1 1 2 1 2 1 0 0 2 2 0 0 2 2 4 3 3 3 -2 2
1 1 1 2 2 2 0 0 1 2 1 1 1 3 4 6 7 7 7 7 7 7 12 12 12 12 12 12 12 8 6 6 6 6 6 6 2 2 2 2 2 2 2 2 3 2 0 0 2 2 2 2 3 3 1
0 0 0 1 0 0 0 0 0 0 3 4 4 4 5 6 6 6 6 6 6 6 7 9 9 9 9 9 9 9 4 3 2 2 2 3 3 3 3 2 1 1 2 2 -1 -1 0 2 4 4 2 2 1 1 0
1 1 1 1 1 0 0 2 2 3 2 3 4 5 5 5 5 5 5 5 5 9 11 11 11 11 11 11 11 11 5 5 4 5 4 4 3 3 3 3 2 2 1 2 1 2 1 2 3 3 3 3 2 2 2
1 1 1 1 2 2 2 2 3 3 4 4 4 4 5 7 8 8 8 8 8 8 8 8 8 8 6 4 4 4 3 3 3 3 3 3 3 3 2 2 2 2 2 2 3 3 1 1 -1 -1 2 2 2 2 1
2 2 2 2 2 1 1 1 2 3 3 3 3 5 5 6 7 7 7 7 7 7 7 7 7 5 5 4 4 3 3 3 4 3 2 2 2 2 2 2 2 2 3 1 1 1 1 1 1 1 1 1 0 2 1
2 2 2 2 2 3 3 3 3 2 3 3 3 4 5 5 8 8 8 8 8 8 8 9 9 9 9 9 9 9 5 5 3 3 3 1 0 1 2 4 4 1 1 1 2 2 2 2 2 2 2 1 3 0 3
2 2 3 2 3 2 4 2 2 2 3 4 4 8 8 6 6 7 7 6 3 3 3 4 3 3 3 2 2 2 3 3 3 2 1 1 1 1 2 2 2 2 2 2 2 2 2 2 1 4 1 1 1 1 3
2 2 2 2 1 1 4 4 3 3 3 5 6 6 5 5 6 8 8 8 4 4 4 4 4 4 4 4 1 1 1 2 2 3 3 3 1 3 3 3 1 1 2 2 2 2 2 2 2 2 2 2 2 1 0
2 2 3 3 3 2 2 2 2 3 3 4 5 6 6 6 8 8 8 7 6 6 4 4 3 3 3 2 1 1 1 1 1 -1 -1 0 1 1 1 1 3 3 0 0 0 1 0 1 1 1 1 1 1 1 0
-1 -1 -1 2 2 2 2 1 1 1 1 1 1 3 3 3 5 9 9 9 9 9 9 11 11 11 10 7 7 7 7 7 7 6 4 4 4 1 1 1 1 -1 -1 -1 0 0 0 0 0 0 1 1 -1 -1 -1
1 1 2 1 1 0 0 3 3 1 1 1 2 3 4 4 10 10 10 10 10 10 10 9 8 6 3 2 1 1 1 3 3 3 2 2 2 1 0 0 1 1 1 0 1 1 1 1 1 1 0 0 0 0 0
0 0 2 2 2 1 2 0 0 0 0 0 0 2 4 4 4 4 4 4 4 4 4 7 7 6 6 6 6 6 6 5 2 2 1 0 0 0 0 1 1 1 1 2 1 2 1 1 1 0 0 0 1 1 1
1 1 1 1 1 3 3 1 1 1 3 2 2 2 4 5 6 6 6 6 6 7 6 3 2 3 2 2 2 1 1 1 1 1 -1 -1 2 2 2 1 1 1 1 2 3 3 2 -1 1 0 0 -1 -1 0 0
0 1 0 1 0 1 1 1 1 2 3 4 4 4 5 5 6 4 6 4 4 4 4 4 2 1 1 -1 2 2 2 2 1 1 1 0 2 2 2 1 0 0 1 1 2 1 1 1 0 0 2 2 2 1 1
0 0 0 1 0 1 1 1 1 1 1 1 1 3 4 5 7 7 7 5 3 3 3 1 1 0 0 0 0 0 0 0 0 1 1 1 1 0 0 0 0 0 1 1 1 -2 0 0 0 0 0 0 0 0 0
2 2 2 1 1 1 1 1 1 1 0 0 0 0 0 0 0 0 0 0 0 2 2 2 2 2 2 2 5 5 5 5 5 5 5 5 4 4 4 1 1 2 3 3 -2 -2 -2 -2 -2 -2 -3 -2 -2 0 1
-1 1 2 1 0 0 0 0 0 1 2 1 2 2 2 6 7 7 7 7 7 7 6 6 6 6 6 6 6 6 4 1 1 1 -1 1 0 0 0 0 0 0 0 1 1 0 -2 -1 -1 -1 -1 -1 -1 1 -1
0 -1 -2 -2 0 0 0 0 0 0 0 0 2 2 4 4 5 5 5 5 5 5 5 8 8 8 8 8 8 8 2 1 1 0 2 -1 1 0 0 0 0 1 1 1 1 1 -1 -2 -2 -2 1 1 -1 -1 -1
0 0 -1 0 0 0 0 0 0 0 0 0 0 1 1 0 0 0 0 0 0 3 5 5 5 5 5 5 10 10 10 10 10 10 10 6 1 1 1 1 1 1 1 0 0 0 1 1 0 0 -2 -1 -1 -1 -1
0 -1 -1 -1 0 -1 -1 -1 -1 -1 -1 1 1 1 3 3 1 1 1 1 1 1 1 1 1 1 1 1 1 -1 -1 -1 -1 0 0 -1 -1 -1 -1 -2 -3 -3 -2 -1 -2 -2 -2 -1 -1 -1 -1 -1 -1 -1 -1
-2 -1 0 0 0 -2 -2 -2 -1 0 2 2 2 1 3 3 3 3 3 3 3 3 4 4 4 4 4 4 4 4 0 0 0 0 0 0 0 0 -1 -1 -1 -1 -1 -1 -1 -1 -1 -1 0 -1 0 -1 0 0 0
